160,18,170,18,170,44,160,44
168,17,214,17,214,34,168,34
29,21,61,21,61,34,29,34
17,22,32,22,32,34,17,34
90,24,110,24,110,34,90,34
272,22,322,24,322,34,271,33
338,22,350,22,350,33,338,33
348,22,358,22,358,33,348,33
356,22,366,22,366,34,356,34
109,25,117,25,117,34,109,34
124,25,136,25,136,34,124,34
229,25,260,25,260,34,229,34
333,25,341,25,341,34,333,34
214,35,283,34,284,45,214,46
325,34,352,34,352,45,325,45
298,34,321,34,321,46,298,46
320,36,326,36,326,45,320,45
140,37,149,37,149,46,140,46
148,37,154,37,154,45,148,45
153,37,161,37,161,45,153,45
96,38,109,38,109,46,96,46
108,38,124,38,124,46,108,46
166,38,193,38,193,45,166,45
349,37,364,37,364,52,349,52
108,45,114,45,114,56,108,56
149,46,170,46,170,56,149,56
280,45,290,45,290,56,280,56
194,46,261,46,261,68,194,68
289,48,298,48,298,56,289,56
297,48,305,48,305,56,297,56
304,48,328,48,328,56,304,56
326,48,334,48,334,56,326,56
81,49,92,49,92,57,81,57
113,49,122,49,122,57,113,57
120,48,130,48,130,62,120,62
169,49,177,49,177,56,169,56
181,57,198,57,198,68,181,68
197,58,206,58,206,66,197,66
260,58,268,58,268,66,260,66
281,58,308,58,308,68,281,68
92,60,116,60,116,69,92,69
138,60,153,60,153,68,138,68
152,60,160,60,160,68,152,68
158,60,168,60,168,68,158,68
320,60,346,60,346,68,320,68
345,60,354,60,354,68,345,68
353,60,368,60,368,68,353,68
92,70,127,68,128,78,93,80
176,69,214,69,214,80,176,80
256,69,285,69,285,78,256,78
164,70,177,70,177,78,164,78
222,70,237,70,237,78,222,78
297,70,310,70,310,80,297,80
308,69,328,69,328,82,308,82
326,70,344,70,344,78,326,78
342,69,354,69,354,80,342,80
126,72,145,72,145,81,126,81
81,81,89,81,89,88,81,88
100,79,123,84,121,96,98,91
121,82,133,82,133,90,121,90
218,97,250,97,250,112,218,112
170,103,195,102,196,111,170,113
313,101,346,101,346,116,313,116
194,104,201,104,201,112,194,112
249,104,261,104,261,112,249,112
292,104,301,104,301,112,292,112
300,104,308,104,308,112,300,112
126,105,138,105,138,112,126,112
137,105,145,105,145,113,137,113
258,104,276,104,276,122,258,122
82,113,92,113,92,124,82,124
146,113,154,113,154,122,146,122
234,113,242,113,242,122,234,122
293,112,317,112,317,124,293,124
90,114,105,114,105,124,90,124
104,114,113,114,113,124,104,124
116,114,130,114,130,124,116,124
153,114,161,114,161,122,153,122
160,114,172,114,172,122,160,122
171,112,207,116,206,128,169,125
241,114,254,114,254,122,241,122
220,116,233,116,233,124,220,124
172,133,210,140,208,151,170,145
226,134,242,134,242,146,226,146
241,134,258,134,258,146,241,146
142,137,166,137,166,146,142,146
165,137,173,137,173,145,165,145
208,138,229,136,230,145,209,147
186,156,232,156,232,170,186,170
168,158,184,158,184,168,168,168
134,160,142,160,142,168,134,168
182,170,189,170,189,178,182,178
173,172,184,172,184,180,173,180
190,180,198,180,198,189,190,189
208,180,228,180,228,190,208,190
157,181,181,181,181,190,157,190
226,181,240,181,240,190,226,190
180,182,186,182,186,190,180,190
136,202,144,202,144,212,136,212
142,202,156,202,156,213,142,213
154,204,162,204,162,213,154,213
173,204,218,204,218,213,173,213
217,204,241,204,241,212,217,212
244,205,252,205,252,213,244,213
162,214,176,214,176,224,162,224
182,214,200,214,200,222,182,222
217,214,238,214,238,224,217,224
156,216,162,216,162,225,156,225
238,216,249,216,249,224,238,224
148,217,156,217,156,224,148,224
134,222,157,222,157,234,134,234
154,224,165,224,165,234,154,234
164,225,186,225,186,236,164,236
192,225,228,225,228,234,192,234
123,258,145,256,146,266,124,268
240,260,263,256,265,266,241,270
262,257,277,257,277,266,262,266
276,256,293,256,293,266,276,266
116,258,125,258,125,266,116,266
163,256,227,261,226,272,162,267
336,276,353,276,353,290,336,290
173,280,184,280,184,290,173,290
197,280,212,280,212,290,197,290
212,278,225,278,225,290,212,290
222,278,234,278,234,290,222,290
261,278,273,278,273,290,261,290
316,280,325,280,325,289,316,289
325,280,338,280,338,289,325,289
352,280,372,280,372,290,352,290
138,281,158,281,158,289,138,289
157,281,165,281,165,289,157,289
164,281,172,281,172,289,164,289
182,281,198,281,198,290,182,290
233,281,244,281,244,290,233,290
272,281,288,281,288,290,272,290
372,281,385,281,385,290,372,290
293,282,308,282,308,290,293,290
162,292,170,292,170,301,162,301
181,290,193,290,193,301,181,301
192,292,200,292,200,301,192,301
274,292,294,292,294,301,274,301
306,292,325,292,325,301,306,301
333,290,364,290,364,309,333,309
361,290,372,290,372,301,361,301
149,293,157,293,157,301,149,301
156,293,164,293,164,301,156,301
170,293,177,293,177,301,170,301
254,293,265,293,265,301,254,301
268,293,276,293,276,301,268,301
294,293,304,293,304,301,294,301
370,293,382,293,382,301,370,301
322,298,334,298,334,310,322,310
188,302,194,302,194,310,188,310
304,302,320,302,320,312,304,312
169,304,184,304,184,312,169,312
182,304,189,304,189,312,182,312
290,304,305,304,305,312,290,312
212,313,237,311,237,321,213,323
158,313,168,313,168,322,158,322
174,312,198,312,198,324,174,324
206,313,214,313,214,322,206,322
142,314,160,314,160,322,142,322
166,314,174,314,174,324,166,324
197,314,205,314,205,322,197,322
217,334,240,334,240,346,217,346
172,337,181,337,181,345,172,345
186,337,209,337,209,346,186,346
208,336,220,336,220,346,208,346
189,348,209,348,209,356,189,356
209,348,228,348,228,358,209,358
226,348,242,348,242,357,226,357
154,358,178,358,178,368,154,368
186,357,201,357,201,369,186,369
200,358,210,358,210,368,200,368
248,358,272,358,272,368,248,368
177,360,185,360,185,368,177,368
212,359,231,361,230,370,211,368
228,358,249,358,249,370,228,370
240,380,261,380,261,390,240,390
206,381,213,381,213,389,206,389
216,380,232,380,232,394,216,394
228,380,241,380,241,396,228,396
238,390,248,390,248,401,238,401
198,392,212,392,212,400,198,400
246,392,260,392,260,400,246,400
273,392,310,392,310,400,273,400
185,393,193,393,193,400,185,400
258,393,270,393,270,401,258,401
245,398,260,398,260,410,245,410
209,402,236,402,236,412,209,412
234,402,248,402,248,412,234,412
193,404,201,404,201,412,193,412
