142,0,153,0,153,2,142,2
81,16,89,16,89,24,81,24
88,16,96,16,96,24,88,24
94,16,104,16,104,24,94,24
102,16,110,16,110,24,102,24
149,16,158,16,158,24,149,24
158,16,168,16,168,24,158,24
198,16,229,16,229,24,198,24
278,16,298,16,298,24,278,24
333,16,353,16,353,25,333,25
58,17,69,17,69,24,58,24
68,17,76,17,76,21,68,21
128,17,146,17,146,24,128,24
244,17,258,17,258,24,244,24
258,17,270,17,270,24,258,24
310,17,325,17,325,24,310,24
326,17,334,17,334,24,326,24
352,17,358,17,358,25,352,25
357,16,374,19,372,27,356,24
98,26,118,26,118,33,98,33
58,28,80,28,80,33,58,33
86,42,105,42,105,48,86,48
89,58,104,58,104,62,89,62
28,93,41,93,41,102,28,102
41,93,50,93,50,101,41,101
73,93,81,93,81,101,73,101
147,94,166,92,167,98,148,100
236,93,244,93,244,101,236,101
80,94,97,94,97,101,80,101
97,94,117,94,117,100,97,100
132,94,148,94,148,100,132,100
196,94,210,94,210,101,196,101
209,94,230,94,230,101,209,101
252,94,260,94,260,102,252,102
260,94,269,94,269,100,260,100
304,94,313,94,313,100,304,100
276,96,286,96,286,104,276,104
332,96,346,96,346,102,332,102
349,94,364,94,364,106,349,106
78,105,86,105,86,112,78,112
85,105,114,105,114,112,85,112
113,105,129,105,129,110,113,110
166,105,182,105,182,110,166,110
137,106,145,106,145,113,137,113
150,106,158,106,158,114,150,114
90,117,109,115,110,122,90,124
108,116,116,116,116,122,108,122
138,116,185,116,185,124,138,124
234,116,290,116,290,125,234,125
294,116,306,116,306,124,294,124
317,116,341,116,341,125,317,125
358,116,366,116,366,124,358,124
366,116,374,116,374,122,366,122
81,117,92,117,92,124,81,124
212,117,225,117,225,124,212,124
340,117,348,117,348,124,340,124
74,118,82,118,82,134,74,134
102,126,110,126,110,134,102,134
109,126,121,126,121,133,109,133
134,126,152,126,152,134,134,134
174,126,185,126,185,133,174,133
208,126,222,126,222,136,208,136
280,126,292,126,292,133,280,133
309,126,328,126,328,134,309,134
334,126,344,126,344,133,334,133
354,126,364,126,364,133,354,133
362,126,372,126,372,133,362,133
377,126,386,126,386,134,377,134
81,128,97,128,97,134,81,134
150,128,160,128,160,134,150,134
158,128,176,128,176,134,158,134
224,128,234,128,234,134,224,134
238,128,252,128,252,134,238,134
260,128,270,128,270,134,260,134
293,128,310,128,310,134,293,134
72,158,88,158,88,168,72,168
101,158,116,158,116,168,101,168
114,157,148,161,147,169,114,166
217,160,232,160,232,168,217,168
237,160,249,160,249,168,237,168
248,160,256,160,256,168,248,168
254,160,262,160,262,166,254,166
270,160,290,160,290,168,270,168
289,160,297,160,297,168,289,168
325,160,350,160,350,172,325,172
145,161,154,161,154,177,145,177
164,161,173,161,173,168,164,168
172,161,181,161,181,168,172,168
190,161,208,161,208,168,190,168
230,161,238,161,238,168,230,168
309,161,317,161,317,168,309,168
348,160,362,160,362,172,348,172
66,169,78,169,78,178,66,178
138,169,146,169,146,177,138,177
294,169,309,169,309,178,294,178
77,170,92,170,92,177,77,177
114,170,122,170,122,176,114,176
161,170,177,170,177,178,161,178
208,170,225,170,225,178,208,178
242,170,250,170,250,180,242,180
249,170,266,170,266,178,249,178
280,170,288,170,288,178,280,178
288,170,296,170,296,178,288,178
92,172,104,172,104,186,92,186
126,172,140,172,140,178,126,178
189,181,202,181,202,189,189,189
212,181,218,181,218,189,212,189
228,181,237,181,237,189,228,189
68,182,78,182,78,189,68,189
158,192,182,192,182,200,158,200
66,193,77,193,77,201,66,201
118,193,138,193,138,201,118,201
190,193,200,193,200,200,190,200
198,193,208,193,208,200,198,200
206,193,237,193,237,201,206,201
241,193,249,193,249,201,241,201
272,193,282,193,282,201,272,201
284,193,292,193,292,200,284,200
77,194,97,194,97,200,77,200
152,194,160,194,160,201,152,201
49,213,57,213,57,221,49,221
84,212,94,212,94,222,84,222
172,215,204,212,205,222,173,225
145,213,160,213,160,224,145,224
344,214,357,214,357,222,344,222
93,214,109,214,109,228,93,228
108,216,116,216,116,228,108,228
114,216,128,216,128,224,114,224
158,216,166,216,166,224,158,224
209,216,230,216,230,222,209,222
238,216,268,216,268,224,238,224
274,216,300,216,300,224,274,224
298,216,306,216,306,224,298,224
305,216,320,216,320,224,305,224
334,216,345,216,345,222,334,222
356,216,369,216,369,221,356,221
65,225,86,225,86,233,65,233
162,225,204,225,204,233,162,233
209,226,254,221,255,233,211,238
314,225,342,225,342,233,314,233
360,225,370,225,370,233,360,233
369,225,381,225,381,233,369,233
110,226,124,226,124,234,110,234
153,226,162,226,162,240,153,240
306,226,314,226,314,234,306,234
72,238,105,222,115,242,82,259
129,228,138,228,138,232,129,232
294,228,301,228,301,238,294,238
384,236,392,236,392,242,384,242
116,237,132,237,132,252,116,252
78,246,93,246,93,254,78,254
229,246,245,246,245,256,229,256
138,248,148,248,148,256,138,256
146,248,154,248,154,256,146,256
153,248,161,248,161,256,153,256
168,248,177,248,177,256,168,256
177,248,190,248,190,253,177,253
190,248,210,248,210,254,190,254
281,248,296,248,296,254,281,254
334,248,344,248,344,256,334,256
342,248,357,248,357,256,342,256
69,249,78,249,78,253,69,253
244,249,262,249,262,254,244,254
301,249,318,249,318,258,301,258
317,249,332,249,332,256,317,256
357,249,365,249,365,256,357,256
65,258,76,258,76,266,65,266
93,258,120,258,120,265,93,265
143,260,165,257,166,266,144,269
188,258,197,258,197,264,188,264
197,258,206,258,206,266,197,266
164,260,178,260,178,265,164,265
205,260,220,260,220,265,205,265
253,260,265,260,265,265,253,265
276,260,290,260,290,268,276,268
289,260,306,260,306,268,289,268
121,261,134,261,134,266,121,266
233,261,244,261,244,266,233,266
13,290,24,290,24,298,13,298
22,292,29,292,29,300,22,300
28,292,37,292,37,300,28,300
90,301,106,301,106,309,90,309
106,302,117,302,117,308,106,308
201,302,213,302,213,310,201,310
249,302,266,302,266,310,249,310
300,302,316,302,316,310,300,310
314,302,322,302,322,310,314,310
348,302,368,302,368,310,348,310
117,304,126,304,126,318,117,318
142,304,152,304,152,310,142,310
150,304,161,304,161,308,150,308
162,304,174,304,174,312,162,312
173,304,193,304,193,310,173,310
212,304,220,304,220,310,212,310
265,304,273,304,273,310,265,310
226,305,238,305,238,312,226,312
130,313,148,313,148,321,130,321
148,313,156,313,156,320,148,320
86,314,98,314,98,322,86,322
97,314,113,314,113,321,97,321
169,333,177,333,177,342,169,342
126,334,133,334,133,342,126,342
206,334,224,334,224,344,206,344
105,336,114,336,114,344,105,344
113,336,121,336,121,344,113,344
133,336,145,336,145,342,133,342
154,336,162,336,162,342,154,342
161,336,170,336,170,342,161,342
186,336,206,336,206,344,186,344
97,337,105,337,105,346,97,346
70,369,80,369,80,377,70,377
104,369,121,369,121,377,104,377
120,369,144,369,144,377,120,377
169,369,186,369,186,378,169,378
200,369,209,369,209,378,200,378
208,369,217,369,217,377,208,377
161,370,170,370,170,377,161,377
186,370,201,370,201,378,186,378
82,378,92,378,92,388,82,388
222,380,237,380,237,388,222,388
97,381,106,381,106,388,97,388
174,381,192,381,192,388,174,388
209,381,224,381,224,389,209,389
164,382,172,382,172,389,164,389
181,390,208,390,208,398,181,398
206,392,217,392,217,398,206,398
230,392,244,392,244,400,230,400
244,392,252,392,252,400,244,400
250,392,261,392,261,400,250,400
260,392,269,392,269,400,260,400
268,392,276,392,276,400,268,400
274,392,292,392,292,400,274,400
174,393,182,393,182,402,174,402
248,401,262,401,262,410,248,410
262,401,273,401,273,409,262,409
272,401,281,401,281,410,272,410
280,401,288,401,288,409,280,409
286,401,296,401,296,409,286,409
176,404,205,402,205,411,177,413
218,402,228,402,228,410,218,410
228,402,237,402,237,410,228,410
236,402,246,402,246,410,236,410
