148,5,161,5,161,17,148,17
66,6,82,6,82,20,66,20
88,6,98,6,98,17,88,17
125,8,145,8,145,17,125,17
166,8,174,8,174,17,166,17
173,7,194,9,192,19,172,17
49,9,57,9,57,18,49,18
56,8,68,8,68,18,56,18
98,9,108,9,108,17,98,17
112,9,120,9,120,17,112,17
118,9,126,9,126,17,118,17
224,9,244,9,244,18,224,18
201,10,216,10,216,18,201,18
216,10,224,10,224,18,216,18
369,9,380,9,380,20,369,20
250,12,264,12,264,20,250,20
262,13,272,13,272,20,262,20
282,13,296,13,296,21,282,21
297,13,308,13,308,21,297,21
309,13,324,13,324,18,309,18
328,14,370,14,370,24,328,24
150,17,164,17,164,29,150,29
173,18,208,18,208,28,173,28
90,20,104,20,104,28,90,28
110,20,121,20,121,28,110,28
128,20,153,20,153,29,128,29
286,18,329,18,329,30,286,30
104,21,112,21,112,28,104,28
164,21,173,21,173,29,164,29
368,24,380,24,380,33,368,33
334,25,345,25,345,34,334,34
344,23,359,24,357,51,342,50
357,25,368,25,368,33,357,33
109,30,122,30,122,38,109,38
169,32,185,32,185,40,169,40
278,32,290,32,290,41,278,41
122,33,134,33,134,38,122,38
184,33,193,33,193,40,184,40
289,36,305,36,305,41,289,41
306,36,317,36,317,42,306,42
322,36,338,36,338,42,322,42
352,36,365,36,365,48,352,48
108,41,118,41,118,50,108,50
136,40,153,40,153,61,136,61
274,41,286,41,286,52,274,52
289,42,318,42,318,53,289,53
90,44,98,44,98,52,90,52
97,44,108,44,108,50,97,50
128,44,137,44,137,52,128,52
181,42,234,42,234,62,181,62
150,45,160,45,160,60,150,60
242,45,276,45,276,52,242,52
229,46,244,46,244,57,229,57
325,46,337,46,337,54,325,54
110,53,126,53,126,61,110,61
158,53,166,53,166,61,158,61
244,52,262,55,261,64,242,62
284,52,340,53,339,65,283,63
96,54,104,54,104,61,96,61
104,54,112,54,112,70,104,70
125,54,137,54,137,58,125,58
170,54,180,54,180,61,170,61
272,57,285,57,285,65,272,65
97,61,105,61,105,70,97,70
85,64,96,64,96,72,85,72
156,64,176,64,176,73,156,73
110,65,132,65,132,72,110,72
130,65,140,65,140,73,130,73
212,65,226,65,226,73,212,73
186,66,194,66,194,77,186,77
198,66,213,66,213,74,198,74
201,85,233,85,233,96,201,96
177,86,194,86,194,96,177,96
134,88,145,88,145,94,134,94
144,86,156,86,156,97,144,97
161,88,169,88,169,96,161,96
169,88,177,88,177,96,169,96
232,89,240,89,240,96,232,96
170,97,186,97,186,106,170,106
185,97,214,97,214,106,185,106
243,92,281,113,272,130,233,109
141,98,153,98,153,108,141,108
321,97,357,103,355,113,320,107
362,98,384,98,384,109,362,109
161,100,170,100,170,105,161,105
285,101,294,101,294,112,285,112
293,102,313,102,313,108,293,108
313,102,321,102,321,109,313,109
159,109,186,107,187,117,160,119
287,110,309,108,309,118,288,120
308,110,318,110,318,120,308,120
318,110,346,110,346,120,318,120
373,109,384,109,384,120,373,120
188,112,197,112,197,116,188,116
216,112,232,112,232,118,216,118
230,112,250,112,250,118,230,118
346,114,375,112,376,122,346,124
212,118,238,118,238,129,212,129
169,120,192,120,192,129,169,129
192,120,202,120,202,129,192,129
240,119,275,121,274,131,239,129
311,118,352,121,351,132,310,130
201,121,209,121,209,129,201,129
142,122,152,122,152,130,142,130
162,122,170,122,170,130,162,130
294,124,312,124,312,132,294,132
282,125,294,125,294,132,282,132
78,138,90,138,90,149,78,149
132,140,164,140,164,150,132,150
176,143,217,138,219,150,177,155
90,142,104,142,104,149,90,149
102,142,116,142,116,149,102,149
310,142,353,143,353,154,310,153
162,144,172,144,172,150,162,150
272,144,286,144,286,152,272,152
357,144,377,144,377,153,357,153
217,145,230,145,230,152,217,152
238,145,254,145,254,152,238,152
253,145,264,145,264,152,253,152
293,145,312,145,312,153,293,153
86,150,102,150,102,160,86,160
126,153,185,153,185,162,126,162
192,153,206,153,206,161,192,161
241,153,252,153,252,162,241,162
256,153,292,153,292,164,256,164
105,154,117,154,117,160,105,160
345,151,368,156,365,169,342,164
210,156,242,156,242,168,210,168
290,157,308,157,308,164,290,164
308,157,340,157,340,165,308,165
74,296,82,296,82,304,74,304
81,296,90,296,90,304,81,304
109,296,128,296,128,305,109,305
133,296,145,296,145,305,133,305
154,295,174,297,173,307,153,305
173,296,181,296,181,306,173,306
186,296,206,296,206,305,186,305
94,297,108,297,108,304,94,304
284,294,337,302,335,315,283,307
212,300,226,300,226,306,212,306
232,300,277,300,277,308,232,308
337,302,349,302,349,308,337,308
101,306,125,306,125,316,101,316
124,306,157,307,157,317,123,315
158,306,169,306,169,317,158,317
168,308,176,308,176,317,168,317
229,308,249,308,249,318,229,318
268,309,293,309,293,317,268,317
189,310,200,310,200,317,189,317
198,310,212,310,212,317,198,317
210,310,230,310,230,317,210,317
318,310,328,310,328,320,318,320
248,312,256,312,256,317,248,317
333,312,346,312,346,320,333,320
297,313,305,313,305,318,297,318
305,313,318,313,318,320,305,320
118,317,125,317,125,325,118,325
144,318,162,318,162,328,144,328
86,320,96,320,96,328,86,328
94,320,114,320,114,328,94,328
130,320,145,320,145,328,130,328
241,320,289,320,289,329,241,329
297,318,335,320,334,332,297,330
77,321,88,321,88,328,77,328
176,322,184,322,184,326,176,326
80,330,106,330,106,338,80,338
149,330,165,330,165,338,149,338
109,332,142,332,142,338,109,338
257,332,272,332,272,341,257,341
276,332,305,332,305,341,276,341
204,333,217,333,217,342,204,342
218,333,226,333,226,340,218,340
313,333,336,333,336,342,313,342
162,334,172,334,172,349,162,349
248,334,257,334,257,338,248,338
126,337,137,337,137,349,126,349
108,340,129,340,129,349,108,349
136,341,144,341,144,349,136,349
170,341,185,341,185,350,170,350
142,342,157,342,157,352,142,352
82,341,119,346,116,365,79,360
201,344,216,344,216,349,201,349
217,344,226,344,226,352,217,352
225,343,252,345,251,351,225,349
254,345,266,345,266,352,254,352
274,345,290,345,290,354,274,354
289,344,305,346,305,354,288,352
334,345,361,345,361,353,334,353
360,345,380,345,380,353,360,353
304,346,336,346,336,354,304,354
378,348,386,348,386,354,378,354
114,350,138,350,138,364,114,364
149,353,188,353,188,364,149,364
93,369,112,369,112,382,93,382
109,370,128,370,128,384,109,384
76,373,89,373,89,382,76,382
140,374,160,374,160,384,140,384
158,376,168,376,168,384,158,384
182,377,194,377,194,384,182,384
194,377,205,377,205,384,194,384
205,377,214,377,214,384,205,384
213,377,222,377,222,385,213,385
221,377,230,377,230,385,221,385
306,377,321,377,321,385,306,385
326,377,374,377,374,388,326,388
372,376,382,376,382,386,372,386
238,378,254,378,254,385,238,385
273,378,288,378,288,389,273,389
286,378,308,378,308,386,286,386
381,380,394,380,394,388,381,388
