356,13,362,13,362,24,356,24
366,13,377,13,377,22,366,22
344,14,352,14,352,24,344,24
361,14,368,14,368,22,361,22
376,14,382,14,382,22,376,22
54,16,66,16,66,22,54,22
80,16,90,16,90,22,80,22
89,16,105,16,105,24,89,24
124,16,144,16,144,22,124,22
254,16,269,16,269,22,254,22
269,16,282,16,282,22,269,22
289,16,298,16,298,22,289,22
298,16,306,16,306,22,298,22
305,16,313,16,313,24,305,24
318,16,338,16,338,22,318,22
350,16,357,16,357,24,350,24
382,16,393,16,393,22,382,22
204,17,217,17,217,21,204,21
98,25,118,25,118,32,98,32
56,26,70,26,70,32,56,32
70,26,80,26,80,33,70,33
69,41,101,41,101,46,69,46
300,42,314,42,314,46,300,46
76,52,96,52,96,56,76,56
93,57,102,57,102,62,93,62
30,81,38,81,38,90,30,90
38,81,46,81,46,90,38,90
44,80,57,80,57,92,44,92
73,92,120,92,120,105,73,105
246,92,292,92,292,101,246,101
143,94,191,92,192,101,144,102
305,93,317,93,317,102,305,102
316,93,324,93,324,102,316,102
324,93,330,93,330,101,324,101
381,92,402,92,402,112,381,112
342,94,358,94,358,102,342,102
366,94,382,94,382,101,366,101
210,96,228,96,228,101,210,101
96,102,126,102,126,113,96,113
374,102,382,102,382,113,374,113
89,104,97,104,97,113,89,113
138,104,146,104,146,113,138,113
145,104,180,104,180,113,145,113
202,105,220,105,220,113,202,113
248,105,256,105,256,113,248,113
254,105,262,105,262,113,254,113
305,105,341,105,341,121,305,121
358,105,376,105,376,113,358,113
101,114,118,114,118,124,101,124
180,114,189,114,189,122,180,122
196,114,205,114,205,122,196,122
333,113,356,117,353,130,331,126
370,113,385,113,385,128,370,128
172,116,180,116,180,121,172,121
209,116,220,116,220,124,209,124
218,116,228,116,228,124,218,124
252,116,281,116,281,124,252,124
285,116,300,116,300,124,285,124
316,116,324,116,324,124,316,124
353,116,368,116,368,124,353,124
389,116,405,116,405,124,389,124
404,116,412,116,412,124,404,124
126,137,144,137,144,146,126,146
184,137,225,137,225,146,184,146
350,137,361,137,361,145,350,145
360,137,369,137,369,145,360,145
369,137,398,137,398,146,369,146
81,138,96,138,96,146,81,146
94,138,102,138,102,146,94,146
142,138,150,138,150,146,142,146
149,138,161,138,161,146,149,146
248,138,256,138,256,146,248,146
278,138,305,138,305,146,278,146
292,137,321,137,321,157,292,157
333,138,341,138,341,146,333,146
332,137,350,137,350,160,332,160
102,148,116,148,116,157,102,157
209,148,246,148,246,157,209,157
356,146,370,146,370,157,356,157
77,149,88,149,88,157,77,157
86,149,104,149,104,157,86,157
146,149,160,149,160,157,146,157
196,149,205,149,205,161,196,161
204,149,210,149,210,158,204,158
270,149,281,149,281,158,270,158
278,148,293,148,293,164,278,164
320,149,328,149,328,157,320,157
369,149,385,149,385,160,369,160
242,149,254,149,254,164,242,164
65,169,78,169,78,178,65,178
89,169,106,169,106,178,89,178
113,169,122,169,122,178,113,178
158,169,168,169,168,177,158,177
190,169,198,169,198,177,190,177
197,169,206,169,206,177,197,177
262,169,286,169,286,178,262,178
121,170,130,170,130,178,121,178
129,170,140,170,140,178,129,178
145,170,158,170,158,178,145,178
180,170,189,170,189,178,180,178
224,170,233,170,233,178,224,178
232,170,241,170,241,178,232,178
240,170,249,170,249,178,240,178
296,170,304,170,304,178,296,178
302,170,312,170,312,178,302,178
312,170,322,170,322,178,312,178
278,180,301,180,301,189,278,189
96,181,108,181,108,189,96,189
113,181,138,181,138,190,113,190
170,181,184,181,184,189,170,189
186,181,196,181,196,189,186,189
206,181,216,181,216,189,206,189
214,181,233,181,233,190,214,190
246,181,256,181,256,190,246,190
254,181,265,181,265,189,254,189
264,181,272,181,272,189,264,189
301,181,309,181,309,189,301,189
86,182,96,182,96,190,86,190
138,182,145,182,145,190,138,190
144,182,152,182,152,189,144,189
132,190,140,190,140,198,132,198
140,190,158,190,158,200,140,200
100,192,109,192,109,200,100,200
109,192,118,192,118,198,109,198
240,192,248,192,248,201,240,201
297,192,306,192,306,200,297,200
354,192,362,192,362,201,354,201
176,193,184,193,184,200,176,200
184,193,193,193,193,201,184,201
193,193,201,193,201,201,193,201
221,193,240,193,240,201,221,201
260,193,268,193,268,201,260,201
269,193,280,193,280,201,269,201
278,193,290,193,290,201,278,201
306,193,316,193,316,201,306,201
314,193,330,193,330,202,314,202
336,193,346,193,346,200,336,200
345,193,354,193,354,200,345,200
109,202,118,202,118,210,109,210
165,202,176,202,176,210,165,210
206,202,216,202,216,210,206,210
322,202,330,202,330,212,322,212
329,201,348,201,348,212,329,212
89,204,109,204,109,212,89,212
126,204,142,204,142,212,126,212
142,204,161,204,161,212,142,212
174,204,184,204,184,210,174,210
184,204,193,204,193,210,184,210
214,204,225,204,225,212,214,212
224,204,236,204,236,212,224,212
245,204,254,204,254,212,245,212
258,204,277,204,277,212,258,212
65,205,74,205,74,212,65,212
306,205,320,205,320,213,306,213
289,206,306,206,306,214,289,214
64,222,81,222,81,234,64,234
352,225,361,225,361,242,352,242
360,224,385,224,385,246,360,246
140,226,149,226,149,234,140,234
170,226,180,226,180,234,170,234
180,226,197,226,197,234,180,234
220,226,238,226,238,234,220,234
256,226,264,226,264,236,256,236
318,226,341,226,341,234,318,234
340,226,352,226,352,234,340,234
77,228,88,228,88,244,77,244
86,228,94,228,94,240,86,240
105,228,113,228,113,234,105,234
128,226,141,226,141,245,128,245
262,228,274,228,274,234,262,234
300,228,320,228,320,234,300,234
84,237,90,237,90,245,84,245
90,237,109,237,109,245,90,245
108,237,117,237,117,246,108,246
154,237,164,237,164,249,154,249
196,237,205,237,205,245,196,245
245,237,254,237,254,245,245,245
276,237,289,237,289,245,276,245
288,237,308,237,308,246,288,246
314,237,333,237,333,245,314,245
116,238,130,238,130,246,116,246
164,238,180,238,180,246,164,246
204,238,212,238,212,245,204,245
210,237,221,237,221,252,210,252
237,238,246,238,246,245,237,245
220,245,242,248,240,258,218,255
81,248,92,248,92,257,81,257
133,247,155,249,154,262,132,259
269,248,277,248,277,256,269,256
276,248,285,248,285,256,276,256
284,248,298,248,298,257,284,257
310,248,325,248,325,257,310,257
338,248,360,248,360,257,338,257
90,249,112,249,112,257,90,257
154,249,169,249,169,257,154,257
168,249,176,249,176,257,168,257
174,249,189,249,189,256,174,256
188,249,196,249,196,257,188,257
261,249,270,249,270,256,261,256
378,249,393,249,393,257,378,257
392,249,398,249,398,257,392,257
397,249,410,249,410,257,397,257
74,250,82,250,82,257,74,257
104,258,129,258,129,268,104,268
128,258,134,258,134,268,128,268
133,258,142,258,142,268,133,268
213,258,245,258,245,268,213,268
74,260,81,260,81,268,74,268
166,260,178,260,178,268,166,268
206,260,214,260,214,268,206,268
265,260,276,260,276,268,265,268
274,260,296,260,296,268,274,268
314,260,330,260,330,268,314,268
329,260,341,260,341,268,329,268
340,260,362,260,362,268,340,268
361,260,369,260,369,268,361,268
368,260,384,260,384,268,368,268
384,260,392,260,392,268,384,268
81,261,89,261,89,268,81,268
166,268,186,268,186,278,166,278
75,268,96,270,95,280,74,278
136,269,144,269,144,277,136,277
213,269,248,269,248,278,213,278
94,270,110,270,110,278,94,278
206,270,214,270,214,278,206,278
310,280,318,280,318,290,310,290
322,278,340,278,340,290,322,290
69,281,80,281,80,290,69,290
78,281,88,281,88,290,78,290
102,281,117,281,117,289,102,289
133,281,149,281,149,290,133,290
158,281,176,281,176,290,158,290
194,280,216,280,216,305,194,305
245,280,256,280,256,290,245,290
254,281,269,281,269,290,254,290
276,281,290,281,290,290,276,290
349,280,369,280,369,293,349,293
125,282,134,282,134,290,125,290
185,282,192,282,192,290,185,290
190,282,198,282,198,290,190,290
296,282,304,282,304,290,296,290
302,282,310,282,310,290,302,290
342,282,352,282,352,290,342,290
286,290,304,290,304,300,286,300
62,292,82,292,82,301,62,301
97,292,114,292,114,301,97,301
142,292,152,292,152,301,142,301
162,292,180,292,180,300,162,300
249,292,265,292,265,301,249,301
262,290,273,290,273,301,262,301
325,290,340,290,340,306,325,306
128,293,144,293,144,301,128,301
310,293,320,293,320,301,310,301
318,293,328,293,328,301,318,301
189,294,197,294,197,301,189,301
350,313,380,313,380,324,350,324
81,314,89,314,89,324,81,324
88,314,122,314,122,324,88,324
121,314,129,314,129,324,121,324
145,314,164,314,164,325,145,325
161,313,172,313,172,324,161,324
197,314,210,314,210,324,197,324
258,314,292,314,292,324,258,324
388,314,397,314,397,324,388,324
397,314,405,314,405,324,397,324
58,316,68,316,68,324,58,324
182,316,190,316,190,324,182,324
190,316,198,316,198,324,190,324
208,314,222,314,222,332,208,332
312,316,334,316,334,324,312,324
220,317,229,317,229,334,220,334
244,325,252,325,252,334,244,334
302,325,316,325,316,334,302,334
104,328,129,326,129,334,105,336
177,326,186,326,186,334,177,334
185,326,206,326,206,336,185,336
250,326,274,326,274,334,250,334
290,326,304,326,304,336,290,336
80,328,105,328,105,342,80,342
128,328,146,328,146,334,128,334
328,328,346,328,346,336,328,336
344,326,366,326,366,342,344,342
365,328,377,328,377,334,365,334
85,334,96,334,96,348,85,348
78,336,86,336,86,345,78,345
353,336,368,336,368,346,353,346
400,336,408,336,408,345,400,345
262,337,272,337,272,345,262,345
369,336,396,338,395,347,368,345
134,338,144,338,144,346,134,346
148,338,169,338,169,345,148,345
188,338,214,338,214,346,188,346
213,338,237,338,237,346,213,346
270,337,296,340,295,354,269,351
308,338,324,338,324,346,308,346
324,338,340,338,340,346,324,346
406,338,414,338,414,345,406,345
117,340,125,340,125,346,117,346
296,346,305,346,305,357,296,357
316,346,368,346,368,357,316,357
374,345,393,345,393,357,374,357
129,348,144,348,144,357,129,357
142,348,170,348,170,357,142,357
254,346,269,346,269,368,254,368
396,348,408,348,408,356,396,356
76,349,88,349,88,358,76,358
86,349,104,349,104,357,86,357
169,349,184,349,184,357,169,357
218,349,245,349,245,357,218,357
304,349,312,349,312,357,304,357
212,350,220,350,220,357,212,357
124,358,132,358,132,368,124,368
278,358,286,358,286,368,278,368
80,359,100,361,99,370,79,367
100,360,125,360,125,368,100,368
186,360,214,360,214,368,186,368
237,360,258,360,258,368,237,368
265,360,273,360,273,368,265,368
306,360,320,360,320,368,306,368
318,360,357,360,357,368,318,368
357,360,366,360,366,368,357,368
162,361,172,361,172,368,162,368
272,361,280,361,280,368,272,368
90,368,101,368,101,378,90,378
184,366,213,366,213,380,184,380
300,369,306,369,306,377,300,377
72,370,92,370,92,378,72,378
222,370,240,370,240,378,222,378
238,371,275,369,276,378,238,380
348,370,365,370,365,378,348,378
144,372,194,372,194,390,144,390
274,372,282,372,282,380,274,380
301,370,328,370,328,390,301,390
326,372,344,372,344,380,326,380
365,372,373,372,373,380,365,380
364,372,380,372,380,388,364,388
265,380,293,380,293,392,265,392
65,381,93,381,93,390,65,390
258,381,266,381,266,390,258,390
290,380,304,380,304,390,290,390
350,381,366,381,366,390,350,390
92,382,100,382,100,390,92,390
98,382,118,382,118,390,98,390
193,382,201,382,201,390,193,390
326,382,336,382,336,392,326,392
101,392,110,392,110,400,101,400
109,390,120,390,120,401,109,401
344,392,352,392,352,400,344,400
350,392,380,392,380,401,350,401
378,392,390,392,390,401,378,401
120,387,156,401,150,416,115,401
141,393,152,393,152,401,141,401
182,392,230,392,230,410,182,410
256,393,264,393,264,401,256,401
285,393,302,393,302,401,285,401
262,394,280,394,280,408,262,408
278,394,286,394,286,406,278,406
78,402,105,402,105,410,78,410
304,404,339,402,340,412,305,414
338,402,356,402,356,412,338,412
156,405,168,405,168,409,156,409
246,405,269,405,269,412,246,412
377,405,393,405,393,413,377,413
392,405,406,405,406,413,392,413
