254,2,264,2,264,12,254,12
269,2,278,2,278,10,269,10
277,2,286,2,286,10,277,10
285,2,296,2,296,10,285,10
293,1,302,1,302,10,293,10
302,2,310,2,310,10,302,10
309,1,318,1,318,10,309,10
318,2,328,2,328,10,318,10
326,2,334,2,334,10,326,10
96,4,104,4,104,13,96,13
118,4,126,4,126,13,118,13
125,4,144,4,144,13,125,13
142,4,152,4,152,12,142,12
150,4,166,4,166,12,150,12
169,4,178,4,178,12,169,12
177,4,185,4,185,12,177,12
188,4,196,4,196,12,188,12
196,4,205,4,205,12,196,12
204,4,214,4,214,12,204,12
214,4,222,4,222,12,214,12
221,4,230,4,230,12,221,12
229,4,237,4,237,12,229,12
236,4,245,4,245,12,236,12
244,4,253,4,253,12,244,12
262,4,270,4,270,12,262,12
72,5,80,5,80,13,72,13
80,5,89,5,89,13,80,13
88,5,97,5,97,13,88,13
110,5,118,5,118,13,110,13
150,12,210,12,210,20,150,20
212,12,220,12,220,18,212,18
218,12,237,12,237,18,218,18
237,12,252,12,252,17,237,17
254,12,270,12,270,18,254,18
136,13,150,13,150,20,136,20
66,26,78,26,78,34,66,34
73,26,92,26,92,40,73,40
276,30,292,30,292,37,276,37
290,30,302,30,302,38,290,38
306,30,325,30,325,36,306,36
90,32,100,32,100,40,90,40
158,32,166,32,166,41,158,41
238,32,253,32,253,37,238,37
49,33,64,33,64,38,49,38
117,33,138,33,138,38,117,38
150,33,158,33,158,37,150,37
132,41,150,41,150,49,132,49
57,44,72,44,72,49,57,49
64,58,98,58,98,64,64,64
72,68,92,68,92,73,72,73
66,74,81,74,81,80,66,80
362,104,392,104,392,114,362,114
340,105,349,105,349,114,340,114
67,108,99,103,101,116,69,121
348,106,364,106,364,116,348,116
189,108,202,108,202,116,189,116
302,108,312,108,312,114,302,114
98,109,108,109,108,114,98,114
310,109,321,109,321,116,310,116
61,110,69,110,69,117,61,117
174,110,189,110,189,116,174,116
322,110,332,110,332,118,322,118
190,118,202,118,202,128,190,128
113,120,150,120,150,130,113,130
89,121,97,121,97,129,89,129
157,120,176,120,176,130,157,130
182,121,190,121,190,128,182,128
192,120,233,120,233,138,192,138
148,122,157,122,157,133,148,133
104,124,113,124,113,137,104,137
317,129,357,125,358,136,318,139
384,125,396,125,396,138,384,138
361,128,385,128,385,137,361,137
281,129,313,129,313,138,281,138
273,130,282,130,282,140,273,140
81,132,104,132,104,140,81,140
129,132,144,132,144,140,129,140
50,148,72,148,72,164,50,164
350,149,364,149,364,160,350,160
365,148,392,148,392,160,365,160
89,149,104,149,104,162,89,162
326,150,346,150,346,160,326,160
74,150,89,150,89,162,74,162
104,152,116,152,116,161,104,161
116,152,126,152,126,161,116,161
205,152,240,152,240,161,205,161
157,153,189,153,189,162,157,162
273,153,308,153,308,162,273,162
142,169,154,169,154,181,142,181
269,169,282,169,282,181,269,181
281,169,305,169,305,181,281,181
354,169,369,169,369,180,354,180
377,169,389,169,389,181,377,181
152,170,166,170,166,181,152,181
164,169,205,176,202,191,162,183
252,170,266,170,266,182,252,182
369,170,380,170,380,181,369,181
108,173,117,173,117,182,108,182
117,172,135,174,134,183,116,181
241,172,253,172,253,182,241,182
316,173,329,173,329,182,316,182
328,173,340,173,340,182,328,182
338,173,352,173,352,181,338,181
228,174,241,174,241,184,228,184
202,176,225,176,225,185,202,185
326,184,338,184,338,193,326,193
245,185,292,185,292,194,245,194
337,185,354,185,354,193,337,193
144,185,161,185,161,196,144,196
290,186,301,186,301,194,290,194
301,186,310,186,310,194,301,194
109,188,117,188,117,194,109,194
117,188,125,188,125,194,117,194
173,188,184,188,184,192,173,192
214,188,224,188,224,196,214,196
198,188,216,188,216,205,198,205
229,193,236,193,236,202,229,202
237,196,258,196,258,205,237,205
281,196,292,196,292,205,281,205
290,196,320,196,320,205,290,205
322,196,346,196,346,205,322,205
345,196,361,196,361,204,345,204
368,196,377,196,377,204,368,204
376,196,384,196,384,204,376,204
384,196,393,196,393,204,384,204
194,197,204,197,204,205,194,205
258,197,276,197,276,205,258,205
112,198,130,198,130,204,112,204
152,200,180,200,180,208,152,208
176,204,186,204,186,218,176,218
348,206,388,206,388,214,348,214
386,206,396,206,396,214,386,214
109,208,129,208,129,217,109,217
226,208,242,208,242,217,226,217
249,208,260,208,260,216,249,216
260,208,270,208,270,217,260,217
268,206,280,206,280,217,268,217
279,209,319,207,320,217,280,219
326,208,338,208,338,216,326,216
338,208,348,208,348,216,338,216
129,209,146,209,146,218,129,218
165,209,177,209,177,217,165,217
198,209,228,209,228,217,198,217
154,210,164,210,164,217,154,217
313,225,348,225,348,237,313,237
372,225,385,225,385,237,372,237
154,226,166,226,166,238,154,238
164,226,184,226,184,237,164,237
270,228,285,228,285,237,270,237
353,228,374,228,374,237,353,237
93,226,117,231,114,244,91,239
238,228,265,228,265,241,238,241
297,230,305,230,305,237,297,237
304,230,316,230,316,237,304,237
114,232,126,232,126,241,114,241
205,232,240,232,240,240,205,240
340,246,364,246,364,260,340,260
382,248,390,248,390,257,382,257
147,251,173,248,174,259,148,262
198,249,220,249,220,260,198,260
366,249,382,249,382,257,366,257
82,249,110,249,110,262,82,262
181,249,197,249,197,262,181,262
240,249,275,252,274,262,239,259
282,252,292,252,292,262,282,262
305,252,329,252,329,260,305,260
328,252,338,252,338,260,328,260
109,253,116,253,116,262,109,262
114,253,124,253,124,261,114,261
290,252,306,252,306,264,290,264
301,258,332,258,332,270,301,270
214,260,230,260,230,270,214,270
338,261,361,261,361,270,338,270
204,262,217,262,217,272,204,272
96,264,125,264,125,273,96,273
145,264,158,264,158,273,145,273
190,264,204,264,204,272,190,272
246,264,264,264,264,272,246,272
360,264,368,264,368,270,360,270
273,273,284,273,284,282,273,282
110,274,160,274,160,284,110,284
217,274,225,274,225,282,217,282
225,276,236,276,236,282,225,282
282,276,297,276,297,282,282,282
89,277,102,277,102,282,89,282
102,277,112,277,112,284,102,284
170,277,198,277,198,285,170,285
281,280,308,280,308,292,281,292
308,280,322,280,322,293,308,293
328,281,360,281,360,293,328,293
129,282,144,282,144,294,129,294
360,284,384,284,384,293,360,293
85,284,101,284,101,294,85,294
105,284,129,284,129,294,105,294
142,285,169,285,169,294,142,294
182,286,190,286,190,294,182,294
286,296,302,296,302,304,286,304
333,296,341,296,341,302,333,302
144,297,172,297,172,306,144,306
113,298,133,298,133,306,113,306
182,298,192,298,192,305,182,305
317,298,325,298,325,305,317,305
224,314,241,314,241,326,224,326
302,314,314,314,314,325,302,325
320,314,333,314,333,326,320,326
336,316,346,316,346,326,336,326
88,318,100,318,100,328,88,328
140,318,172,318,172,328,140,328
240,318,257,318,257,326,240,326
346,318,374,318,374,326,346,326
373,318,397,318,397,325,373,325
98,320,128,320,128,328,98,328
180,320,210,320,210,328,180,328
272,320,289,320,289,326,272,326
129,328,144,328,144,341,129,341
326,329,341,329,341,337,326,337
357,329,365,329,365,337,357,337
72,330,81,330,81,338,72,338
141,329,154,329,154,340,141,340
153,330,166,330,166,338,153,338
165,330,176,330,176,338,165,338
174,330,184,330,184,338,174,338
267,332,307,330,308,344,268,346
368,329,385,329,385,341,368,341
385,330,398,330,398,338,385,338
82,332,92,332,92,338,82,338
213,332,225,332,225,341,213,341
306,332,320,332,320,337,306,337
116,333,128,333,128,341,116,341
224,333,233,333,233,340,224,340
97,336,105,336,105,341,97,341
62,339,104,342,103,352,62,349
296,340,318,340,318,349,296,349
344,340,370,340,370,348,344,348
142,341,150,341,150,348,142,348
324,341,333,341,333,348,324,348
199,342,257,342,257,350,199,350
258,342,272,342,272,349,258,349
182,342,197,342,197,358,182,358
354,348,368,348,368,358,354,358
366,350,384,350,384,360,366,360
84,351,101,353,99,362,82,359
198,352,218,352,218,360,198,360
256,352,272,352,272,360,256,360
308,353,357,350,357,361,309,363
125,353,134,353,134,361,125,361
168,353,182,353,182,360,168,360
66,354,74,354,74,360,66,360
133,354,141,354,141,360,133,360
313,360,340,360,340,370,313,370
376,361,386,361,386,369,376,369
120,362,154,362,154,372,120,372
346,362,354,362,354,370,346,370
353,362,377,362,377,370,353,370
210,364,224,364,224,372,210,372
80,365,109,365,109,372,80,372
153,366,162,366,162,377,153,377
302,372,312,372,312,380,302,380
337,373,362,373,362,381,337,381
190,374,214,374,214,382,190,382
258,374,272,374,272,381,258,381
321,374,338,374,338,384,321,384
366,374,376,374,376,381,366,381
176,377,186,377,186,382,176,382
213,376,226,376,226,390,213,390
234,381,248,381,248,396,234,396
222,382,234,382,234,394,222,394
248,384,256,384,256,393,248,393
121,385,129,385,129,393,121,393
128,385,144,385,144,393,128,393
142,385,152,385,152,393,142,393
256,388,276,388,276,398,256,398
221,396,233,396,233,404,221,404
234,396,249,396,249,402,234,402
349,395,362,397,361,403,348,401
