62,0,72,0,72,10,62,10
120,0,128,0,128,8,120,8
128,0,136,0,136,8,128,8
362,37,376,37,376,52,362,52
386,46,401,46,401,54,386,54
238,56,248,56,248,66,238,66
248,57,257,57,257,65,248,65
372,60,398,60,398,74,372,74
326,62,348,62,348,72,326,72
289,64,316,64,316,74,289,74
357,64,365,64,365,70,357,70
224,73,265,73,265,86,224,86
273,74,296,74,296,88,273,88
299,78,319,76,320,86,300,88
329,77,358,77,358,86,329,86
382,77,390,77,390,86,382,86
389,77,405,77,405,86,389,86
294,80,301,80,301,88,294,88
364,80,376,80,376,88,364,88
49,118,70,118,70,132,49,132
132,119,167,117,168,130,133,132
221,120,254,120,254,130,221,130
108,121,117,121,117,126,108,126
166,121,181,121,181,132,166,132
266,120,293,120,293,132,266,132
346,120,365,120,365,132,346,132
69,121,92,123,91,132,68,130
198,122,222,122,222,130,198,130
292,122,319,124,318,134,291,132
336,122,349,122,349,130,336,130
370,124,390,124,390,132,370,132
308,124,342,126,341,141,307,139
60,130,102,130,102,141,60,141
176,133,212,133,212,142,176,142
245,134,265,134,265,142,245,142
265,134,284,134,284,142,265,142
360,134,373,134,373,142,360,142
372,134,390,134,390,142,372,142
132,136,146,136,146,142,132,142
200,137,216,137,216,153,200,153
161,144,180,144,180,156,161,156
66,145,93,145,93,153,66,153
290,145,305,145,305,153,290,153
362,145,385,145,385,153,362,153
384,145,396,145,396,153,384,153
116,146,132,146,132,153,116,153
193,146,201,146,201,153,193,153
214,146,230,146,230,153,214,153
257,146,269,146,269,152,257,152
330,146,345,146,345,152,330,152
316,148,325,148,325,158,316,158
177,154,189,154,189,164,177,164
126,155,152,157,151,168,125,166
305,156,310,156,310,164,305,164
360,156,369,156,369,164,360,164
76,157,90,157,90,165,76,165
96,157,105,157,105,164,96,164
257,158,276,158,276,165,257,165
276,158,284,158,284,165,276,165
310,158,324,158,324,165,310,165
126,165,136,165,136,174,126,174
172,165,181,165,181,174,172,174
181,165,192,165,192,174,181,174
270,165,294,165,294,174,270,174
65,166,76,166,76,176,65,176
105,166,128,166,128,176,105,176
332,167,356,165,357,174,333,177
160,168,173,168,173,176,160,176
314,168,334,168,334,176,314,176
377,168,386,168,386,176,377,176
385,174,393,174,393,186,385,186
261,176,269,176,269,185,261,185
160,177,172,177,172,185,160,185
312,177,340,177,340,186,312,186
353,176,378,176,378,196,353,196
393,177,400,177,400,186,393,186
69,180,102,174,105,187,72,194
377,178,386,178,386,188,377,188
210,180,233,180,233,186,210,186
238,180,257,180,257,188,238,188
398,180,406,180,406,188,398,188
334,185,356,185,356,197,334,197
53,185,64,185,64,197,53,197
177,189,184,189,184,197,177,197
364,189,382,189,382,197,364,197
161,190,178,190,178,197,161,197
248,190,268,190,268,198,248,198
342,196,399,194,400,213,342,214
69,200,84,200,84,209,69,209
204,199,222,201,221,210,203,208
220,200,229,200,229,209,220,209
114,201,122,201,122,208,114,208
181,201,205,201,205,209,181,209
248,201,272,201,272,209,248,209
81,202,90,202,90,206,81,206
90,208,136,213,135,226,89,221
78,210,92,210,92,220,78,220
112,230,137,230,137,241,112,241
157,232,189,232,189,241,157,241
344,232,378,232,378,242,344,242
298,235,326,229,329,242,301,249
64,234,90,234,90,242,64,242
212,234,234,234,234,241,212,241
377,234,385,234,385,245,377,245
384,234,396,234,396,242,384,242
288,236,302,236,302,244,288,244
161,241,201,241,201,253,161,253
89,242,97,242,97,253,89,253
96,242,134,242,134,253,96,253
154,244,160,244,160,252,154,252
200,246,212,246,212,253,200,253
376,257,386,257,386,273,376,273
384,257,410,257,410,276,384,276
53,262,82,262,82,280,53,280
92,264,137,264,137,281,92,281
144,265,152,265,152,278,144,278
285,264,309,264,309,276,285,276
306,264,317,264,317,276,306,276
329,264,342,264,342,276,329,276
340,263,375,264,374,277,339,275
149,265,198,265,198,286,149,286
48,274,56,274,56,290,48,290
64,276,97,276,97,286,64,286
309,274,328,274,328,286,309,286
378,276,388,276,388,286,378,286
56,277,65,277,65,288,56,288
254,277,290,277,290,288,254,288
322,276,353,276,353,300,322,300
360,277,380,277,380,288,360,288
96,280,108,280,108,288,96,288
197,280,206,280,206,290,197,290
289,280,297,280,297,286,289,286
306,288,314,288,314,298,306,298
377,286,396,286,396,298,377,298
268,289,308,289,308,298,268,298
362,289,380,289,380,298,362,298
393,290,410,288,411,297,394,299
248,290,269,290,269,301,248,301
281,300,313,295,315,309,283,313
318,298,357,298,357,309,318,309
313,301,320,301,320,309,313,309
277,302,285,302,285,309,277,309
354,301,370,301,370,325,354,325
369,308,396,308,396,321,369,321
238,312,261,312,261,322,238,322
260,312,280,312,280,320,260,320
280,312,294,312,294,320,280,320
313,312,322,312,322,328,313,328
320,312,333,312,333,320,320,320
329,317,357,317,357,330,329,330
246,320,257,320,257,332,246,332
256,321,294,321,294,332,256,332
376,322,382,322,382,332,376,332
49,322,64,322,64,338,49,338
222,322,248,322,248,336,222,336
356,324,377,324,377,332,356,332
61,324,88,324,88,337,61,337
96,323,140,328,139,342,94,337
286,332,337,332,337,344,286,344
246,334,282,334,282,345,246,345
281,334,288,334,288,342,281,342
294,362,322,362,322,376,294,376
121,364,151,366,150,376,120,374
172,365,182,365,182,374,172,374
240,367,266,364,267,374,241,377
65,368,78,368,78,373,65,373
265,368,276,368,276,376,265,376
338,368,357,368,357,376,338,376
366,368,406,368,406,380,366,380
218,369,226,369,226,377,218,377
225,377,249,377,249,388,225,388
267,379,299,377,300,386,268,388
330,378,338,378,338,386,330,386
337,378,348,378,348,384,337,384
358,378,374,378,374,385,358,385
164,380,194,380,194,386,164,386
305,380,314,380,314,388,305,388
313,380,332,380,332,386,313,386
217,381,225,381,225,386,217,386
98,388,122,388,122,398,98,398
160,388,170,388,170,397,160,397
246,388,272,388,272,397,246,397
121,389,128,389,128,397,121,397
169,389,177,389,177,396,169,396
238,389,248,389,248,397,238,397
336,389,346,389,346,397,336,397
148,390,161,390,161,398,148,398
202,390,221,390,221,397,202,397
297,390,309,390,309,397,297,397
370,390,397,390,397,398,370,398
125,401,143,398,144,407,126,410
170,400,184,400,184,408,170,408
117,401,128,401,128,409,117,409
