22,0,53,0,53,13,22,13
78,0,92,0,92,12,78,12
100,0,117,0,117,10,100,10
197,0,210,0,210,9,197,9
209,0,222,0,222,9,209,9
52,0,70,0,70,12,52,12
122,0,140,0,140,9,122,9
228,0,237,0,237,9,228,9
278,0,298,0,298,8,278,8
137,0,161,0,161,16,137,16
297,1,305,1,305,8,297,8
236,2,264,2,264,9,236,9
261,2,294,2,294,20,261,20
309,2,325,2,325,9,309,9
160,4,199,2,201,23,161,25
114,10,133,10,133,21,114,21
201,10,244,10,244,21,201,21
141,12,150,12,150,20,141,20
106,13,116,13,116,21,106,21
242,14,250,14,250,22,242,22
234,32,258,32,258,42,234,42
128,32,152,32,152,54,128,54
173,30,222,36,220,53,171,46
314,33,333,33,333,42,314,42
90,34,98,34,98,42,90,42
150,34,164,34,164,42,150,42
278,34,305,34,305,44,278,44
101,36,110,36,110,44,101,44
109,36,117,36,117,42,109,42
116,36,130,36,130,42,116,42
110,44,117,44,117,53,110,53
177,45,195,43,197,52,178,55
194,44,206,44,206,53,194,53
290,44,314,44,314,53,290,53
96,45,112,45,112,56,96,56
138,44,160,44,160,69,138,69
246,46,281,45,281,51,246,53
313,45,321,45,321,53,313,53
169,46,180,46,180,54,169,54
218,46,237,46,237,54,218,54
158,54,174,54,174,65,158,65
195,49,251,58,248,76,192,68
266,54,295,55,294,65,266,63
308,54,334,54,334,64,308,64
94,56,124,56,124,77,94,77
113,57,129,57,129,66,113,66
128,58,137,58,137,65,128,65
246,64,264,64,264,76,246,76
324,64,354,64,354,77,324,77
186,65,211,68,210,78,185,75
278,65,311,68,310,81,277,79
128,68,168,68,168,76,128,76
209,68,220,68,220,76,209,76
316,68,326,68,326,77,316,77
87,78,106,76,107,86,88,88
212,77,246,77,246,86,212,86
170,78,192,78,192,88,170,88
120,80,132,80,132,88,120,88
136,80,152,80,152,86,136,86
239,87,274,92,272,105,237,100
282,88,309,88,309,98,282,98
184,88,205,88,205,104,184,104
205,89,217,89,217,98,205,98
109,90,117,90,117,98,109,98
114,89,153,89,153,109,114,109
158,90,188,90,188,98,158,98
226,90,240,90,240,98,226,98
322,92,333,92,333,96,322,96
86,100,118,95,120,109,88,114
197,98,218,98,218,109,197,109
217,101,225,101,225,109,217,109
152,100,180,105,178,117,150,112
70,129,84,129,84,142,70,142
93,129,114,129,114,141,93,141
82,130,96,130,96,144,82,144
114,133,122,133,122,146,114,146
126,133,136,133,136,146,126,146
152,133,184,133,184,142,152,142
221,132,232,132,232,142,221,142
121,134,128,134,128,146,121,146
192,134,224,134,224,142,192,142
230,134,245,134,245,142,230,142
305,140,328,140,328,153,305,153
80,142,94,142,94,152,80,152
98,142,118,142,118,152,98,152
218,141,246,141,246,158,218,158
125,144,156,144,156,153,125,153
247,145,270,143,271,153,248,155
269,144,294,144,294,154,269,154
298,144,308,144,308,154,298,154
329,142,341,142,341,154,329,154
340,142,362,142,362,158,340,158
360,142,376,142,376,154,360,154
161,145,177,145,177,154,161,154
176,146,184,146,184,154,176,154
182,146,202,146,202,154,182,154
94,154,102,154,102,162,94,162
81,156,96,156,96,165,81,165
113,156,122,156,122,161,113,161
150,162,166,162,166,174,150,174
74,165,96,165,96,176,74,176
108,165,144,165,144,176,108,176
164,167,190,164,191,172,165,175
197,164,208,164,208,176,197,176
205,164,226,164,226,176,205,176
229,164,302,164,302,180,229,180
94,166,109,166,109,176,94,176
312,165,328,165,328,177,312,177
326,165,373,165,373,181,326,181
301,168,310,168,310,176,301,176
92,176,109,176,109,186,92,186
72,177,102,177,102,197,72,197
134,184,145,184,145,196,134,196
142,185,162,185,162,200,142,200
106,187,131,188,130,197,106,195
238,186,262,186,262,206,238,206
266,186,296,186,296,198,266,198
293,185,343,188,342,208,292,205
161,189,169,189,169,197,161,197
174,190,192,190,192,198,174,198
198,189,241,192,241,202,198,200
98,200,121,200,121,209,98,209
221,230,232,230,232,241,221,241
68,232,80,232,80,244,68,244
93,233,101,233,101,241,93,241
126,233,134,233,134,242,126,242
132,232,142,232,142,242,132,242
140,232,166,232,166,242,140,242
165,233,176,233,176,242,165,242
185,233,224,233,224,242,185,242
117,234,126,234,126,244,117,244
128,253,177,253,177,265,128,265
112,254,121,254,121,265,112,265
270,254,292,254,292,264,270,264
89,255,103,257,102,263,88,261
184,254,197,254,197,265,184,265
230,256,245,256,245,265,230,265
294,254,322,254,322,277,294,277
196,257,230,257,230,266,196,266
320,257,334,257,334,265,320,265
236,265,266,263,267,275,237,277
113,266,169,266,169,276,113,276
213,265,240,265,240,278,213,278
265,266,273,266,273,276,265,276
288,268,297,268,297,277,288,277
90,269,100,269,100,276,90,276
181,269,190,269,190,277,181,277
296,269,304,269,304,277,296,277
173,274,189,274,189,286,173,286
126,276,146,276,146,286,126,286
153,277,176,277,176,286,153,286
104,278,130,278,130,318,104,318
105,281,122,281,122,288,105,288
126,286,162,286,162,306,126,306
328,288,352,288,352,298,328,298
169,289,224,290,223,299,169,298
256,289,277,289,277,298,256,298
290,290,301,290,301,297,290,297
317,290,328,290,328,298,317,298
242,292,257,292,257,300,242,300
90,294,106,294,106,309,90,309
120,297,138,297,138,309,120,309
234,296,265,296,265,309,234,309
202,297,232,297,232,321,202,321
229,300,237,300,237,310,229,310
165,302,177,302,177,309,165,309
190,301,208,301,208,321,190,321
112,308,133,308,133,321,112,321
86,314,162,303,166,329,90,340
89,309,102,309,102,321,89,321
160,310,174,310,174,321,160,321
220,311,244,313,243,321,219,319
265,312,293,312,293,321,265,321
308,310,320,310,320,321,308,321
318,322,344,318,346,330,320,334
204,320,249,320,249,332,204,332
176,322,192,322,192,330,176,330
308,321,321,321,321,332,308,332
189,322,206,322,206,337,189,337
157,332,174,332,174,341,157,341
108,332,146,332,146,353,108,353
173,334,182,334,182,342,173,342
81,336,96,336,96,344,81,344
200,341,233,341,233,353,200,353
240,342,282,342,282,354,240,354
321,342,346,342,346,354,321,354
97,345,109,345,109,353,97,353
162,345,170,345,170,354,162,354
296,345,322,345,322,354,296,354
125,346,149,346,149,354,125,354
169,346,181,346,181,354,169,354
284,346,292,346,292,353,284,353
180,348,188,348,188,362,180,362
