48,13,61,13,61,29,48,29
58,14,70,14,70,26,58,26
72,17,84,17,84,22,72,22
192,34,202,34,202,46,192,46
241,34,253,34,253,46,241,46
49,37,58,37,58,46,49,46
97,37,109,37,109,48,97,48
110,37,121,37,121,46,110,46
121,37,136,37,136,49,121,49
137,38,173,37,173,46,137,48
57,38,82,38,82,46,57,46
172,38,188,38,188,48,172,48
186,38,194,38,194,46,186,46
212,38,244,38,244,46,212,46
253,38,270,38,270,46,253,46
269,38,277,38,277,46,269,46
359,39,409,37,409,46,360,48
82,48,98,48,98,57,82,57
64,50,73,50,73,57,64,57
54,52,64,52,64,58,54,58
228,55,256,57,255,70,227,67
177,57,189,57,189,69,177,69
53,60,61,60,61,69,53,69
114,60,124,60,124,69,114,69
156,60,164,60,164,69,156,69
166,60,180,60,180,69,166,69
189,60,197,60,197,69,189,69
260,61,278,59,279,67,261,70
285,60,301,60,301,68,285,68
60,61,76,61,76,69,60,69
96,61,104,61,104,69,96,69
102,61,114,61,114,69,102,69
121,60,132,60,132,73,121,73
130,61,146,61,146,69,130,69
145,61,157,61,157,69,145,69
254,61,262,61,262,69,254,69
300,61,309,61,309,69,300,69
213,62,228,62,228,68,213,68
60,69,74,69,74,80,60,80
73,72,81,72,81,80,73,80
80,72,89,72,89,80,80,80
94,72,102,72,102,78,94,78
109,72,117,72,117,80,109,80
88,73,96,73,96,80,88,80
49,81,57,81,57,89,49,89
66,81,74,81,74,90,66,90
101,81,134,81,134,90,101,90
73,82,81,82,81,90,73,90
80,82,88,82,88,90,80,90
86,82,102,82,102,90,86,90
133,82,140,82,140,90,133,90
137,81,153,81,153,96,137,96
48,104,64,104,64,113,48,113
308,102,320,102,320,113,308,113
64,105,70,105,70,113,64,113
82,105,109,105,109,113,82,113
108,105,129,105,129,112,108,112
128,105,136,105,136,112,128,112
150,105,160,105,160,113,150,113
158,105,166,105,166,113,158,113
177,105,193,105,193,114,177,114
193,105,225,105,225,113,193,113
224,105,240,105,240,113,224,113
252,105,264,105,264,113,252,113
268,105,310,105,310,116,268,116
340,105,373,105,373,113,340,113
325,106,337,106,337,113,325,113
372,106,388,106,388,113,372,113
221,113,232,113,232,124,221,124
50,116,80,116,80,124,50,124
80,116,89,116,89,124,80,124
173,116,185,116,185,124,173,124
190,116,204,116,204,124,190,124
202,116,224,116,224,124,202,124
238,116,248,116,248,124,238,124
88,117,101,117,101,124,88,124
122,117,138,117,138,124,122,124
246,117,261,117,261,124,246,124
252,125,270,125,270,136,252,136
277,125,294,125,294,136,277,136
293,125,302,125,302,136,293,136
130,126,166,126,166,136,130,136
175,127,198,125,199,134,176,136
238,126,252,126,252,136,238,136
122,128,132,128,132,136,122,136
225,128,240,128,240,134,225,134
269,128,278,128,278,134,269,134
190,137,216,137,216,146,190,146
100,138,121,138,121,146,100,146
158,138,177,138,177,145,158,145
178,138,192,138,192,145,178,145
120,138,136,138,136,150,120,150
90,149,114,149,114,157,90,157
118,149,128,149,128,154,118,154
140,149,173,149,173,157,140,157
178,149,198,149,198,156,178,156
92,160,114,158,115,167,93,169
118,160,130,160,130,166,118,166
138,160,161,160,161,168,138,168
160,161,170,161,170,169,160,169
184,170,205,168,206,178,185,180
178,170,186,170,186,178,178,178
204,170,214,170,214,180,204,180
58,172,68,172,68,178,58,178
66,172,74,172,74,180,66,180
93,172,104,172,104,177,93,177
120,172,133,172,133,180,120,180
145,172,166,172,166,180,145,180
165,172,180,172,180,180,165,180
213,172,221,172,221,180,213,180
188,181,200,181,200,190,188,190
52,182,62,182,62,190,52,190
61,182,81,182,81,190,61,190
80,182,86,182,86,190,80,190
86,182,102,182,102,192,86,192
118,182,162,182,162,193,118,193
258,181,277,181,277,196,258,196
161,182,173,182,173,193,161,193
234,184,242,184,242,192,234,192
241,184,258,184,258,192,241,192
276,184,285,184,285,192,276,192
284,184,294,184,294,190,284,190
294,184,304,184,304,194,294,194
82,202,101,202,101,213,82,213
182,202,202,202,202,212,182,212
102,204,128,204,128,213,102,213
138,204,173,204,173,213,138,213
172,206,180,206,180,210,172,210
82,214,90,214,90,224,82,224
90,214,101,214,101,222,90,222
185,214,198,214,198,224,185,224
234,214,264,214,264,224,234,224
281,214,290,214,290,222,281,222
144,216,164,216,164,224,144,224
164,216,174,216,174,224,164,224
197,216,210,216,210,224,197,224
264,216,273,216,273,224,264,224
273,216,282,216,282,224,273,224
106,217,120,217,120,224,106,224
122,217,132,217,132,221,122,221
120,225,136,225,136,234,120,234
60,226,70,226,70,234,60,234
69,226,77,226,77,234,69,234
85,226,94,226,94,234,85,234
148,226,160,226,160,234,148,234
209,226,261,226,261,234,209,234
260,226,280,226,280,234,260,234
76,228,86,228,86,236,76,236
94,228,108,228,108,234,94,234
188,228,208,228,208,236,188,236
50,248,93,248,93,260,50,260
101,248,116,248,116,257,101,257
166,249,173,249,173,257,166,257
172,249,181,249,181,262,172,262
220,250,238,248,239,257,221,259
252,249,270,249,270,257,252,257
270,249,286,249,286,257,270,257
306,251,385,248,385,257,306,260
122,250,137,250,137,256,122,256
142,250,150,250,150,257,142,257
149,250,168,250,168,257,149,257
180,250,204,250,204,257,180,257
202,250,213,250,213,260,202,260
238,250,253,250,253,257,238,257
52,360,60,360,60,369,52,369
120,360,128,360,128,366,120,366
141,360,153,360,153,369,141,369
60,361,73,361,73,368,60,368
100,361,108,361,108,368,100,368
106,361,120,361,120,368,106,368
246,368,269,368,269,380,246,380
50,369,61,369,61,380,50,380
268,370,277,370,277,380,268,380
308,370,316,370,316,380,308,380
110,372,124,372,124,377,110,377
145,372,154,372,154,380,145,380
181,372,210,372,210,381,181,381
209,372,233,372,233,380,209,380
276,372,292,372,292,380,276,380
290,372,308,372,308,380,290,380
332,372,352,372,352,381,332,381
350,372,374,372,374,380,350,380
373,372,381,372,381,380,373,380
168,373,182,373,182,380,168,380
211,382,245,380,245,390,212,392
56,382,64,382,64,390,56,390
70,382,77,382,77,390,70,390
76,382,98,382,98,390,76,390
109,382,125,382,125,390,109,390
144,382,197,382,197,390,144,390
254,382,289,382,289,390,254,390
362,381,389,381,389,393,362,393
62,384,70,384,70,389,62,389
124,384,132,384,132,390,124,390
302,384,313,384,313,392,302,392
312,384,320,384,320,392,312,392
329,384,364,384,364,392,329,392
388,384,402,384,402,392,388,392
60,393,90,393,90,401,60,401
106,393,162,393,162,402,106,402
173,393,205,393,205,402,173,402
285,393,292,393,292,402,285,402
229,394,253,394,253,402,229,402
273,394,286,394,286,402,273,402
290,394,316,394,316,402,290,402
222,396,230,396,230,402,222,402
253,396,261,396,261,402,253,402
