85,0,93,0,93,6,85,6
92,0,105,0,105,2,92,2
128,0,141,0,141,6,128,6
156,0,164,0,164,5,156,5
186,0,202,0,202,4,186,4
202,0,221,0,221,6,202,6
221,0,230,0,230,6,221,6
268,0,284,0,284,5,268,5
225,8,233,8,233,16,225,16
232,8,245,8,245,17,232,17
82,9,93,9,93,17,82,17
105,9,122,9,122,17,105,17
121,9,132,9,132,17,121,17
244,9,261,9,261,17,244,17
300,9,321,9,321,18,300,18
320,9,334,9,334,17,320,17
358,9,366,9,366,16,358,16
148,10,157,10,157,17,148,17
186,10,194,10,194,17,186,17
284,10,301,10,301,17,284,17
61,26,80,26,80,40,61,40
78,30,93,30,93,40,78,40
92,30,100,30,100,40,92,40
105,30,120,30,120,38,105,38
209,30,232,30,232,38,209,38
248,30,262,30,262,40,248,40
100,32,106,32,106,40,100,40
134,32,153,32,153,40,134,40
164,32,176,32,176,38,164,38
189,32,197,32,197,38,189,38
201,32,210,32,210,38,201,38
285,32,293,32,293,40,285,40
305,30,337,32,337,41,304,39
336,33,345,33,345,40,336,40
66,41,74,41,74,50,66,50
278,41,288,41,288,50,278,50
74,42,84,42,84,50,74,50
105,42,120,42,120,50,105,50
241,42,254,42,254,50,241,50
253,42,261,42,261,50,253,50
260,42,280,42,280,50,260,50
306,42,316,42,316,50,306,50
314,42,324,42,324,50,314,50
346,42,378,42,378,50,346,50
380,42,388,42,388,50,380,50
386,42,404,42,404,50,386,50
146,44,173,44,173,50,146,50
172,44,182,44,182,50,172,50
181,44,189,44,189,50,181,50
188,44,196,44,196,50,188,50
213,44,221,44,221,50,213,50
338,44,348,44,348,53,338,53
248,62,256,62,256,73,248,73
57,64,88,64,88,73,57,73
108,65,120,65,120,72,108,72
134,65,142,65,142,72,134,72
141,65,149,65,149,72,141,72
174,65,193,65,193,73,174,73
192,65,212,65,212,73,192,73
210,65,218,65,218,73,210,73
217,65,233,65,233,73,217,73
236,65,244,65,244,72,236,72
73,74,89,74,89,84,73,84
105,76,146,74,147,83,105,85
265,74,278,74,278,84,265,84
88,76,94,76,94,84,88,84
93,76,101,76,101,84,93,84
145,76,164,76,164,84,145,84
181,76,189,76,189,84,181,84
224,76,240,76,240,84,224,84
256,76,266,76,266,82,256,82
278,76,304,76,304,84,278,84
368,76,376,76,376,85,368,85
188,77,205,77,205,84,188,84
345,77,354,77,354,82,345,82
102,88,133,88,133,97,102,97
133,88,141,88,141,96,133,96
56,108,70,108,70,117,56,117
82,108,130,108,130,117,82,117
350,108,370,108,370,116,350,116
128,108,140,108,140,120,128,120
228,109,236,109,236,117,228,117
289,109,310,109,310,117,289,117
310,109,322,109,322,117,310,117
200,110,229,110,229,120,200,120
58,120,68,120,68,128,58,128
66,120,74,120,74,128,66,128
73,118,121,121,121,132,72,129
169,120,180,120,180,128,169,128
152,121,169,121,169,128,152,128
121,141,130,141,130,148,121,148
150,141,165,141,165,149,150,149
188,141,208,141,208,150,188,150
246,141,260,141,260,149,246,149
92,142,121,142,121,152,92,152
206,142,220,142,220,150,206,150
258,142,268,142,268,150,258,150
296,142,366,142,366,150,296,150
53,161,64,161,64,172,53,172
203,164,234,161,235,171,204,174
62,164,80,164,80,173,62,173
104,164,112,164,112,173,104,173
110,164,120,164,120,172,110,172
118,164,134,164,134,172,118,172
134,164,154,164,154,174,134,174
164,164,178,164,178,172,164,172
244,164,274,164,274,173,244,173
234,164,245,164,245,174,234,174
273,165,282,165,282,173,273,173
281,165,292,165,292,173,281,173
78,166,86,166,86,174,78,174
84,174,102,174,102,182,84,182
210,174,220,174,220,182,210,182
248,174,257,174,257,182,248,182
74,176,84,176,84,181,74,181
117,176,138,176,138,185,117,185
137,176,146,176,146,184,137,184
196,176,210,176,210,184,196,184
261,176,273,176,273,184,261,184
273,176,301,176,301,184,273,184
208,186,221,186,221,194,208,194
222,186,233,186,233,194,222,194
232,186,252,186,252,194,232,194
262,188,292,188,292,198,262,198
290,188,301,188,301,196,290,196
136,217,168,217,168,228,136,228
201,218,214,218,214,228,201,228
118,220,134,220,134,228,118,228
172,220,201,220,201,228,172,228
233,220,256,220,256,228,233,228
104,221,117,221,117,228,104,228
220,221,228,221,228,225,220,225
104,229,117,229,117,237,104,237
224,228,254,228,254,240,224,240
252,228,273,228,273,240,252,240
86,230,98,230,98,238,86,238
120,230,157,230,157,238,120,238
160,229,173,229,173,240,160,240
172,229,186,229,186,240,172,240
186,232,201,232,201,240,186,240
172,240,185,240,185,248,172,248
185,241,198,241,198,249,185,249
197,241,217,241,217,249,197,249
184,253,194,253,194,261,184,261
204,272,218,272,218,284,204,284
216,272,236,272,236,284,216,284
258,271,299,273,298,286,258,283
110,274,122,274,122,282,110,282
124,274,138,274,138,284,124,284
301,274,321,274,321,285,301,285
177,276,189,276,189,284,177,284
188,276,204,276,204,284,188,284
152,277,165,277,165,284,152,284
201,286,213,286,213,296,201,296
213,286,236,286,236,294,213,294
234,286,245,286,245,296,234,296
156,289,165,289,165,293,156,293
302,316,333,316,333,329,302,329
117,317,150,317,150,329,117,329
148,317,169,317,169,330,148,330
330,317,348,317,348,329,330,329
345,317,366,317,366,330,345,330
78,320,98,320,98,328,78,328
244,318,293,318,293,340,244,340
212,321,222,321,222,329,212,329
225,321,237,321,237,329,225,329
206,328,226,328,226,337,206,337
225,330,234,330,234,338,225,338
224,340,233,340,233,348,224,348
232,339,255,342,254,351,231,349
212,353,230,353,230,361,212,361
50,364,58,364,58,370,50,370
105,364,145,364,145,373,105,373
166,364,189,364,189,373,166,373
213,364,232,364,232,373,213,373
73,365,88,365,88,373,73,373
86,365,94,365,94,372,86,372
98,365,106,365,106,373,98,373
144,365,153,365,153,373,144,373
273,365,286,365,286,373,273,373
285,365,306,365,306,373,285,373
338,365,346,365,346,373,338,373
360,365,377,365,377,373,360,373
376,365,389,365,389,373,376,373
389,365,400,365,400,373,389,373
240,366,257,366,257,373,240,373
305,366,313,366,313,373,305,373
312,366,321,366,321,373,312,373
78,373,103,376,102,385,77,382
318,374,344,374,344,384,318,384
372,373,384,373,384,388,372,388
382,374,398,374,398,385,382,385
48,376,61,376,61,382,48,382
60,376,68,376,68,382,60,382
145,376,172,376,172,384,145,384
265,376,278,376,278,384,265,384
352,374,368,374,368,388,352,388
366,376,374,376,374,385,366,385
170,376,188,378,187,387,169,384
240,377,250,377,250,384,240,384
197,378,206,378,206,386,197,386
205,380,214,380,214,386,205,386
49,397,57,397,57,405,49,405
57,397,65,397,65,404,57,404
174,398,184,398,184,406,174,406
182,398,200,398,200,406,182,406
198,398,214,398,214,406,198,406
218,398,230,398,230,410,218,410
229,400,242,400,242,408,229,408
241,400,261,400,261,410,241,410
