189,12,201,12,201,22,189,22
200,16,208,16,208,22,200,22
206,16,214,16,214,22,206,22
238,16,253,16,253,24,238,24
76,17,100,17,100,26,76,26
100,17,113,17,113,22,100,22
121,17,129,17,129,22,121,22
161,17,176,17,176,24,161,24
68,18,77,18,77,25,68,25
146,18,162,18,162,26,146,26
106,40,116,40,116,46,106,46
68,73,113,73,113,82,68,82
112,73,121,73,121,81,112,81
132,73,148,73,148,82,132,82
154,74,174,72,175,81,154,83
214,73,242,73,242,81,214,81
301,73,310,73,310,81,301,81
374,73,394,73,394,80,374,80
393,73,402,73,402,80,393,80
48,74,70,74,70,82,48,82
146,74,154,74,154,85,146,85
173,73,190,75,189,83,172,81
249,74,257,74,257,81,249,81
256,74,264,74,264,81,256,81
276,74,302,74,302,81,276,81
316,74,328,74,328,81,316,81
354,74,364,74,364,80,354,80
344,76,352,76,352,81,344,81
69,85,98,85,98,93,69,93
126,85,142,85,142,93,126,93
181,85,192,85,192,93,181,93
233,85,242,85,242,93,233,93
106,86,114,86,114,96,106,96
113,86,126,86,126,92,113,92
150,86,165,86,165,92,150,92
200,86,234,86,234,96,200,96
333,104,345,104,345,116,333,116
358,105,369,105,369,114,358,114
73,106,82,106,82,114,73,114
81,106,90,106,90,114,81,114
273,106,282,106,282,114,273,114
289,106,297,106,297,114,289,114
297,105,327,107,326,116,296,114
344,106,352,106,352,114,344,114
350,106,360,106,360,114,350,114
369,106,382,106,382,114,369,114
381,106,396,106,396,118,381,118
93,108,105,108,105,114,93,114
118,108,128,108,128,116,118,116
128,108,144,108,144,116,128,116
158,108,168,108,168,114,158,114
189,108,237,108,237,117,189,117
242,108,256,108,256,114,242,114
326,108,334,108,334,113,326,113
166,109,174,109,174,116,166,116
174,109,188,109,188,114,174,114
253,116,276,118,275,127,252,125
327,118,349,116,349,125,328,127
354,117,362,117,362,125,354,125
70,118,84,118,84,126,70,126
116,118,125,118,125,126,116,126
126,118,146,118,146,126,126,126
177,120,223,118,224,126,177,128
274,118,282,118,282,126,274,126
348,118,356,118,356,126,348,126
361,118,385,118,385,126,361,126
92,120,101,120,101,125,92,125
160,120,177,120,177,128,160,128
228,118,240,120,239,125,227,123
289,120,302,120,302,125,289,125
384,120,396,120,396,125,384,125
125,129,140,129,140,137,125,137
200,129,214,129,214,137,200,137
213,129,246,129,246,137,213,137
78,130,86,130,86,136,78,136
116,130,126,130,126,137,116,137
161,130,185,130,185,137,161,137
61,152,77,152,77,160,61,160
88,152,114,152,114,160,88,160
76,153,82,153,82,161,76,161
113,153,124,153,124,157,113,157
74,161,82,161,82,170,74,170
112,162,121,162,121,170,112,170
158,162,168,162,168,170,158,170
189,162,220,162,220,170,189,170
224,162,248,162,248,172,224,172
246,162,256,162,256,170,246,170
274,162,284,162,284,172,274,172
81,164,101,164,101,169,81,169
121,164,142,164,142,170,121,170
166,164,176,164,176,170,166,170
174,164,190,164,190,170,174,170
266,164,274,164,274,170,266,170
92,173,105,173,105,180,92,180
132,174,150,174,150,180,132,180
104,185,112,185,112,192,104,192
110,185,126,185,126,193,110,193
204,192,221,192,221,204,204,204
220,193,241,193,241,204,220,204
173,194,202,194,202,204,173,204
164,205,178,205,178,214,164,214
113,206,134,206,134,214,113,214
133,206,146,206,146,214,133,214
200,206,208,206,208,214,200,214
213,206,245,206,245,216,213,216
145,208,153,208,153,214,145,214
177,208,192,208,192,214,177,214
147,219,186,217,187,226,148,228
194,218,202,218,202,224,194,224
206,225,237,225,237,237,206,237
158,228,201,228,201,237,158,237
240,229,280,229,280,238,240,238
170,238,202,238,202,248,170,248
133,241,158,241,158,248,133,248
134,249,144,249,144,257,134,257
142,249,152,249,152,257,142,257
162,249,172,249,172,257,162,257
204,249,213,249,213,257,204,257
226,249,262,249,262,258,226,258
150,250,162,250,162,258,150,258
193,250,202,250,202,257,193,257
132,258,149,258,149,270,132,270
162,257,204,259,203,272,162,270
265,260,277,260,277,269,265,269
274,258,330,258,330,270,274,270
333,260,342,260,342,268,333,268
346,260,362,260,362,268,346,268
146,260,165,260,165,270,146,270
234,261,248,261,248,269,234,269
249,261,261,261,261,269,249,269
361,261,369,261,369,269,361,269
205,262,214,262,214,270,205,270
213,262,224,262,224,270,213,270
224,262,233,262,233,270,224,270
158,280,176,280,176,286,158,286
201,280,210,280,210,288,201,288
209,278,238,278,238,289,209,289
237,278,271,280,270,292,236,290
176,281,184,281,184,288,176,288
193,293,204,293,204,301,193,301
217,293,238,293,238,301,217,301
217,302,236,302,236,312,217,312
193,304,208,304,208,310,193,310
234,304,240,304,240,312,234,312
122,318,134,318,134,326,122,326
134,318,149,318,149,326,134,326
106,320,122,320,122,326,106,326
100,329,126,329,126,337,100,337
142,330,153,330,153,337,142,337
97,341,146,339,146,348,97,350
146,341,154,341,154,345,146,345
102,352,129,352,129,360,102,360
130,352,138,352,138,358,130,358
162,352,170,352,170,358,162,358
214,358,246,358,246,370,214,370
245,358,262,358,262,370,245,370
260,358,274,358,274,370,260,370
120,361,137,361,137,372,120,372
136,361,144,361,144,372,136,372
142,361,174,361,174,372,142,372
197,361,208,361,208,369,197,369
273,361,281,361,281,370,273,370
108,362,117,362,117,370,108,370
176,362,185,362,185,368,176,368
160,374,197,372,197,381,161,383
196,373,213,373,213,381,196,381
112,374,122,374,122,380,112,380
122,374,138,374,138,381,122,381
145,385,160,385,160,392,145,392
161,385,178,385,178,392,161,392
189,384,215,386,214,393,188,391
213,385,222,385,222,394,213,394
221,385,240,385,240,393,221,393
241,385,252,385,252,393,241,393
250,384,266,384,266,406,250,406
189,394,253,394,253,405,189,405
156,396,174,396,174,402,156,402
264,396,273,396,273,408,264,408
172,405,197,405,197,414,172,414
134,406,145,406,145,413,134,413
204,406,212,406,212,413,204,413
214,406,222,406,222,412,214,412
222,406,232,406,232,413,222,413
116,408,125,408,125,413,116,413
125,408,134,408,134,413,125,413
