190,0,202,0,202,6,190,6
214,0,221,0,221,6,214,6
234,0,249,0,249,6,234,6
249,0,261,0,261,6,249,6
153,0,166,0,166,6,153,6
172,0,182,0,182,6,172,6
182,0,190,0,190,6,182,6
220,0,233,0,233,6,220,6
70,16,78,16,78,24,70,24
78,17,86,17,86,25,78,25
85,17,98,17,98,25,85,25
97,17,105,17,105,24,97,24
140,17,156,17,156,25,140,25
282,17,290,17,290,25,282,25
289,17,298,17,298,24,289,24
297,17,304,17,304,25,297,25
234,18,254,18,254,25,234,25
254,18,268,18,268,25,254,25
304,18,322,18,322,24,304,24
44,20,61,20,61,26,44,26
112,20,136,20,136,25,112,25
84,26,94,26,94,36,84,36
94,26,104,26,104,34,94,34
104,26,112,26,112,34,104,34
45,30,61,30,61,37,45,37
60,30,73,30,73,36,60,36
58,45,85,45,85,50,58,50
76,61,92,61,92,65,76,65
57,82,65,82,65,90,57,90
85,82,97,82,97,88,85,88
64,84,85,84,85,89,64,89
97,84,105,84,105,90,97,90
104,84,112,84,112,89,104,89
354,102,378,102,378,110,354,110
33,104,49,104,49,113,33,113
54,104,98,104,98,112,54,112
125,104,145,104,145,110,125,110
153,104,166,104,166,109,153,109
188,104,205,104,205,110,188,110
205,104,229,104,229,110,205,110
229,104,238,104,238,112,229,112
254,104,274,104,274,108,254,108
348,104,356,104,356,110,348,110
97,105,110,105,110,116,97,116
166,105,174,105,174,112,166,112
292,105,301,105,301,112,292,112
300,105,313,105,313,112,300,112
325,105,334,105,334,109,325,109
144,114,156,114,156,121,144,121
214,114,228,114,228,122,214,122
226,114,249,114,249,122,226,122
278,114,286,114,286,124,278,124
302,114,316,114,316,122,302,122
325,114,333,114,333,122,325,122
353,114,362,114,362,124,353,124
361,114,376,114,376,122,361,122
56,116,69,116,69,124,56,124
165,116,176,116,176,120,165,120
254,116,266,116,266,122,254,122
284,114,302,114,302,128,284,128
378,124,393,124,393,133,378,133
54,137,62,137,62,145,54,145
62,137,70,137,70,144,62,144
148,137,182,137,182,145,148,145
197,137,210,137,210,142,197,142
260,137,293,137,293,148,260,148
313,137,330,137,330,145,313,145
330,137,364,137,364,146,330,146
96,138,112,138,112,144,96,144
224,138,244,138,244,146,224,146
292,138,301,138,301,146,292,146
113,140,122,140,122,144,113,144
54,148,61,148,61,156,54,156
85,148,96,148,96,156,85,156
120,148,130,148,130,157,120,157
129,146,150,149,149,158,128,155
275,146,290,149,288,158,273,155
60,149,68,149,68,156,60,156
66,149,86,149,86,156,66,156
94,149,106,149,106,156,94,156
205,148,225,149,225,156,204,154
256,149,268,149,268,157,256,157
148,150,158,150,158,157,148,157
157,150,168,150,168,156,157,156
180,149,206,149,206,166,180,166
226,150,238,150,238,157,226,157
286,149,305,149,305,162,286,162
385,150,396,150,396,158,385,158
394,150,406,150,406,156,394,156
169,152,177,152,177,165,169,165
156,158,165,158,165,166,156,166
56,160,64,160,64,168,56,168
77,160,92,160,92,168,77,168
110,160,118,160,118,168,110,168
141,160,157,160,157,168,141,168
217,160,226,160,226,166,217,166
225,160,233,160,233,166,225,166
232,160,240,160,240,168,232,168
266,160,276,160,276,168,266,168
274,160,284,160,284,166,274,166
117,161,125,161,125,168,117,168
148,170,157,170,157,178,148,178
176,170,185,170,185,178,176,178
184,170,193,170,193,177,184,177
192,170,201,170,201,178,192,178
213,170,229,170,229,178,213,178
250,170,260,170,260,178,250,178
84,172,97,172,97,177,84,177
110,172,125,172,125,177,110,177
258,172,270,172,270,178,258,178
293,180,309,180,309,188,293,188
173,181,182,181,182,189,173,189
222,181,232,181,232,189,222,189
246,181,256,181,256,188,246,188
286,181,294,181,294,188,286,188
126,182,142,182,142,189,126,189
141,182,149,182,149,188,141,188
166,182,174,182,174,189,166,189
205,182,221,182,221,189,205,189
257,182,270,182,270,188,257,188
56,184,68,184,68,190,56,190
66,184,76,184,76,190,66,190
168,192,177,192,177,200,168,200
205,192,214,192,214,200,205,200
214,192,221,192,221,200,214,200
62,193,70,193,70,200,62,200
69,193,77,193,77,200,69,200
106,193,114,193,114,201,106,201
136,193,144,193,144,200,136,200
160,193,168,193,168,201,160,201
176,193,184,193,184,200,176,200
225,193,233,193,233,200,225,200
248,193,257,193,257,201,248,201
256,193,265,193,265,201,256,201
265,193,274,193,274,201,265,201
97,194,106,194,106,201,97,201
289,194,297,194,297,201,289,201
56,204,70,204,70,212,56,212
234,204,242,204,242,210,234,210
242,204,262,204,262,213,242,213
278,204,330,204,330,212,278,212
329,202,364,202,364,216,329,216
69,205,82,205,82,214,69,214
82,205,90,205,90,212,82,212
89,205,97,205,97,212,89,212
96,205,104,205,104,212,96,212
120,205,141,205,141,212,120,212
160,205,168,205,168,213,160,213
166,205,181,205,181,213,166,213
200,206,218,206,218,212,200,212
230,213,265,213,265,222,230,222
82,214,109,214,109,222,82,222
108,214,116,214,116,222,108,222
132,214,144,214,144,224,132,224
193,214,202,214,202,222,193,222
284,214,301,214,301,222,284,222
373,214,405,214,405,222,373,222
73,216,84,216,84,222,73,222
161,216,169,216,169,222,161,222
202,216,218,216,218,222,202,222
313,216,321,216,321,224,313,224
340,216,358,216,358,224,340,224
170,216,196,216,196,232,170,232
277,225,302,225,302,233,277,233
344,225,370,225,370,233,344,233
56,226,64,226,64,233,56,233
69,226,77,226,77,237,69,237
76,226,101,226,101,233,76,233
100,226,126,226,126,233,100,233
210,226,218,226,218,233,210,233
217,226,238,226,238,233,217,233
270,226,278,226,278,233,270,233
318,226,329,226,329,233,318,233
369,226,381,226,381,234,369,234
128,236,142,236,142,244,128,244
265,236,292,236,292,244,265,244
372,236,404,236,404,244,372,244
93,237,117,237,117,244,93,244
141,237,154,237,154,244,141,244
184,237,194,237,194,244,184,244
194,237,208,237,208,244,194,244
206,237,238,237,238,244,206,244
320,236,343,238,342,244,319,242
360,237,368,237,368,244,360,244
237,238,257,238,257,245,237,245
298,238,308,238,308,242,298,242
53,240,64,240,64,244,53,244
221,257,250,257,250,266,221,266
321,256,334,256,334,266,321,266
72,258,82,258,82,266,72,266
88,258,112,258,112,268,88,268
193,258,209,258,209,268,193,268
206,258,222,258,222,265,206,265
304,258,322,258,322,266,304,266
336,258,353,258,353,266,336,266
52,260,64,260,64,268,52,268
121,260,137,260,137,268,121,268
290,260,304,260,304,268,290,268
56,270,70,270,70,278,56,278
85,270,112,270,112,282,85,282
70,272,84,272,84,278,70,278
165,292,180,292,180,300,165,300
241,290,253,290,253,301,241,301
266,292,273,292,273,300,266,300
273,292,286,292,286,300,273,300
285,293,315,291,316,301,285,303
314,292,322,292,322,298,314,298
53,293,61,293,61,301,53,301
77,293,88,293,88,301,77,301
86,293,101,293,101,301,86,301
121,293,137,293,137,301,121,301
154,293,166,293,166,301,154,301
218,293,226,293,226,301,218,301
234,293,244,293,244,301,234,301
180,294,188,294,188,304,180,304
309,302,336,302,336,310,309,310
348,302,370,302,370,310,348,310
60,305,81,303,81,311,61,313
202,304,238,304,238,314,202,314
297,304,309,304,309,309,297,309
104,305,116,305,116,314,104,314
150,305,158,305,158,314,150,314
162,305,180,305,180,310,162,310
246,305,256,305,256,316,246,316
262,305,277,305,277,312,262,312
257,314,303,312,304,321,257,322
302,313,314,313,314,321,302,321
329,313,342,313,342,321,329,321
165,314,189,314,189,322,165,322
205,314,213,314,213,321,205,321
238,314,245,314,245,322,238,322
244,314,252,314,252,321,244,321
353,314,364,314,364,321,353,321
118,316,142,316,142,324,118,324
53,317,74,317,74,324,53,324
88,317,96,317,96,325,88,325
96,317,108,317,108,322,96,322
78,318,88,318,88,325,78,325
377,324,406,324,406,333,377,333
177,325,185,325,185,333,177,333
184,325,206,325,206,333,184,333
246,325,265,325,265,334,246,334
332,325,345,325,345,332,332,332
354,325,362,325,362,333,354,333
361,325,376,325,376,333,361,333
64,326,72,326,72,338,64,338
70,326,98,326,98,334,70,334
97,326,105,326,105,334,97,334
144,326,165,326,165,333,144,333
205,326,226,326,226,333,205,333
265,326,282,326,282,332,265,332
282,326,290,326,290,333,282,333
289,326,313,326,313,332,289,332
405,326,410,326,410,334,405,334
118,328,129,328,129,333,118,333
212,334,249,336,249,345,211,343
270,336,285,336,285,345,270,345
53,337,61,337,61,345,53,345
153,337,165,337,165,342,153,342
165,337,178,337,178,344,165,344
178,337,192,337,192,344,178,344
290,336,304,336,304,349,290,349
308,337,321,337,321,345,308,345
329,336,354,336,354,349,329,349
352,336,364,336,364,349,352,349
361,336,373,336,373,346,361,346
372,337,380,337,380,345,372,345
77,338,124,338,124,346,77,346
129,338,136,338,136,349,129,349
54,349,95,347,96,356,54,358
341,348,362,348,362,356,341,356
94,349,104,349,104,354,94,354
120,349,145,349,145,357,120,357
188,349,213,349,213,356,188,356
253,351,275,348,277,357,254,360
274,349,298,349,298,360,274,360
308,349,334,349,334,358,308,358
361,349,368,349,368,357,361,357
144,350,152,350,152,356,144,356
165,350,188,350,188,356,165,356
237,350,248,350,248,360,237,360
116,358,140,358,140,366,116,366
218,358,253,358,253,366,218,366
337,358,354,358,354,366,337,366
353,358,362,358,362,366,353,366
361,358,370,358,370,366,361,366
53,360,61,360,61,366,53,366
64,360,72,360,72,368,64,368
70,360,90,360,90,365,70,365
149,358,176,361,175,371,148,368
305,360,313,360,313,366,305,366
273,361,286,361,286,368,273,368
285,361,294,361,294,365,285,365
102,370,134,370,134,382,102,382
53,372,61,372,61,380,53,380
65,372,104,372,104,378,65,378
