76,33,84,33,84,42,76,42
84,33,92,33,92,42,84,42
90,34,108,34,108,42,90,42
129,34,138,34,138,42,129,42
120,44,132,44,132,56,120,56
160,45,169,45,169,52,160,52
132,58,140,58,140,65,132,65
152,58,160,58,160,64,152,64
130,68,140,68,140,76,130,76
154,68,162,68,162,74,154,74
140,69,154,69,154,76,140,76
214,74,224,74,224,81,214,81
272,74,281,74,281,82,272,82
206,76,214,76,214,82,206,82
252,77,265,77,265,85,252,85
146,80,154,80,154,86,146,86
312,81,321,81,321,88,312,88
216,84,237,81,238,90,217,92
297,82,308,82,308,90,297,90
181,86,198,86,198,96,181,96
142,89,152,89,152,97,142,97
150,89,161,89,161,97,150,97
252,88,262,88,262,98,252,98
261,88,273,88,273,98,261,98
113,92,122,92,122,100,113,100
240,92,249,92,249,98,240,98
188,99,213,96,213,104,189,106
152,100,169,100,169,110,152,110
130,101,149,101,149,108,130,108
309,112,318,112,318,118,309,118
317,112,338,112,338,122,317,122
344,114,354,114,354,120,344,120
362,114,370,114,370,122,362,122
370,114,380,114,380,122,370,122
389,116,398,116,398,124,389,124
398,117,406,117,406,126,398,126
204,118,214,118,214,126,204,126
293,118,302,118,302,126,293,126
193,120,204,120,204,129,193,129
278,118,292,118,292,130,278,130
109,120,124,120,124,130,109,130
129,121,148,121,148,129,129,129
180,121,188,121,188,125,180,125
257,121,274,121,274,132,257,132
236,125,246,125,246,133,236,133
221,128,234,128,234,136,221,136
145,132,154,132,154,140,145,140
153,132,164,132,164,140,153,140
177,132,197,132,197,142,177,142
204,146,216,146,216,158,204,158
134,149,150,149,150,162,134,162
185,150,196,150,196,158,185,158
194,150,202,150,202,158,194,158
149,152,160,152,160,161,149,161
166,152,174,152,174,160,166,160
173,152,186,152,186,160,173,160
158,153,166,153,166,161,158,161
94,173,105,173,105,181,94,181
106,174,117,174,117,180,106,180
133,174,144,174,144,182,133,182
145,174,156,174,156,182,145,182
158,176,168,176,168,182,158,182
168,176,176,176,176,181,168,181
98,184,108,184,108,192,98,192
132,185,144,185,144,193,132,193
144,185,154,185,154,193,144,193
166,185,176,185,176,193,166,193
112,186,121,186,121,190,112,190
154,186,166,186,166,193,154,193
81,192,94,192,94,204,81,204
93,192,108,192,108,202,93,202
113,194,125,194,125,204,113,204
186,196,194,196,194,202,186,202
299,196,329,194,329,206,300,208
326,194,341,194,341,206,326,206
125,197,134,197,134,201,125,201
150,197,162,197,162,205,150,205
161,197,173,197,173,204,161,204
173,197,184,197,184,204,173,204
341,197,350,197,350,206,341,206
280,200,292,200,292,208,280,208
246,201,269,201,269,210,246,210
228,204,238,204,238,212,228,212
206,205,220,205,220,213,206,213
102,206,120,206,120,214,102,214
120,208,128,208,128,214,120,214
149,208,165,208,165,214,149,214
165,208,181,208,181,214,165,214
192,208,208,208,208,217,192,217
81,234,93,234,93,248,81,248
92,236,100,236,100,245,92,245
126,234,152,234,152,246,126,246
109,237,120,237,120,245,109,245
157,237,177,237,177,248,157,248
186,237,212,237,212,246,186,246
98,238,109,238,109,245,98,245
176,238,186,238,186,248,176,248
212,238,226,238,226,245,212,245
136,264,154,264,154,281,136,281
97,265,118,265,118,282,97,282
242,268,254,268,254,277,242,277
117,269,128,269,128,277,117,277
153,268,173,268,173,278,153,278
198,270,233,268,233,277,198,279
174,270,198,270,198,280,174,280
233,270,244,270,244,278,233,278
257,270,265,270,265,277,257,277
264,270,284,270,284,277,264,277
156,289,172,289,172,300,156,300
116,290,125,290,125,297,116,297
124,290,134,290,134,298,124,298
208,290,222,290,222,300,208,300
221,290,229,290,229,300,221,300
133,292,142,292,142,298,133,298
141,292,157,292,157,300,141,300
228,292,236,292,236,301,228,301
236,292,256,292,256,300,236,300
117,298,129,298,129,310,117,310
129,298,142,298,142,312,129,312
142,302,150,302,150,310,142,310
149,302,164,302,164,309,149,309
168,302,176,302,176,310,168,310
174,302,184,302,184,310,174,310
182,302,192,302,192,310,182,310
190,302,196,302,196,310,190,310
266,302,274,302,274,310,266,310
220,304,228,304,228,310,220,310
226,304,234,304,234,310,226,310
234,304,253,304,253,310,234,310
254,304,268,304,268,312,254,312
278,304,289,304,289,310,278,310
288,304,296,304,296,310,288,310
121,318,138,318,138,329,121,329
153,320,197,322,197,333,152,331
137,322,145,322,145,330,137,330
196,324,208,324,208,334,196,334
280,325,286,325,286,333,280,333
228,326,236,326,236,333,228,333
236,326,244,326,244,333,236,333
242,326,254,326,254,333,242,333
266,326,274,326,274,334,266,334
273,326,280,326,280,334,273,334
285,326,301,326,301,334,285,334
314,326,324,326,324,334,314,334
300,328,309,328,309,334,300,334
121,329,132,329,132,341,121,341
129,329,146,329,146,341,129,341
156,333,174,333,174,341,156,341
198,336,210,336,210,346,198,346
226,337,242,337,242,344,226,344
241,337,253,337,253,342,241,342
268,337,276,337,276,345,268,345
274,337,284,337,284,345,274,345
282,337,290,337,290,345,282,345
320,337,329,337,329,345,320,345
289,338,296,338,296,346,289,346
296,338,306,338,306,346,296,346
305,340,314,340,314,346,305,346
118,340,133,340,133,352,118,352
149,341,164,341,164,353,149,353
132,344,141,344,141,352,132,352
164,344,176,344,176,352,164,352
188,345,214,345,214,354,188,354
226,348,237,348,237,354,226,354
236,348,244,348,244,353,236,353
245,348,257,348,257,354,245,354
286,348,293,348,293,357,286,357
318,348,328,348,328,357,318,357
270,349,280,349,280,357,270,357
278,349,288,349,288,357,278,357
292,349,300,349,300,357,292,357
298,350,320,350,320,357,298,357
120,350,130,350,130,362,120,362
128,350,140,350,140,364,128,364
138,354,148,354,148,362,138,362
153,354,165,354,165,362,153,362
165,356,176,356,176,362,165,362
189,357,198,357,198,365,189,365
200,358,210,358,210,362,200,362
245,358,258,358,258,366,245,366
229,360,245,360,245,366,229,366
272,361,282,361,282,368,272,368
326,361,334,361,334,369,326,369
296,362,322,362,322,369,296,369
