220,2,230,2,230,8,220,8
148,4,165,4,165,9,148,9
196,4,206,4,206,9,196,9
249,4,258,4,258,8,249,8
353,17,364,17,364,26,353,26
325,20,333,20,333,28,325,28
332,20,348,20,348,28,332,28
346,20,354,20,354,28,346,28
302,21,321,21,321,28,302,28
158,22,168,22,168,30,158,30
234,22,254,22,254,29,234,29
254,22,268,22,268,29,254,29
272,22,280,22,280,29,272,29
278,22,286,22,286,29,278,29
285,22,298,22,298,29,285,29
48,24,64,24,64,30,48,30
70,24,82,24,82,32,70,32
82,24,90,24,90,30,82,30
114,24,149,24,149,30,114,30
148,32,165,32,165,40,148,40
164,32,172,32,172,38,164,38
48,34,62,34,62,40,48,40
62,34,70,34,70,40,62,40
62,49,97,49,97,56,62,56
68,60,89,60,89,64,68,64
65,65,85,65,85,70,65,70
324,97,333,97,333,102,324,102
204,98,210,98,210,108,204,108
37,98,50,98,50,112,37,112
77,100,132,100,132,109,77,109
190,100,204,100,204,108,190,108
242,100,253,100,253,105,242,105
270,100,280,100,280,106,270,106
280,100,296,100,296,106,280,106
360,100,372,100,372,104,360,104
22,101,30,101,30,110,22,110
28,100,40,100,40,112,28,112
138,101,160,101,160,109,138,109
165,101,192,101,192,108,165,108
225,101,237,101,237,106,225,106
52,102,61,102,61,109,52,109
246,110,282,107,283,116,246,119
305,108,314,108,314,113,305,113
362,109,376,109,376,117,362,117
381,109,392,109,392,113,381,113
196,110,209,110,209,117,196,117
221,110,229,110,229,117,221,117
66,112,102,112,102,120,66,120
153,112,164,112,164,118,153,118
166,112,196,112,196,120,166,120
118,113,137,113,137,121,118,121
136,113,146,113,146,120,136,120
357,130,369,130,369,138,357,138
150,132,172,132,172,140,150,140
102,133,129,133,129,141,102,141
134,133,152,133,152,141,134,141
178,133,192,133,192,138,178,138
200,133,214,133,214,138,200,138
261,133,290,133,290,140,261,140
292,133,300,133,300,138,292,138
302,133,313,133,313,137,302,137
333,133,346,133,346,138,333,138
368,133,376,133,376,140,368,140
70,134,90,134,90,142,70,142
94,134,102,134,102,142,94,142
218,134,254,134,254,140,218,140
66,145,115,141,116,152,66,156
221,144,234,144,234,152,221,152
145,146,185,144,185,153,145,155
233,145,244,145,244,154,233,154
117,146,124,146,124,157,117,157
136,146,145,146,145,152,136,152
261,154,269,154,269,161,261,161
268,154,278,154,278,162,268,162
234,156,250,156,250,162,234,162
110,157,126,157,126,165,110,165
168,157,176,157,176,164,168,164
174,157,184,157,184,165,174,165
200,157,217,157,217,162,200,162
222,157,232,157,232,164,222,164
101,158,112,158,112,165,101,165
130,158,145,158,145,164,130,164
174,165,189,165,189,173,174,173
242,165,257,165,257,174,242,174
268,165,278,165,278,173,268,173
278,165,289,165,289,173,278,173
120,166,129,166,129,176,120,176
149,166,158,166,158,173,149,173
158,166,166,166,166,173,158,173
188,166,204,166,204,174,188,174
206,166,220,166,220,174,206,174
257,166,266,166,266,174,257,174
112,168,121,168,121,176,112,176
218,168,226,168,226,174,218,174
78,169,86,169,86,174,78,174
258,176,285,176,285,184,258,184
149,177,157,177,157,184,149,184
156,177,169,177,169,182,156,182
188,177,197,177,197,184,188,184
196,177,204,177,204,184,196,184
205,177,213,177,213,184,205,184
225,177,252,177,252,185,225,185
292,177,306,177,306,184,292,184
306,177,314,177,314,184,306,184
80,180,105,178,105,185,81,187
110,178,118,178,118,184,110,184
120,178,128,178,128,185,120,185
193,185,208,185,208,193,193,193
289,186,298,186,298,193,289,193
297,186,306,186,306,193,297,193
132,188,142,188,142,194,132,194
141,188,150,188,150,196,141,196
160,188,174,188,174,193,160,193
174,188,182,188,182,196,174,196
217,188,228,188,228,196,217,196
226,188,236,188,236,196,226,196
237,188,249,188,249,196,237,196
252,188,260,188,260,196,252,196
265,188,274,188,274,194,265,194
280,188,289,188,289,194,280,194
258,189,266,189,266,196,258,196
88,190,106,190,106,198,88,198
105,190,114,190,114,197,105,197
248,208,257,208,257,217,248,217
348,206,368,206,368,222,348,222
72,209,116,209,116,218,72,218
126,209,137,209,137,218,126,218
277,209,350,209,350,220,277,220
374,209,406,209,406,217,374,217
136,209,157,209,157,222,136,222
182,210,190,210,190,217,182,217
192,210,208,210,208,217,192,217
220,210,232,210,232,218,220,218
230,210,245,210,245,218,230,218
156,212,172,212,172,218,156,218
256,212,265,212,265,216,256,216
197,218,214,218,214,228,197,228
161,220,190,220,190,228,161,228
237,220,257,220,257,228,237,228
272,220,294,220,294,229,272,229
376,220,401,220,401,228,376,228
85,222,105,222,105,233,85,233
110,222,126,222,126,229,110,229
216,222,229,222,229,232,216,232
313,222,324,222,324,228,313,228
65,224,77,224,77,234,65,234
128,230,149,230,149,238,128,238
238,230,262,230,262,238,238,238
314,230,324,230,324,236,314,236
156,232,189,232,189,240,156,240
202,232,216,232,216,238,202,238
332,232,352,232,352,240,332,240
68,233,104,233,104,241,68,241
112,233,125,233,125,241,112,241
226,233,236,233,236,237,226,237
268,233,286,233,286,238,268,238
296,233,314,233,314,240,296,240
256,241,276,241,276,250,256,250
112,241,144,244,143,253,111,250
298,242,330,242,330,250,298,250
286,244,300,244,300,252,286,252
66,245,84,245,84,253,66,253
84,245,110,245,110,250,84,250
156,245,193,245,193,253,156,253
206,245,222,245,222,250,206,250
230,245,244,245,244,250,230,250
334,252,346,252,346,261,334,261
229,253,238,253,238,261,229,261
314,253,330,253,330,261,314,261
346,253,362,253,362,261,346,261
377,253,390,253,390,262,377,262
193,254,208,254,208,262,193,262
208,254,226,254,226,262,208,262
238,254,266,254,266,262,238,262
266,254,281,254,281,265,266,265
298,254,313,254,313,262,298,262
361,254,377,254,377,261,361,261
68,256,80,256,80,264,68,264
84,256,96,256,96,262,84,262
94,256,112,256,112,264,94,264
112,256,142,256,142,266,112,266
102,265,116,265,116,278,102,278
66,268,80,268,80,276,66,276
89,268,104,268,104,274,89,274
233,285,289,285,289,296,233,296
180,286,209,286,209,297,180,297
302,286,330,286,330,296,302,296
366,286,385,286,385,294,366,294
94,288,104,288,104,296,94,296
117,288,148,288,148,297,117,297
216,287,234,289,232,298,215,295
72,289,89,289,89,297,72,297
88,289,96,289,96,296,88,296
146,289,168,289,168,296,146,296
337,289,350,289,350,294,337,294
350,289,368,289,368,301,350,301
131,299,178,295,179,305,132,309
332,297,353,297,353,306,332,306
90,298,120,298,120,308,90,308
252,298,277,298,277,304,252,304
369,298,394,298,394,306,369,306
70,300,82,300,82,308,70,308
181,300,193,300,193,306,181,306
194,300,210,300,210,310,194,310
278,300,286,300,286,306,278,306
297,300,325,300,325,312,297,312
229,301,240,301,240,305,229,305
270,308,293,308,293,317,270,317
68,308,80,308,80,318,68,318
224,309,249,309,249,317,224,317
332,309,353,309,353,317,332,317
356,308,368,308,368,321,356,321
82,310,117,310,117,321,82,321
114,309,145,309,145,330,114,330
248,310,258,310,258,316,248,316
298,310,306,310,306,318,298,318
305,310,333,310,333,320,305,320
152,312,162,312,162,318,152,318
161,312,173,312,173,318,161,318
172,312,181,312,181,318,172,318
180,312,197,312,197,317,180,317
162,318,213,318,213,329,162,329
241,318,256,318,256,328,241,328
89,315,124,322,120,340,85,333
264,320,298,320,298,328,264,328
297,319,324,322,323,331,296,327
224,321,242,321,242,329,224,329
329,322,337,322,337,328,329,328
81,324,89,324,89,330,81,330
118,332,141,332,141,337,118,337
78,334,101,334,101,342,78,342
72,336,80,336,80,346,72,346
337,362,352,362,352,372,337,372
288,364,338,364,338,373,288,373
121,364,148,365,147,374,120,373
81,366,116,366,116,374,81,374
156,366,174,366,174,374,156,374
173,366,209,366,209,376,173,376
219,368,265,364,265,374,220,377
269,365,285,365,285,377,269,377
352,366,368,366,368,372,352,372
180,374,201,374,201,385,180,385
216,376,250,376,250,385,216,385
250,374,268,374,268,386,250,386
101,377,121,377,121,385,101,385
136,377,169,377,169,385,136,385
301,376,333,378,333,385,301,383
352,377,360,377,360,384,352,384
88,378,101,378,101,385,88,385
169,378,177,378,177,385,169,385
365,378,376,378,376,384,365,384
69,380,88,380,88,385,69,385
282,386,312,386,312,394,282,394
329,386,341,386,341,394,329,394
145,388,153,388,153,393,145,393
156,388,165,388,165,396,156,396
164,388,173,388,173,396,164,396
182,388,192,388,192,396,182,396
190,388,198,388,198,394,190,394
202,388,224,388,224,397,202,397
252,388,262,388,262,394,252,394
261,388,280,388,280,394,261,394
310,388,329,388,329,393,310,393
342,388,354,388,354,394,342,394
353,388,366,388,366,393,353,393
97,389,113,389,113,396,97,396
120,389,130,389,130,396,120,396
129,389,137,389,137,396,129,396
225,389,248,389,248,396,225,396
