330,12,370,6,371,16,332,22
322,14,333,14,333,22,322,22
288,17,316,17,316,26,288,26
260,20,302,20,302,57,260,57
352,22,373,20,374,28,353,31
214,21,226,21,226,34,214,34
194,24,209,24,209,42,194,42
60,30,85,30,85,45,60,45
154,34,174,31,175,40,156,43
122,34,157,34,157,46,122,46
224,34,262,34,262,53,224,53
34,36,45,36,45,54,34,54
88,36,117,36,117,56,88,56
293,38,318,38,318,61,293,61
348,40,356,40,356,46,348,46
209,40,224,40,224,56,209,56
163,44,186,41,187,50,164,53
196,42,210,42,210,57,196,57
369,44,380,44,380,53,369,53
327,46,371,42,373,65,329,69
18,46,26,46,26,54,18,54
57,45,89,45,89,66,57,66
122,45,142,45,142,72,122,72
26,48,36,48,36,53,26,53
181,53,190,53,190,60,181,60
236,52,276,52,276,76,236,76
281,53,296,53,296,61,281,61
110,58,116,58,116,72,110,72
114,57,130,57,130,88,114,88
314,58,334,58,334,66,314,66
96,58,112,58,112,80,96,80
146,60,156,60,156,73,146,73
216,60,236,60,236,68,216,68
296,60,306,60,306,69,296,69
150,65,206,58,209,89,154,95
286,61,296,63,292,87,282,86
64,68,76,68,76,76,64,76
88,68,98,68,98,76,88,76
54,69,65,69,65,76,54,76
208,69,237,69,237,88,208,88
308,72,334,70,335,79,309,81
129,77,141,77,141,84,129,84
276,77,285,77,285,85,276,85
56,71,118,84,114,100,53,88
250,78,264,78,264,86,250,86
236,78,252,78,252,90,236,90
188,80,212,80,212,92,188,92
58,86,76,86,76,96,58,96
128,88,154,88,154,98,128,98
56,92,100,92,100,106,56,106
217,92,229,92,229,100,217,100
142,97,186,92,187,104,144,110
113,98,134,98,134,105,113,105
333,104,341,104,341,112,333,112
246,104,278,104,278,118,246,118
313,105,334,105,334,114,313,114
148,105,240,105,240,125,148,125
284,108,293,108,293,116,284,116
292,108,302,108,302,116,292,116
277,109,285,109,285,116,277,116
101,117,137,117,137,126,101,126
237,126,290,120,292,138,238,144
57,125,68,125,68,136,57,136
66,128,94,128,94,136,66,136
206,126,234,126,234,142,206,142
340,129,376,129,376,148,340,148
178,130,200,130,200,150,178,150
127,132,169,137,166,153,125,147
320,133,336,133,336,149,320,149
374,137,382,137,382,145,374,145
54,138,64,138,64,146,54,146
62,138,84,138,84,145,62,145
288,137,302,137,302,149,288,149
301,140,313,140,313,148,301,148
264,141,284,141,284,149,264,149
206,144,217,144,217,152,206,152
197,142,234,142,234,165,197,165
237,142,262,142,262,162,237,162
250,144,260,144,260,150,250,150
297,150,305,150,305,158,297,158
266,152,296,152,296,161,266,161
297,169,318,169,318,190,297,190
280,170,294,170,294,190,280,190
61,172,88,172,88,185,61,185
246,172,261,172,261,184,246,184
258,172,273,172,273,184,258,184
272,172,284,172,284,182,272,182
174,176,210,174,211,185,174,186
225,173,238,173,238,185,225,185
236,173,249,173,249,184,236,184
52,174,64,174,64,186,52,186
214,177,222,177,222,185,214,185
290,176,302,176,302,190,290,190
114,178,126,178,126,186,114,186
146,178,176,178,176,186,146,186
317,180,329,180,329,190,317,190
328,180,340,180,340,192,328,192
266,182,277,182,277,192,266,192
201,185,209,185,209,194,201,194
53,185,64,185,64,196,53,196
64,188,76,188,76,196,64,196
147,190,194,187,195,196,148,198
234,188,244,188,244,194,234,194
286,193,305,193,305,205,286,205
304,193,322,193,322,206,304,206
249,195,271,197,270,207,248,205
270,196,286,196,286,206,270,206
321,194,337,194,337,206,321,206
336,196,348,196,348,205,336,205
233,197,248,197,248,206,233,206
56,198,72,198,72,206,56,206
126,198,184,200,183,209,126,207
220,198,228,198,228,205,220,205
82,200,92,200,92,206,82,206
90,200,98,200,98,206,90,206
182,200,190,200,190,206,182,206
61,212,81,212,81,226,61,226
53,217,64,217,64,226,53,226
80,218,94,218,94,226,80,226
307,221,359,219,360,235,308,237
244,225,273,225,273,237,244,237
74,228,100,228,100,237,74,237
194,229,210,229,210,245,194,245
281,230,294,230,294,237,281,237
357,232,384,232,384,248,357,248
184,234,198,234,198,246,184,246
53,238,74,238,74,246,53,246
80,240,104,240,104,248,80,248
114,240,133,240,133,248,114,248
240,241,266,238,267,247,241,250
286,238,325,238,325,260,286,260
320,238,330,238,330,250,320,250
325,238,341,238,341,260,325,260
338,238,361,238,361,260,338,260
382,241,392,241,392,248,382,248
53,248,66,248,66,256,53,256
72,248,112,250,111,261,71,259
206,252,254,248,255,259,206,262
78,254,145,249,146,265,80,270
149,248,188,250,187,270,148,268
265,250,274,250,274,260,265,260
277,250,288,250,288,258,277,258
352,250,370,250,370,260,352,260
369,252,385,252,385,260,369,260
149,258,160,258,160,268,149,268
182,261,190,261,190,269,182,269
189,261,202,261,202,269,189,269
14,276,26,276,26,289,14,289
25,276,38,276,38,293,25,293
280,289,310,293,309,306,278,302
98,292,108,292,108,296,98,296
110,292,118,292,118,298,110,298
245,293,285,293,285,313,245,313
268,296,281,296,281,302,268,302
329,297,352,297,352,306,329,306
65,301,81,301,81,308,65,308
110,302,118,302,118,313,110,313
224,301,261,305,259,325,222,321
294,308,342,308,342,321,294,321
354,308,374,308,374,317,354,317
372,308,394,308,394,329,372,329
56,310,70,310,70,318,56,318
106,309,138,319,133,336,101,327
194,313,213,313,213,326,194,326
212,313,265,317,263,336,210,332
277,317,289,317,289,325,277,325
296,316,328,318,327,327,295,325
340,317,354,317,354,330,340,330
74,320,102,320,102,328,74,328
165,320,176,320,176,330,165,330
354,320,378,320,378,329,354,329
146,322,166,322,166,330,146,330
181,324,189,324,189,330,181,330
20,328,29,328,29,337,20,337
28,329,42,329,42,337,28,337
69,336,77,336,77,346,69,346
49,338,57,338,57,348,49,348
86,338,130,338,130,350,86,350
153,338,165,338,165,352,153,352
169,338,181,338,181,358,169,358
57,341,66,341,66,346,57,346
181,341,186,341,186,360,181,360
213,331,255,359,241,380,198,353
129,342,141,342,141,350,129,350
164,342,172,342,172,352,164,352
293,347,337,341,339,361,296,366
50,349,61,349,61,357,50,357
141,348,152,348,152,360,141,360
58,350,66,350,66,358,58,358
65,350,73,350,73,357,65,357
85,350,94,350,94,364,85,364
250,350,276,350,276,358,250,358
93,352,114,352,114,360,93,360
266,353,293,353,293,377,266,377
186,356,208,356,208,365,186,365
50,361,84,361,84,368,50,368
261,361,269,361,269,370,261,370
96,362,104,362,104,366,96,366
136,364,144,364,144,372,136,372
142,364,161,364,161,372,142,372
309,364,340,364,340,373,309,373
202,369,210,369,210,376,202,376
222,369,234,369,234,377,222,377
252,370,261,370,261,378,252,378
165,372,173,372,173,384,165,384
178,377,193,377,193,384,178,384
193,378,202,378,202,386,193,386
216,380,238,380,238,388,216,388
256,382,269,382,269,390,256,390
278,382,292,382,292,392,278,392
297,381,318,384,317,395,296,393
269,384,280,384,280,392,269,392
137,385,149,385,149,390,137,390
149,384,168,387,167,393,148,390
329,384,341,384,341,396,329,396
341,385,392,385,392,398,341,398
390,390,401,390,401,400,390,400
