49,36,57,36,57,42,49,42
44,53,52,53,52,61,44,61
69,57,78,57,78,64,69,64
322,85,337,85,337,93,322,93
336,85,345,85,345,93,336,93
345,86,353,86,353,93,345,93
360,86,376,86,376,93,360,93
221,101,246,101,246,109,221,109
109,102,117,102,117,109,109,109
117,102,128,102,128,110,117,110
144,102,172,102,172,112,144,112
128,104,137,104,137,110,128,110
176,104,185,104,185,109,176,109
245,104,272,104,272,112,245,112
272,104,293,104,293,112,272,112
296,105,320,105,320,113,296,113
49,120,60,120,60,129,49,129
58,121,68,121,68,128,58,128
66,121,78,121,78,129,66,129
77,121,101,121,101,129,77,129
128,121,142,121,142,128,128,128
146,121,169,121,169,129,146,129
196,121,209,121,209,129,196,129
210,121,240,121,240,129,210,129
245,121,260,121,260,129,245,129
181,122,192,122,192,129,181,129
260,122,273,122,273,129,260,129
38,136,72,136,72,145,38,145
80,137,116,137,116,145,80,145
70,138,81,138,81,145,70,145
133,138,149,138,149,149,133,149
166,140,194,140,194,149,166,149
149,141,160,141,160,149,149,149
158,142,166,142,166,149,158,149
64,157,84,157,84,166,64,166
100,158,110,158,110,166,100,166
149,158,165,158,165,168,149,168
84,160,93,160,93,166,84,166
109,160,118,160,118,164,109,164
166,160,177,160,177,166,166,166
184,160,196,160,196,168,184,168
196,160,208,160,208,168,196,168
206,160,228,160,228,168,206,168
126,161,137,161,137,165,126,165
226,161,234,161,234,169,226,169
233,161,257,161,257,169,233,169
264,161,274,161,274,166,264,166
284,161,300,161,300,169,284,169
309,161,326,161,326,169,309,169
326,164,348,164,348,172,326,172
66,166,85,166,85,174,66,174
88,166,98,166,98,174,88,174
100,168,108,168,108,173,100,173
116,168,125,168,125,174,116,174
128,169,137,169,137,174,128,174
141,169,165,169,165,177,141,177
165,169,190,169,190,178,165,178
189,169,221,169,221,178,189,178
220,169,228,169,228,174,220,174
238,170,246,170,246,176,238,176
42,185,49,185,49,193,42,193
70,185,96,185,96,193,70,193
102,185,120,185,120,193,102,193
48,186,64,186,64,194,48,194
129,185,218,188,218,199,129,195
217,189,241,189,241,198,217,198
38,210,56,210,56,222,38,222
54,213,73,213,73,224,54,224
72,213,82,213,82,224,72,224
81,216,89,216,89,222,81,222
88,216,114,216,114,224,88,224
42,253,52,253,52,264,42,264
68,253,76,253,76,261,68,261
92,252,114,254,113,263,91,261
52,254,68,254,68,261,52,261
133,256,146,256,146,260,133,260
218,257,232,257,232,264,218,264
230,257,246,257,246,264,230,264
184,258,192,258,192,265,184,265
261,258,270,258,270,265,261,265
288,261,302,261,302,269,288,269
304,262,314,262,314,269,304,269
22,273,32,273,32,281,22,281
38,273,45,273,45,281,38,281
32,274,40,274,40,281,32,281
56,274,68,276,67,281,55,279
78,274,115,276,114,293,77,290
142,274,169,274,169,285,142,285
110,277,124,277,124,282,110,282
124,277,132,277,132,285,124,285
169,277,177,277,177,285,169,285
188,280,197,280,197,288,188,288
197,280,208,280,208,288,197,288
206,280,214,280,214,288,206,288
213,280,225,280,225,286,213,286
230,281,241,281,241,288,230,288
240,281,249,281,249,286,240,286
265,281,273,281,273,288,265,288
272,281,281,281,281,288,272,288
293,282,301,282,301,286,293,286
300,281,310,281,310,293,300,293
310,282,318,282,318,290,310,290
320,282,344,282,344,290,320,290
17,284,26,284,26,293,17,293
25,284,41,284,41,290,25,290
54,284,69,284,69,290,54,290
342,284,361,284,361,292,342,292
69,285,77,285,77,292,69,292
138,288,146,288,146,296,138,296
145,288,153,288,153,296,145,296
152,288,161,288,161,293,152,293
172,288,182,288,182,296,172,296
182,289,190,289,190,297,182,297
200,289,214,289,214,297,200,297
214,289,222,289,222,297,214,297
222,289,253,289,253,298,222,298
265,292,278,292,278,298,265,298
20,293,33,293,33,300,20,300
33,293,50,293,50,301,33,301
77,293,92,293,92,301,77,301
90,293,104,293,104,304,90,304
308,292,321,292,321,305,308,305
321,293,329,293,329,301,321,301
326,292,344,292,344,302,326,302
342,293,354,293,354,301,342,301
102,294,110,294,110,305,102,305
109,294,141,296,141,306,108,304
140,297,161,297,161,305,140,305
172,300,184,300,184,305,172,305
184,300,192,300,192,305,184,305
206,300,232,300,232,318,206,318
228,301,242,301,242,309,228,309
257,301,284,301,284,309,257,309
42,302,54,302,54,309,42,309
241,302,250,302,250,309,241,309
250,302,258,302,258,309,250,309
282,302,290,302,290,310,282,310
30,304,38,304,38,310,30,310
53,304,61,304,61,312,53,312
305,304,318,304,318,310,305,310
60,305,69,305,69,312,60,312
68,305,77,305,77,313,68,313
86,305,96,305,96,313,86,313
322,305,334,305,334,312,322,312
334,306,344,306,344,314,334,314
106,308,118,308,118,313,106,313
122,308,130,308,130,314,122,314
130,308,145,308,145,316,130,316
156,307,194,310,193,320,155,316
244,309,274,309,274,332,244,332
20,312,32,312,32,321,20,321
308,312,318,312,318,320,308,320
276,313,290,313,290,321,276,321
320,313,342,313,342,321,320,321
30,314,48,314,48,321,30,321
349,316,361,316,361,322,349,322
361,316,369,316,369,324,361,324
106,317,116,317,116,324,106,324
114,317,124,317,124,325,114,325
122,317,146,317,146,325,122,325
148,318,161,318,161,325,148,325
200,317,225,321,223,331,198,327
237,321,246,321,246,333,237,333
244,321,253,321,253,330,244,330
252,322,260,322,260,330,252,330
18,324,33,324,33,329,18,329
48,325,85,323,85,332,49,334
272,324,280,324,280,329,272,329
292,324,318,324,318,333,292,333
94,323,140,326,139,336,94,334
325,325,362,325,362,337,325,337
364,328,372,328,372,332,364,332
152,329,170,329,170,337,152,337
177,329,202,329,202,338,177,338
216,332,250,332,250,341,216,341
249,332,258,332,258,337,249,337
308,333,317,333,317,341,308,341
282,334,290,334,290,340,282,340
49,341,61,341,61,353,49,353
61,345,72,345,72,353,61,353
93,345,106,345,106,354,93,354
85,346,94,346,94,354,85,354
104,346,116,346,116,358,104,358
114,348,124,348,124,356,114,356
137,349,145,349,145,354,137,354
145,349,153,349,153,356,145,356
152,348,179,350,178,359,151,357
177,350,184,350,184,358,177,358
190,350,208,350,208,358,190,358
220,352,234,352,234,360,220,360
242,352,252,352,252,360,242,360
16,353,40,353,40,362,16,362
250,353,261,353,261,360,250,360
269,353,292,353,292,362,269,362
261,354,270,354,270,361,261,361
328,353,363,357,362,366,327,362
290,356,308,356,308,362,290,362
56,357,66,357,66,364,56,364
65,357,90,357,90,365,65,365
126,357,146,357,146,366,126,366
157,360,166,360,166,368,157,368
166,360,174,360,174,368,166,368
181,360,193,360,193,368,181,368
173,361,182,361,182,368,173,368
193,361,201,361,201,368,193,368
202,361,210,361,210,368,202,368
209,361,217,361,217,369,209,369
241,361,268,361,268,370,241,370
273,364,284,364,284,372,273,372
285,362,307,365,306,375,284,373
306,366,317,366,317,374,306,374
326,366,338,366,338,374,326,374
348,368,364,368,364,376,348,376
362,369,373,369,373,378,362,378
373,370,382,370,382,374,373,374
40,374,72,374,72,382,40,382
81,377,92,377,92,384,81,384
100,376,114,376,114,386,100,386
110,378,144,378,144,397,110,397
150,380,164,380,164,386,150,386
224,380,236,380,236,392,224,392
189,382,201,382,201,390,189,390
206,384,217,384,217,390,206,390
234,384,245,384,245,392,234,392
244,385,252,385,252,393,244,393
301,385,309,385,309,393,301,393
309,385,321,385,321,393,309,393
100,385,113,385,113,396,100,396
268,386,280,386,280,394,268,394
317,385,329,385,329,398,317,398
73,388,100,388,100,396,73,396
329,388,345,388,345,396,329,396
120,389,134,389,134,397,120,397
38,396,48,396,48,401,38,401
68,397,80,397,80,405,68,405
97,398,109,398,109,406,97,406
89,400,98,400,98,408,89,408
105,398,118,398,118,412,105,412
118,400,133,400,133,409,118,409
141,402,154,402,154,408,141,408
156,402,188,402,188,410,156,410
217,402,236,402,236,412,217,412
192,404,205,404,205,410,192,410
234,406,244,406,244,414,234,414
242,406,252,406,252,413,242,413
250,406,265,406,265,412,250,412
