52,2,106,13,52,2,105,2,105,12,52,12,fffddfhttttteete,from,0.8134583830833435,0.251251267734915,0.6024021029472351,/content/outputs/inference/answersheet/model_finetune_640_results/res_c1644d31d93c93402a173d5a210ac73a_jpg_0.pkl
290,24,365,38,290,24,364,24,364,37,290,37,fasaae,from,0.7079588770866394,0.19151643911997476,0.5549862265586853,/content/outputs/inference/answersheet/model_finetune_640_results/res_c1644d31d93c93402a173d5a210ac73a_jpg_1.pkl
287,3,335,14,287,3,334,3,334,13,287,13,tettttttandee,from,0.6890228986740112,0.17329585093718308,0.5443980172276497,/content/outputs/inference/answersheet/model_finetune_640_results/res_c1644d31d93c93402a173d5a210ac73a_jpg_2.pkl
114,2,182,13,117,2,181,2,181,12,117,12,fehttee,the,0.5917567610740662,0.1619319192000798,0.5090654361993074,/content/outputs/inference/answersheet/model_finetune_640_results/res_c1644d31d93c93402a173d5a210ac73a_jpg_3.pkl
188,3,246,14,188,3,244,3,244,12,188,12,eeeeeeeeeeetttteeee,the,0.6057280898094177,0.16036221110507062,0.41812784038484097,/content/outputs/inference/answersheet/model_finetune_640_results/res_c1644d31d93c93402a173d5a210ac73a_jpg_4.pkl
175,223,210,237,175,223,209,223,209,236,175,236,saiiidd,isal,0.7042708396911621,0.1867037500653948,0.52731451690197,/content/outputs/inference/answersheet/model_finetune_640_results/res_c1644d31d93c93402a173d5a210ac73a_jpg_5.pkl
23,4,44,12,23,4,43,4,43,11,23,11,ttttttttttttttttdddddeeeeeeeee,the,0.7497210502624512,0.34984029456973076,0.6900615394115448,/content/outputs/inference/answersheet/model_finetune_640_results/res_c1644d31d93c93402a173d5a210ac73a_jpg_6.pkl
45,23,164,35,49,23,162,23,162,33,49,33,sseeeeeeeeeee,sender,0.5373834371566772,0.21269738158354393,0.4942129445927484,/content/outputs/inference/answersheet/model_finetune_640_results/res_c1644d31d93c93402a173d5a210ac73a_jpg_7.pkl
141,122,178,137,141,122,177,122,177,136,141,136,tttttae,the,0.5651385188102722,0.21217177595411027,0.6075503826141357,/content/outputs/inference/answersheet/model_finetune_640_results/res_c1644d31d93c93402a173d5a210ac73a_jpg_8.pkl
188,58,253,71,188,58,252,58,252,70,188,70,aaaaaeeeadee,the,0.5749794244766235,0.1335308731844028,0.436033234000206,/content/outputs/inference/answersheet/model_finetune_640_results/res_c1644d31d93c93402a173d5a210ac73a_jpg_9.pkl
297,335,352,347,297,335,351,335,351,346,297,346,tttantt,coffeen,0.7932687997817993,0.205437604870115,0.533758302219212,/content/outputs/inference/answersheet/model_finetune_640_results/res_c1644d31d93c93402a173d5a210ac73a_jpg_10.pkl
212,23,367,42,214,23,365,23,365,38,214,38,eeaeraeeeeaee,breading,0.5003147721290588,0.12554831630908525,0.36856185230943894,/content/outputs/inference/answersheet/model_finetune_640_results/res_c1644d31d93c93402a173d5a210ac73a_jpg_11.pkl
291,58,342,70,291,58,341,58,341,69,291,69,aeeaeeee,sale,0.6580190062522888,0.21280431654304266,0.5241417169570923,/content/outputs/inference/answersheet/model_finetune_640_results/res_c1644d31d93c93402a173d5a210ac73a_jpg_12.pkl
310,360,334,369,310,360,333,360,333,368,310,368,fnoatttttttllll,from,0.7021210789680481,0.18984000931183498,0.6108881518244743,/content/outputs/inference/answersheet/model_finetune_640_results/res_c1644d31d93c93402a173d5a210ac73a_jpg_13.pkl
158,79,227,92,161,79,226,79,226,91,161,91,ssseeeeehtttt,from,0.5077989101409912,0.39498790296224445,0.4539832532405853,/content/outputs/inference/answersheet/model_finetune_640_results/res_c1644d31d93c93402a173d5a210ac73a_jpg_14.pkl
108,311,138,324,108,311,137,311,137,323,108,323,ffaaaii1lllillil,from,0.5659121870994568,0.22177124116569757,0.6609582841396332,/content/outputs/inference/answersheet/model_finetune_640_results/res_c1644d31d93c93402a173d5a210ac73a_jpg_15.pkl
140,291,165,302,140,291,164,291,164,301,140,301,teaat,the,0.6563653945922852,0.18831351697444915,0.5085881426930428,/content/outputs/inference/answersheet/model_finetune_640_results/res_c1644d31d93c93402a173d5a210ac73a_jpg_16.pkl
216,358,241,368,216,358,240,358,240,367,216,367,ttttpptpesssssssssssssst,from,0.6102388501167297,0.2187631685907642,0.5612134784460068,/content/outputs/inference/answersheet/model_finetune_640_results/res_c1644d31d93c93402a173d5a210ac73a_jpg_17.pkl
265,356,295,369,265,356,294,356,294,368,265,368,tffssiltttttt,for,0.7272319793701172,0.36367203753728133,0.5110653378069401,/content/outputs/inference/answersheet/model_finetune_640_results/res_c1644d31d93c93402a173d5a210ac73a_jpg_18.pkl
259,2,285,14,259,2,284,2,284,13,259,13,ttttttttttthhhheheeeoeooooooooooooooooeee,from,0.5008638501167297,0.15433477192390255,0.6777070701122284,/content/outputs/inference/answersheet/model_finetune_640_results/res_c1644d31d93c93402a173d5a210ac73a_jpg_19.pkl
351,4,377,14,351,4,376,4,376,13,351,13,tatelthee,the,0.6790662407875061,0.22325805988576677,0.6145068518817425,/content/outputs/inference/answersheet/model_finetune_640_results/res_c1644d31d93c93402a173d5a210ac73a_jpg_20.pkl
169,379,222,392,169,379,221,379,221,391,169,391,aannthgaaat,from,0.68051677942276,0.19798233698714862,0.6263570725917816,/content/outputs/inference/answersheet/model_finetune_640_results/res_c1644d31d93c93402a173d5a210ac73a_jpg_21.pkl
171,314,193,323,171,314,192,314,192,322,171,322,hhhhaaaaaatlii,from,0.5292053818702698,0.13808216314230645,0.6754333347082138,/content/outputs/inference/answersheet/model_finetune_640_results/res_c1644d31d93c93402a173d5a210ac73a_jpg_22.pkl
