237,131,270,143,237,131,269,131,269,142,237,142,teees3etttt,teat,0.5812636017799377,0.39029641449451447,0.6611467719078064,/content/outputs/inference/answersheet/model_finetune_640_results/res_8f86dde33ba82220cc9522f19efcc3d9_jpg_0.pkl
68,243,95,254,68,243,94,243,94,253,68,253,teeesdddddddddhldttl,for,0.6128583550453186,0.21775739081203938,0.3637732043862343,/content/outputs/inference/answersheet/model_finetune_640_results/res_8f86dde33ba82220cc9522f19efcc3d9_jpg_1.pkl
132,220,157,231,132,220,156,220,156,230,132,230,ttgggggsseeeteeeene,the,0.5863220691680908,0.2214645155166325,0.49777045100927353,/content/outputs/inference/answersheet/model_finetune_640_results/res_8f86dde33ba82220cc9522f19efcc3d9_jpg_2.pkl
132,33,157,43,132,33,156,33,156,42,132,42,aeeeeaeayyttttvtt,date,0.6080983281135559,0.23815478778937282,0.5336561143398285,/content/outputs/inference/answersheet/model_finetune_640_results/res_8f86dde33ba82220cc9522f19efcc3d9_jpg_3.pkl
124,55,148,65,124,55,147,55,147,64,124,64,aaaaaavtt,sale,0.7524263262748718,0.28937653534942204,0.6550298079848289,/content/outputs/inference/answersheet/model_finetune_640_results/res_8f86dde33ba82220cc9522f19efcc3d9_jpg_4.pkl
104,34,131,43,104,34,130,34,130,42,104,42,e,east,0.7097216844558716,0.1605949103832245,0.5269123494625092,/content/outputs/inference/answersheet/model_finetune_640_results/res_8f86dde33ba82220cc9522f19efcc3d9_jpg_5.pkl
357,155,383,166,357,155,382,155,382,165,357,165,hid,the,0.64326411485672,0.17111839354038239,0.6873857378959656,/content/outputs/inference/answersheet/model_finetune_640_results/res_8f86dde33ba82220cc9522f19efcc3d9_jpg_6.pkl
77,332,106,344,77,332,105,332,105,343,77,343,tttteddllll,team,0.5163179039955139,0.25931113213300705,0.466378191113472,/content/outputs/inference/answersheet/model_finetune_640_results/res_8f86dde33ba82220cc9522f19efcc3d9_jpg_7.pkl
104,220,159,232,104,220,158,220,158,231,104,231,ttetattanett,for,0.6694055795669556,0.23981670290231705,0.3545639868825674,/content/outputs/inference/answersheet/model_finetune_640_results/res_8f86dde33ba82220cc9522f19efcc3d9_jpg_8.pkl
102,32,158,44,102,32,157,32,157,43,102,43,eeeesayv,exital,0.8515124917030334,0.22895865328609943,0.5962110459804535,/content/outputs/inference/answersheet/model_finetune_640_results/res_8f86dde33ba82220cc9522f19efcc3d9_jpg_9.pkl
119,244,141,254,119,244,140,244,140,253,119,253,ttttatatttttttt,the,0.7205427885055542,0.3134681006272634,0.4428975507616997,/content/outputs/inference/answersheet/model_finetune_640_results/res_8f86dde33ba82220cc9522f19efcc3d9_jpg_10.pkl
298,152,358,167,298,152,357,152,357,166,298,166,ttittstitiii,testiese,0.701480507850647,0.337097925444444,0.7044626639948951,/content/outputs/inference/answersheet/model_finetune_640_results/res_8f86dde33ba82220cc9522f19efcc3d9_jpg_11.pkl
224,154,250,165,224,154,249,154,249,164,224,164,ttttteataaattttttttttttttttttittttttttttttttttttttttttttttt,that,0.7355450987815857,0.3975516958004337,0.5963002145290375,/content/outputs/inference/answersheet/model_finetune_640_results/res_8f86dde33ba82220cc9522f19efcc3d9_jpg_12.pkl
72,54,100,65,72,54,99,54,99,64,72,64,eaaatttttttll,teat,0.6638742685317993,0.21004383151347822,0.5071223855018616,/content/outputs/inference/answersheet/model_finetune_640_results/res_8f86dde33ba82220cc9522f19efcc3d9_jpg_13.pkl
135,155,158,166,135,155,157,155,157,165,135,165,ttttf4f4ffgegaaatttttttttt,for,0.6388014554977417,0.34770404977294117,0.43663906678557396,/content/outputs/inference/answersheet/model_finetune_640_results/res_8f86dde33ba82220cc9522f19efcc3d9_jpg_14.pkl
152,10,179,22,152,10,178,10,178,21,152,21,errrrs2rninl,1991,0.5683271884918213,0.10520899792512257,0.6529663920402526,/content/outputs/inference/answersheet/model_finetune_640_results/res_8f86dde33ba82220cc9522f19efcc3d9_jpg_15.pkl
220,33,243,42,220,33,242,33,242,41,220,41,teeesahaaaaaaaii,sale,0.5887277126312256,0.22825638763606548,0.4091042846441269,/content/outputs/inference/answersheet/model_finetune_640_results/res_8f86dde33ba82220cc9522f19efcc3d9_jpg_16.pkl
