182,15,244,27,182,15,243,15,243,26,182,26,lllaeaatttdde,the,0.607226550579071,0.17487732149087465,0.36738392151892185,/content/outputs/inference/answersheet/model_finetune_640_results/res_5cbb662b2756d35253c64fed5a5b7d1f_jpg_0.pkl
284,299,375,313,284,299,374,299,374,312,284,312,yhaytataoosees,from,0.6681873202323914,0.20819916735802377,0.4975681990385056,/content/outputs/inference/answersheet/model_finetune_640_results/res_5cbb662b2756d35253c64fed5a5b7d1f_jpg_1.pkl
74,202,119,215,74,202,116,202,116,214,74,214,aaaaaeteeey,more,0.7165395617485046,0.14718183197758414,0.2738382458686829,/content/outputs/inference/answersheet/model_finetune_640_results/res_5cbb662b2756d35253c64fed5a5b7d1f_jpg_2.pkl
81,27,147,38,81,27,145,27,145,36,81,36,nnanlllaeeeeatnitttrttttee,alabouth,0.7800949215888977,0.17066186637832567,0.4464963773886363,/content/outputs/inference/answersheet/model_finetune_640_results/res_5cbb662b2756d35253c64fed5a5b7d1f_jpg_3.pkl
266,346,324,358,266,346,323,346,323,357,266,357,eeeeeeee,the,0.8104029893875122,0.2590974047780037,0.3724222034215927,/content/outputs/inference/answersheet/model_finetune_640_results/res_5cbb662b2756d35253c64fed5a5b7d1f_jpg_4.pkl
74,314,126,328,74,314,125,314,125,327,74,327,yse,from,0.7679556012153625,0.14039450883865356,0.4828584432601929,/content/outputs/inference/answersheet/model_finetune_640_results/res_5cbb662b2756d35253c64fed5a5b7d1f_jpg_5.pkl
87,15,138,25,87,15,136,15,136,23,87,23,oeeesedefe,come,0.6095415949821472,0.17907191216945648,0.33440578579902647,/content/outputs/inference/answersheet/model_finetune_640_results/res_5cbb662b2756d35253c64fed5a5b7d1f_jpg_6.pkl
73,160,123,171,76,160,120,160,120,170,76,170,bdlaeeeeaeeaa,from,0.5011807084083557,0.1114212039571542,0.5664737969636917,/content/outputs/inference/answersheet/model_finetune_640_results/res_5cbb662b2756d35253c64fed5a5b7d1f_jpg_7.pkl
333,115,369,126,333,115,368,115,368,125,333,125,atrte,from,0.5447395443916321,0.18864144533872604,0.6001219511032104,/content/outputs/inference/answersheet/model_finetune_640_results/res_5cbb662b2756d35253c64fed5a5b7d1f_jpg_8.pkl
259,25,343,38,263,25,337,25,337,37,263,37,sskfhete,the,0.6505545377731323,0.1887628762051463,0.39165785908699036,/content/outputs/inference/answersheet/model_finetune_640_results/res_5cbb662b2756d35253c64fed5a5b7d1f_jpg_9.pkl
137,15,160,24,137,15,159,15,159,23,137,23,hfffffftfffeeeeeaaaaaahttt,for,0.6472594738006592,0.23327849404169962,0.7332449406385422,/content/outputs/inference/answersheet/model_finetune_640_results/res_5cbb662b2756d35253c64fed5a5b7d1f_jpg_10.pkl
153,15,221,26,153,15,220,15,220,25,153,25,eesssadatoaattbb,coffee,0.5840681195259094,0.15731391543522477,0.43969339770930155,/content/outputs/inference/answersheet/model_finetune_640_results/res_5cbb662b2756d35253c64fed5a5b7d1f_jpg_11.pkl
98,48,148,60,98,47,147,50,146,60,98,57,syyynyffewee,sale,0.520885705947876,0.1873753760010004,0.4323842465877533,/content/outputs/inference/answersheet/model_finetune_640_results/res_5cbb662b2756d35253c64fed5a5b7d1f_jpg_12.pkl
108,16,134,25,108,16,133,16,133,24,108,24,ldaaaaeaeftee,but,0.7883053421974182,0.13891574568473375,0.3968101069331169,/content/outputs/inference/answersheet/model_finetune_640_results/res_5cbb662b2756d35253c64fed5a5b7d1f_jpg_13.pkl
151,26,218,36,154,26,217,26,217,35,154,35,deaeeeeeassste,come,0.6091100573539734,0.1907315051981381,0.3399791121482849,/content/outputs/inference/answersheet/model_finetune_640_results/res_5cbb662b2756d35253c64fed5a5b7d1f_jpg_14.pkl
215,17,243,25,215,17,242,17,242,24,215,24,didteeeeee,the,0.8013405799865723,0.21509655565023422,0.6754915621131659,/content/outputs/inference/answersheet/model_finetune_640_results/res_5cbb662b2756d35253c64fed5a5b7d1f_jpg_15.pkl
335,26,390,38,335,26,388,26,388,36,335,36,hheemee,the,0.8489736318588257,0.2088625920670373,0.3349626697599888,/content/outputs/inference/answersheet/model_finetune_640_results/res_5cbb662b2756d35253c64fed5a5b7d1f_jpg_16.pkl
84,26,118,40,84,26,117,26,117,39,84,39,aaeeeeewae,from,0.5772161483764648,0.16255026459693908,0.5090813964605332,/content/outputs/inference/answersheet/model_finetune_640_results/res_5cbb662b2756d35253c64fed5a5b7d1f_jpg_17.pkl
301,27,335,37,301,27,334,27,334,36,301,36,ee,from,0.6282670497894287,0.16980082541704178,0.6225323662161827,/content/outputs/inference/answersheet/model_finetune_640_results/res_5cbb662b2756d35253c64fed5a5b7d1f_jpg_18.pkl
244,26,271,37,244,26,270,26,270,36,244,36,asshhhea,and,0.5203441381454468,0.1410473082214594,0.47325325943529606,/content/outputs/inference/answersheet/model_finetune_640_results/res_5cbb662b2756d35253c64fed5a5b7d1f_jpg_19.pkl
273,47,330,60,273,47,329,47,329,59,273,59,dallee,chouse,0.8463599681854248,0.16588645552595457,0.4999646948916571,/content/outputs/inference/answersheet/model_finetune_640_results/res_5cbb662b2756d35253c64fed5a5b7d1f_jpg_20.pkl
310,83,361,95,310,83,360,83,360,94,310,94,daasfeesssssaahhhhhhanhnneee,some,0.5989536643028259,0.17624236989234174,0.3910303324460983,/content/outputs/inference/answersheet/model_finetune_640_results/res_5cbb662b2756d35253c64fed5a5b7d1f_jpg_21.pkl
133,302,160,311,133,302,159,302,159,310,133,310,taaayyyhyhhhhhhhheeddd,the,0.5337843298912048,0.1661505973474546,0.5769682601094246,/content/outputs/inference/answersheet/model_finetune_640_results/res_5cbb662b2756d35253c64fed5a5b7d1f_jpg_22.pkl
189,49,220,58,189,49,219,49,219,57,189,57,gabe,from,0.7441897392272949,0.10785717889666557,0.5851678505539895,/content/outputs/inference/answersheet/model_finetune_640_results/res_5cbb662b2756d35253c64fed5a5b7d1f_jpg_23.pkl
157,15,187,24,157,15,186,15,186,23,157,23,eeeahttthhhtt,spe,0.5686654448509216,0.19872010212678176,0.3575739748775959,/content/outputs/inference/answersheet/model_finetune_640_results/res_5cbb662b2756d35253c64fed5a5b7d1f_jpg_24.pkl
331,48,365,60,331,48,364,48,364,59,331,59,asbaeeeeee,and,0.7772228121757507,0.27141615450382234,0.5570192486047745,/content/outputs/inference/answersheet/model_finetune_640_results/res_5cbb662b2756d35253c64fed5a5b7d1f_jpg_25.pkl
15,3,53,12,15,3,52,3,52,11,15,11,sssstttttmaeeeeeeeeaaeeeee,shop,0.7555840015411377,0.18183816912082526,0.3737041771411896,/content/outputs/inference/answersheet/model_finetune_640_results/res_5cbb662b2756d35253c64fed5a5b7d1f_jpg_26.pkl
133,13,249,29,133,13,248,13,248,26,133,26,sfteeeeaatbbe,restards,0.6224963665008545,0.21881764038250998,0.45529813567797345,/content/outputs/inference/answersheet/model_finetune_640_results/res_5cbb662b2756d35253c64fed5a5b7d1f_jpg_27.pkl
230,24,399,39,240,26,390,26,390,38,240,38,assssieehheee,restrichers,0.5118326544761658,0.20078597103173917,0.49403008942802745,/content/outputs/inference/answersheet/model_finetune_640_results/res_5cbb662b2756d35253c64fed5a5b7d1f_jpg_28.pkl
