221,18,271,29,221,18,270,18,270,28,221,28,dtteepe,the,0.7334856390953064,0.21484407782554626,0.5168445222079754,/content/outputs/inference/answersheet/model_finetune_640_results/res_df63ef199fa5e5924e593678e345a0aa_jpg_0.pkl
179,16,277,29,184,16,271,16,271,27,184,27,seaefnee,from,0.6155200600624084,0.18162121437489986,0.569121104478836,/content/outputs/inference/answersheet/model_finetune_640_results/res_df63ef199fa5e5924e593678e345a0aa_jpg_1.pkl
169,171,240,184,172,171,239,171,239,183,172,183,raeaeeaaaa,from,0.6037566661834717,0.2228227362036705,0.5388757795095444,/content/outputs/inference/answersheet/model_finetune_640_results/res_df63ef199fa5e5924e593678e345a0aa_jpg_2.pkl
183,115,255,127,183,115,254,115,254,126,183,126,aaeee,sale,0.5575315356254578,0.23434064239263536,0.4739473402500153,/content/outputs/inference/answersheet/model_finetune_640_results/res_df63ef199fa5e5924e593678e345a0aa_jpg_3.pkl
97,39,143,50,97,39,142,39,142,49,97,49,brfotlfleaettttt,from,0.521675169467926,0.1521377181634307,0.6000610575079918,/content/outputs/inference/answersheet/model_finetune_640_results/res_df63ef199fa5e5924e593678e345a0aa_jpg_4.pkl
136,61,157,71,136,61,156,61,156,70,136,70,dttt,the,0.7339052557945251,0.11050030589103699,0.5008024163544178,/content/outputs/inference/answersheet/model_finetune_640_results/res_df63ef199fa5e5924e593678e345a0aa_jpg_5.pkl
142,5,193,17,142,5,192,5,192,16,142,16,eatetttaaaaaateadd,from,0.6159922480583191,0.13382608112361696,0.556968455016613,/content/outputs/inference/answersheet/model_finetune_640_results/res_df63ef199fa5e5924e593678e345a0aa_jpg_6.pkl
202,40,239,53,202,40,238,40,238,52,202,52,aaaureeee,from,0.7221843600273132,0.2567848869495922,0.557019031047821,/content/outputs/inference/answersheet/model_finetune_640_results/res_df63ef199fa5e5924e593678e345a0aa_jpg_7.pkl
154,39,196,51,154,39,195,39,195,50,154,50,aaaeeeeee,but,0.6933032274246216,0.18254852294921875,0.25807375088334084,/content/outputs/inference/answersheet/model_finetune_640_results/res_df63ef199fa5e5924e593678e345a0aa_jpg_8.pkl
157,217,227,230,157,217,226,217,226,229,157,229,ttttyaeaaaeeeae,from,0.505204975605011,0.16485613932212193,0.5732200041413307,/content/outputs/inference/answersheet/model_finetune_640_results/res_df63ef199fa5e5924e593678e345a0aa_jpg_9.pkl
159,138,249,150,159,138,248,138,248,149,159,149,eaaavvvaeee,restave,0.6041346788406372,0.2983694455840371,0.5512765971943736,/content/outputs/inference/answersheet/model_finetune_640_results/res_df63ef199fa5e5924e593678e345a0aa_jpg_10.pkl
190,117,214,126,190,117,213,117,213,125,190,125,aaaaaaaaaeeaatt,the,0.6308366656303406,0.167659729719162,0.4543502200394869,/content/outputs/inference/answersheet/model_finetune_640_results/res_df63ef199fa5e5924e593678e345a0aa_jpg_11.pkl
162,92,261,106,162,92,260,92,260,105,162,105,aeneeaaea,come,0.7132039666175842,0.12534045841958788,0.30469200015068054,/content/outputs/inference/answersheet/model_finetune_640_results/res_df63ef199fa5e5924e593678e345a0aa_jpg_12.pkl
207,95,262,106,207,95,261,95,261,105,207,105,ayyupe,the,0.5417453050613403,0.14245069026947021,0.4432113878428936,/content/outputs/inference/answersheet/model_finetune_640_results/res_df63ef199fa5e5924e593678e345a0aa_jpg_13.pkl
167,149,250,161,167,149,249,149,249,160,167,160,waeeeeeaaaaaaee,spe,0.5674995183944702,0.2724521274367968,0.26464107632637024,/content/outputs/inference/answersheet/model_finetune_640_results/res_df63ef199fa5e5924e593678e345a0aa_jpg_14.pkl
134,60,209,73,134,60,207,60,207,71,134,71,ytteaeatee,from,0.5418280363082886,0.17197436466813087,0.5871812179684639,/content/outputs/inference/answersheet/model_finetune_640_results/res_df63ef199fa5e5924e593678e345a0aa_jpg_15.pkl
