234,139,275,153,234,139,274,139,274,152,234,152,rrrtiato,from,0.7671454548835754,0.220663383603096,0.5878312885761261,/content/outputs/inference/answersheet/model_finetune_640_results/res_ca93d33ce874c844a0ec6f13cc69771e_jpg_0.pkl
74,295,145,312,74,295,144,295,144,311,74,311,soaagaaaa,soland,0.8891397714614868,0.3799061162604226,0.4058851195233209,/content/outputs/inference/answersheet/model_finetune_640_results/res_ca93d33ce874c844a0ec6f13cc69771e_jpg_1.pkl
192,239,258,255,192,239,257,239,257,254,192,254,knaeyydoo,sender,0.8623733520507812,0.2165184501144621,0.4506826805216925,/content/outputs/inference/answersheet/model_finetune_640_results/res_ca93d33ce874c844a0ec6f13cc69771e_jpg_2.pkl
313,237,383,253,313,237,382,237,382,252,313,252,sasyyny,ressageid,0.8371291160583496,0.21360339862959726,0.6260080017149449,/content/outputs/inference/answersheet/model_finetune_640_results/res_ca93d33ce874c844a0ec6f13cc69771e_jpg_3.pkl
291,295,338,307,291,295,337,295,337,306,291,306,afaaeyttttttea,from,0.6720115542411804,0.21638553057398116,0.48762630224227904,/content/outputs/inference/answersheet/model_finetune_640_results/res_ca93d33ce874c844a0ec6f13cc69771e_jpg_4.pkl
82,28,132,39,85,28,130,28,130,37,85,37,oooeetaeeeeeeee,offee,0.517367422580719,0.2564363290866216,0.5125573153297106,/content/outputs/inference/answersheet/model_finetune_640_results/res_ca93d33ce874c844a0ec6f13cc69771e_jpg_5.pkl
148,84,213,97,148,84,212,84,212,96,148,96,eeaaed,from,0.514155387878418,0.3146661768356959,0.463154274225235,/content/outputs/inference/answersheet/model_finetune_640_results/res_ca93d33ce874c844a0ec6f13cc69771e_jpg_6.pkl
113,60,192,75,113,60,191,60,191,74,113,74,femaaaaaaattttyuyyt,compority,0.7377097010612488,0.20898700427067907,0.5451059460639953,/content/outputs/inference/answersheet/model_finetune_640_results/res_ca93d33ce874c844a0ec6f13cc69771e_jpg_7.pkl
72,60,105,72,72,60,104,60,104,71,72,71,ttffnnte,the,0.8749687671661377,0.2559863831847906,0.6802616715431213,/content/outputs/inference/answersheet/model_finetune_640_results/res_ca93d33ce874c844a0ec6f13cc69771e_jpg_8.pkl
209,196,250,207,209,196,249,196,249,206,209,206,attteedd,the,0.6256383657455444,0.27319060266017914,0.6798089519143105,/content/outputs/inference/answersheet/model_finetune_640_results/res_ca93d33ce874c844a0ec6f13cc69771e_jpg_9.pkl
134,153,179,164,134,153,178,153,178,163,134,163,cdadheeneaapt,chaving,0.765123188495636,0.15699810190842703,0.547091530635953,/content/outputs/inference/answersheet/model_finetune_640_results/res_ca93d33ce874c844a0ec6f13cc69771e_jpg_10.pkl
74,84,95,94,74,84,94,84,94,93,74,93,hteeee,the,0.8454902768135071,0.27963366607824963,0.7796388268470764,/content/outputs/inference/answersheet/model_finetune_640_results/res_ca93d33ce874c844a0ec6f13cc69771e_jpg_11.pkl
71,19,155,29,74,19,154,19,154,28,74,28,ooaaaaaaaeeaaasn,open,0.7174680233001709,0.18546160170808434,0.3661245942115784,/content/outputs/inference/answersheet/model_finetune_640_results/res_ca93d33ce874c844a0ec6f13cc69771e_jpg_12.pkl
90,171,142,185,92,171,140,171,140,183,92,183,yyeieaeeyyyy,marking,0.539749801158905,0.1622392013669014,0.4361051768064499,/content/outputs/inference/answersheet/model_finetune_640_results/res_ca93d33ce874c844a0ec6f13cc69771e_jpg_13.pkl
135,41,182,53,135,41,181,41,181,52,135,52,fffaessssssyyeeeeeaaaaat,for,0.6657030582427979,0.27232730109244585,0.5470104962587357,/content/outputs/inference/answersheet/model_finetune_640_results/res_ca93d33ce874c844a0ec6f13cc69771e_jpg_14.pkl
320,190,393,204,320,190,392,190,392,203,320,203,tttggaeendy,tickets,0.6693153977394104,0.16857318512418054,0.5044368915259838,/content/outputs/inference/answersheet/model_finetune_640_results/res_ca93d33ce874c844a0ec6f13cc69771e_jpg_15.pkl
136,106,173,118,136,106,172,106,172,117,136,117,aasaaaass,sale,0.8312625885009766,0.20806636661291122,0.6438075467944145,/content/outputs/inference/answersheet/model_finetune_640_results/res_ca93d33ce874c844a0ec6f13cc69771e_jpg_16.pkl
172,41,211,55,172,41,210,41,210,54,172,54,aaaaaaanntt,that,0.7043601274490356,0.3564042489637028,0.659803070127964,/content/outputs/inference/answersheet/model_finetune_640_results/res_ca93d33ce874c844a0ec6f13cc69771e_jpg_17.pkl
110,251,161,263,110,251,160,251,160,262,110,262,yaeeeeeeaaaeee,your,0.5439887642860413,0.22957301512360573,0.543313616514206,/content/outputs/inference/answersheet/model_finetune_640_results/res_ca93d33ce874c844a0ec6f13cc69771e_jpg_18.pkl
178,273,205,287,178,273,204,273,204,286,178,286,ebeebbstttgttyyd,bricht,0.507500171661377,0.1533725829795003,0.3519157352192061,/content/outputs/inference/answersheet/model_finetune_640_results/res_ca93d33ce874c844a0ec6f13cc69771e_jpg_19.pkl
111,42,133,51,111,42,132,42,132,50,111,50,tffeffwwteeweweweeeeeeeeeeeeeeeeeeeeeeeeee,the,0.5542205572128296,0.20735341931382814,0.4965994954109192,/content/outputs/inference/answersheet/model_finetune_640_results/res_ca93d33ce874c844a0ec6f13cc69771e_jpg_20.pkl
135,41,161,52,135,41,160,41,160,51,135,51,ttfffffffffffffteeeyye,for,0.6262067556381226,0.3226527791808952,0.6522982344031334,/content/outputs/inference/answersheet/model_finetune_640_results/res_ca93d33ce874c844a0ec6f13cc69771e_jpg_21.pkl
153,86,176,95,153,86,175,86,175,94,153,94,rttttttteeee,from,0.516029417514801,0.1432865181316932,0.5905756160616875,/content/outputs/inference/answersheet/model_finetune_640_results/res_ca93d33ce874c844a0ec6f13cc69771e_jpg_22.pkl
147,274,210,286,147,274,207,274,207,285,147,285,eeeeerrnnnbttt,compority,0.5616227984428406,0.22585962287017278,0.5088116109371186,/content/outputs/inference/answersheet/model_finetune_640_results/res_ca93d33ce874c844a0ec6f13cc69771e_jpg_23.pkl
294,273,357,285,294,273,356,273,356,284,294,284,aaattllreeke,senderice,0.6481566429138184,0.21129350985089937,0.4334253415465355,/content/outputs/inference/answersheet/model_finetune_640_results/res_ca93d33ce874c844a0ec6f13cc69771e_jpg_24.pkl
86,164,111,173,86,164,110,164,110,172,86,172,aaatt,the,0.6372764110565186,0.18083715587854385,0.6575432382524014,/content/outputs/inference/answersheet/model_finetune_640_results/res_ca93d33ce874c844a0ec6f13cc69771e_jpg_25.pkl
223,274,288,286,223,274,287,274,287,285,223,285,sffeeeye,spe,0.6916244626045227,0.33293011132627726,0.39028460532426834,/content/outputs/inference/answersheet/model_finetune_640_results/res_ca93d33ce874c844a0ec6f13cc69771e_jpg_26.pkl
217,208,247,219,217,208,246,208,246,218,217,218,aaaedss,the,0.7524640560150146,0.2715843468904495,0.44538399763405323,/content/outputs/inference/answersheet/model_finetune_640_results/res_ca93d33ce874c844a0ec6f13cc69771e_jpg_27.pkl
68,184,104,199,68,184,103,184,103,195,68,195,aaeeaaaaee,cale,0.5346223711967468,0.14107770696282387,0.4818407654762268,/content/outputs/inference/answersheet/model_finetune_640_results/res_ca93d33ce874c844a0ec6f13cc69771e_jpg_28.pkl
176,295,218,305,176,295,216,295,216,303,176,303,sssstheeeeee,from,0.6821319460868835,0.2864248876770337,0.5981737270951271,/content/outputs/inference/answersheet/model_finetune_640_results/res_ca93d33ce874c844a0ec6f13cc69771e_jpg_29.pkl
