201,18,268,33,201,18,267,18,267,32,201,32,tttteoatt,totical,0.8178978562355042,0.3128354168600506,0.5713341999799013,/content/outputs/inference/answersheet/model_finetune_640_results/res_5e65a557baf4192b3a4211b9368798b5_jpg_0.pkl
106,19,173,32,108,19,171,19,171,30,108,30,teeseaaattesaaitt,teater,0.8281472325325012,0.3353506602785167,0.6640103714806693,/content/outputs/inference/answersheet/model_finetune_640_results/res_5e65a557baf4192b3a4211b9368798b5_jpg_1.pkl
318,155,378,166,318,155,372,155,372,164,318,164,at,from,0.6337190270423889,0.12445520982146263,0.5969516858458519,/content/outputs/inference/answersheet/model_finetune_640_results/res_5e65a557baf4192b3a4211b9368798b5_jpg_2.pkl
155,0,197,10,155,0,195,0,195,8,155,8,tnnlloooopayaaiiiihh,from,0.5152485370635986,0.15030380114912986,0.5760719329118729,/content/outputs/inference/answersheet/model_finetune_640_results/res_5e65a557baf4192b3a4211b9368798b5_jpg_3.pkl
283,42,316,54,283,42,315,42,315,53,283,53,ttttttiheall,the,0.6232198476791382,0.3034682882328828,0.4817635118961334,/content/outputs/inference/answersheet/model_finetune_640_results/res_5e65a557baf4192b3a4211b9368798b5_jpg_4.pkl
268,266,319,277,268,266,315,266,315,275,268,275,teeffffmeeees,coffee,0.5832312703132629,0.15971526102377817,0.42901906690427233,/content/outputs/inference/answersheet/model_finetune_640_results/res_5e65a557baf4192b3a4211b9368798b5_jpg_5.pkl
349,144,397,155,349,144,396,144,396,154,349,154,atttddtdssyyttteeee,sale,0.5516059398651123,0.22357633239344546,0.5301039487123489,/content/outputs/inference/answersheet/model_finetune_640_results/res_5e65a557baf4192b3a4211b9368798b5_jpg_6.pkl
212,230,263,246,212,230,262,230,262,245,212,245,ttttssallai,listias,0.7471259832382202,0.30759231610731647,0.4528326615691185,/content/outputs/inference/answersheet/model_finetune_640_results/res_5e65a557baf4192b3a4211b9368798b5_jpg_7.pkl
257,130,298,143,257,130,297,130,297,142,257,142,tttat,mary,0.7999608516693115,0.366705459356308,0.5704258382320404,/content/outputs/inference/answersheet/model_finetune_640_results/res_5e65a557baf4192b3a4211b9368798b5_jpg_8.pkl
160,254,179,263,160,254,178,254,178,262,160,262,tttttttsssaaariiiiitaaaatttttttttt,from,0.7710381150245667,0.206586342304945,0.6182199358940125,/content/outputs/inference/answersheet/model_finetune_640_results/res_5e65a557baf4192b3a4211b9368798b5_jpg_9.pkl
186,130,241,144,186,130,238,130,238,143,186,143,tdaaaagenall,that,0.5837692022323608,0.2767046391963959,0.5672575950622558,/content/outputs/inference/answersheet/model_finetune_640_results/res_5e65a557baf4192b3a4211b9368798b5_jpg_10.pkl
160,130,185,141,160,130,184,130,184,140,160,140,ttttttttttttteeaaeaaaa,the,0.6268326640129089,0.31684989617629483,0.759786069393158,/content/outputs/inference/answersheet/model_finetune_640_results/res_5e65a557baf4192b3a4211b9368798b5_jpg_11.pkl
201,176,261,186,201,176,259,176,259,184,201,184,edeaaaaeedddddddddt,bread,0.5483836531639099,0.162372177760852,0.363492692510287,/content/outputs/inference/answersheet/model_finetune_640_results/res_5e65a557baf4192b3a4211b9368798b5_jpg_12.pkl
225,353,268,369,225,353,267,353,267,368,225,368,ddffftfesddih,from,0.5485562086105347,0.3146569235966756,0.5625497505068779,/content/outputs/inference/answersheet/model_finetune_640_results/res_5e65a557baf4192b3a4211b9368798b5_jpg_13.pkl
220,332,269,348,220,332,268,332,268,347,220,347,tataaaaaeh,tate,0.6556837558746338,0.3012422874569893,0.5260399341583252,/content/outputs/inference/answersheet/model_finetune_640_results/res_5e65a557baf4192b3a4211b9368798b5_jpg_14.pkl
300,353,325,364,300,353,324,353,324,363,300,363,ffffeaaaaaaaiatt,that,0.8360086679458618,0.32330892141908407,0.6204446345567703,/content/outputs/inference/answersheet/model_finetune_640_results/res_5e65a557baf4192b3a4211b9368798b5_jpg_15.pkl
222,109,276,122,222,109,275,109,275,121,222,121,ettfttetai,for,0.6144726276397705,0.2087901897728443,0.46811363101005554,/content/outputs/inference/answersheet/model_finetune_640_results/res_5e65a557baf4192b3a4211b9368798b5_jpg_16.pkl
190,42,241,55,192,42,239,42,239,53,192,53,teeessttlssyyi,fest,0.5323503613471985,0.21162297842758043,0.42698743641376496,/content/outputs/inference/answersheet/model_finetune_640_results/res_5e65a557baf4192b3a4211b9368798b5_jpg_17.pkl
162,44,182,55,162,44,181,44,181,54,162,54,obbelllahhh,the,0.5246656537055969,0.1432470360940153,0.5339350439608097,/content/outputs/inference/answersheet/model_finetune_640_results/res_5e65a557baf4192b3a4211b9368798b5_jpg_18.pkl
236,42,277,56,236,42,276,42,276,55,236,55,yyttan,from,0.633130669593811,0.1820497326552868,0.5950066059827804,/content/outputs/inference/answersheet/model_finetune_640_results/res_5e65a557baf4192b3a4211b9368798b5_jpg_19.pkl
181,66,229,78,181,66,227,66,227,76,181,76,fsaeeaae,from,0.5889703631401062,0.11392895691096783,0.6253061421215534,/content/outputs/inference/answersheet/model_finetune_640_results/res_5e65a557baf4192b3a4211b9368798b5_jpg_20.pkl
144,308,170,317,144,308,169,308,169,316,144,316,thhthhhhhhhhtnttttteaa,the,0.5686083436012268,0.1523477299646898,0.5707994922995567,/content/outputs/inference/answersheet/model_finetune_640_results/res_5e65a557baf4192b3a4211b9368798b5_jpg_21.pkl
203,355,227,366,203,355,226,355,226,365,203,365,ttaaattt,that,0.5935620069503784,0.37864854745566845,0.5620964288711547,/content/outputs/inference/answersheet/model_finetune_640_results/res_5e65a557baf4192b3a4211b9368798b5_jpg_22.pkl
265,176,332,189,265,176,331,176,331,188,265,188,etaaaa,better,0.5944543480873108,0.2020312175154686,0.45071740448474884,/content/outputs/inference/answersheet/model_finetune_640_results/res_5e65a557baf4192b3a4211b9368798b5_jpg_23.pkl
26,344,80,360,26,344,79,344,79,359,26,359,tat,have,0.5057029128074646,0.12977792819341025,0.3712864384055138,/content/outputs/inference/answersheet/model_finetune_640_results/res_5e65a557baf4192b3a4211b9368798b5_jpg_24.pkl
299,130,327,142,299,130,326,130,326,141,299,141,eeeaaatannttlt,teat,0.8656361103057861,0.25102170343909946,0.6161471307277679,/content/outputs/inference/answersheet/model_finetune_640_results/res_5e65a557baf4192b3a4211b9368798b5_jpg_25.pkl
108,144,166,155,108,144,163,144,163,154,108,154,aane,date,0.5352297425270081,0.10463736206293106,0.504856213927269,/content/outputs/inference/answersheet/model_finetune_640_results/res_5e65a557baf4192b3a4211b9368798b5_jpg_26.pkl
188,131,219,142,188,131,218,131,218,141,188,141,tttbbbaaaaaaatt,that,0.6607494950294495,0.3390059404075146,0.6398036807775498,/content/outputs/inference/answersheet/model_finetune_640_results/res_5e65a557baf4192b3a4211b9368798b5_jpg_27.pkl
249,353,298,368,249,353,297,353,297,367,249,367,ddhtttt,date,0.7232211232185364,0.41870357947690146,0.44300709664821625,/content/outputs/inference/answersheet/model_finetune_640_results/res_5e65a557baf4192b3a4211b9368798b5_jpg_28.pkl
317,264,386,278,317,264,385,264,385,277,317,277,ehhadcdae,restrachi,0.5243409872055054,0.14316613227128983,0.4241104856133461,/content/outputs/inference/answersheet/model_finetune_640_results/res_5e65a557baf4192b3a4211b9368798b5_jpg_29.pkl
267,355,287,366,267,355,286,355,286,365,267,365,taattttt,sale,0.6771593689918518,0.31091042421758175,0.39744616746902467,/content/outputs/inference/answersheet/model_finetune_640_results/res_5e65a557baf4192b3a4211b9368798b5_jpg_30.pkl
111,133,141,143,111,133,140,133,140,142,111,142,tttttltltlldddddd,the,0.7233771681785583,0.3420287090189317,0.41871893405914307,/content/outputs/inference/answersheet/model_finetune_640_results/res_5e65a557baf4192b3a4211b9368798b5_jpg_31.pkl
67,143,113,154,70,145,111,145,111,152,70,152,eeeeeeeee,the,0.5719576478004456,0.18450288474559784,0.5080943079665303,/content/outputs/inference/answersheet/model_finetune_640_results/res_5e65a557baf4192b3a4211b9368798b5_jpg_32.pkl
302,146,324,155,302,146,323,146,323,154,302,154,yyyyieieeetoyttyt,date,0.6744533777236938,0.1994316468344015,0.5902805253863335,/content/outputs/inference/answersheet/model_finetune_640_results/res_5e65a557baf4192b3a4211b9368798b5_jpg_33.pkl
71,145,98,155,71,145,97,145,97,154,71,154,aherrrrrrrrerree,the,0.8237002491950989,0.14248573780059814,0.5359759368002415,/content/outputs/inference/answersheet/model_finetune_640_results/res_5e65a557baf4192b3a4211b9368798b5_jpg_34.pkl
202,20,225,32,202,20,224,20,224,31,202,31,ttttot,to,0.6643723249435425,0.4296641598145167,0.5291634301344553,/content/outputs/inference/answersheet/model_finetune_640_results/res_5e65a557baf4192b3a4211b9368798b5_jpg_35.pkl
223,109,246,120,223,109,245,109,245,119,223,119,ttttaftfffffffffttft,for,0.5650259256362915,0.27134734988212583,0.5301762707531452,/content/outputs/inference/answersheet/model_finetune_640_results/res_5e65a557baf4192b3a4211b9368798b5_jpg_36.pkl
218,349,328,371,218,353,326,348,327,366,218,372,dddtdetadetet,coffeen,0.6498024463653564,0.26928030871427977,0.45823572389781475,/content/outputs/inference/answersheet/model_finetune_640_results/res_5e65a557baf4192b3a4211b9368798b5_jpg_37.pkl
88,17,278,35,106,17,268,17,268,33,106,33,telesetttttttotet,tediester,0.5358986854553223,0.3324935892049004,0.5119229346513748,/content/outputs/inference/answersheet/model_finetune_640_results/res_5e65a557baf4192b3a4211b9368798b5_jpg_38.pkl
