302,16,375,31,302,16,374,16,374,30,302,30,fedaa,from,0.7134329080581665,0.12299437522888183,0.5412496790289879,/content/outputs/inference/answersheet/model_finetune_640_results/res_a9120a703d4aadac33876a7f6cfa14d8_jpg_0.pkl
65,130,114,143,67,130,113,130,113,142,67,142,he,brice,0.5587195754051208,0.33940403535962105,0.30114926646153134,/content/outputs/inference/answersheet/model_finetune_640_results/res_a9120a703d4aadac33876a7f6cfa14d8_jpg_1.pkl
144,308,163,316,144,308,162,308,162,315,144,315,teeetuu99uuuuuuiuyy,to,0.7983948588371277,0.14607488167913338,0.7679020563761393,/content/outputs/inference/answersheet/model_finetune_640_results/res_a9120a703d4aadac33876a7f6cfa14d8_jpg_2.pkl
153,129,197,141,153,129,196,129,196,140,153,140,sffeaeaae,state,0.544354259967804,0.23023748480611378,0.46752291917800903,/content/outputs/inference/answersheet/model_finetune_640_results/res_a9120a703d4aadac33876a7f6cfa14d8_jpg_3.pkl
166,284,186,293,166,284,185,284,185,292,166,292,tteeedodyyyyyy,too,0.8316932916641235,0.21268937630312784,0.5135701522231102,/content/outputs/inference/answersheet/model_finetune_640_results/res_a9120a703d4aadac33876a7f6cfa14d8_jpg_4.pkl
290,239,312,250,290,239,309,239,309,249,290,249,44iisisiooso0,for,0.6668874025344849,0.08600245301540081,0.5516596883535385,/content/outputs/inference/answersheet/model_finetune_640_results/res_a9120a703d4aadac33876a7f6cfa14d8_jpg_5.pkl
256,218,275,228,256,218,274,218,274,227,256,227,4o990939o99399sss9sssssssyysy,to,0.5063720941543579,0.14047367613891076,0.5857863624890646,/content/outputs/inference/answersheet/model_finetune_640_results/res_a9120a703d4aadac33876a7f6cfa14d8_jpg_6.pkl
312,261,330,271,312,261,329,261,329,270,312,270,e,for,0.8288089036941528,0.09572339802980423,0.6632513105869293,/content/outputs/inference/answersheet/model_finetune_640_results/res_a9120a703d4aadac33876a7f6cfa14d8_jpg_7.pkl
48,20,76,31,48,20,75,20,75,30,48,30,aeaeee,the,0.5435394048690796,0.12063319732745488,0.5416444875299931,/content/outputs/inference/answersheet/model_finetune_640_results/res_a9120a703d4aadac33876a7f6cfa14d8_jpg_8.pkl
264,12,383,35,264,14,377,14,377,34,264,34,eneaee,compersity,0.5487784147262573,0.10700193295876186,0.47088472003286536,/content/outputs/inference/answersheet/model_finetune_640_results/res_a9120a703d4aadac33876a7f6cfa14d8_jpg_9.pkl
267,151,290,161,267,151,289,151,289,160,267,160,ccgcceeooooddodaaaaaa,for,0.6284443140029907,0.15647682405653454,0.5654004774987698,/content/outputs/inference/answersheet/model_finetune_640_results/res_a9120a703d4aadac33876a7f6cfa14d8_jpg_10.pkl
186,373,205,382,186,373,204,373,204,381,186,381,eseeek,the,0.7757319808006287,0.18799367422858873,0.5902344658970833,/content/outputs/inference/answersheet/model_finetune_640_results/res_a9120a703d4aadac33876a7f6cfa14d8_jpg_11.pkl
292,328,312,338,292,328,311,328,311,337,292,337,ttgkgggk9999988,to,0.7506069540977478,0.20024764835834502,0.3332386463880539,/content/outputs/inference/answersheet/model_finetune_640_results/res_a9120a703d4aadac33876a7f6cfa14d8_jpg_12.pkl
318,307,336,316,318,307,335,307,335,315,318,315,kekekeeeeeeef,for,0.638085126876831,0.22103848365636972,0.8460784256458282,/content/outputs/inference/answersheet/model_finetune_640_results/res_a9120a703d4aadac33876a7f6cfa14d8_jpg_13.pkl
132,329,156,340,132,329,155,329,155,339,132,339,cgggggooooo9oo9o9o9oooooo,for,0.6832991242408752,0.20625623494386672,0.4881559703499079,/content/outputs/inference/answersheet/model_finetune_640_results/res_a9120a703d4aadac33876a7f6cfa14d8_jpg_14.pkl
218,392,241,403,218,392,240,392,240,402,218,402,tttaoddd,the,0.8505831956863403,0.23141977097839117,0.5552789829671383,/content/outputs/inference/answersheet/model_finetune_640_results/res_a9120a703d4aadac33876a7f6cfa14d8_jpg_15.pkl
302,173,318,182,302,173,317,173,317,181,302,181,e,you,0.6389302015304565,0.07295423746109009,0.6555897202342749,/content/outputs/inference/answersheet/model_finetune_640_results/res_a9120a703d4aadac33876a7f6cfa14d8_jpg_16.pkl
134,150,154,160,134,150,153,150,153,159,134,159,eeestoooso,for,0.6404373645782471,0.1275724858045578,0.8057785630226135,/content/outputs/inference/answersheet/model_finetune_640_results/res_a9120a703d4aadac33876a7f6cfa14d8_jpg_17.pkl
270,307,291,318,272,307,290,307,290,317,272,317,gggggoo,get,0.6287421584129333,0.3011392482689449,0.6179948449134827,/content/outputs/inference/answersheet/model_finetune_640_results/res_a9120a703d4aadac33876a7f6cfa14d8_jpg_18.pkl
91,306,113,319,91,306,112,306,112,318,91,318,ggcoeoooooooottt,for,0.5863209962844849,0.15165427327156067,0.8644029945135117,/content/outputs/inference/answersheet/model_finetune_640_results/res_a9120a703d4aadac33876a7f6cfa14d8_jpg_19.pkl
138,261,157,271,138,261,156,261,156,270,138,270,sssttttttttttttt,for,0.8370596170425415,0.16169691272079945,0.6539172008633614,/content/outputs/inference/answersheet/model_finetune_640_results/res_a9120a703d4aadac33876a7f6cfa14d8_jpg_20.pkl
159,395,180,402,159,395,179,395,179,401,159,401,stss,to,0.7736414074897766,0.14216120168566704,0.5151481876770655,/content/outputs/inference/answersheet/model_finetune_640_results/res_a9120a703d4aadac33876a7f6cfa14d8_jpg_21.pkl
238,17,306,30,238,17,303,17,303,29,238,29,eehee,sender,0.5793973803520203,0.16534568071365358,0.4638563777719225,/content/outputs/inference/answersheet/model_finetune_640_results/res_a9120a703d4aadac33876a7f6cfa14d8_jpg_22.pkl
165,172,184,182,165,172,183,172,183,181,165,181,gggoe,the,0.5825220942497253,0.1565010741353035,0.48397958278656006,/content/outputs/inference/answersheet/model_finetune_640_results/res_a9120a703d4aadac33876a7f6cfa14d8_jpg_23.pkl
118,284,138,295,118,284,137,284,137,294,118,294,feeo,for,0.748959481716156,0.15006000362336636,0.7395429760217667,/content/outputs/inference/answersheet/model_finetune_640_results/res_a9120a703d4aadac33876a7f6cfa14d8_jpg_24.pkl
278,196,298,205,278,196,297,196,297,204,278,204,fffffftf4deeeee0ooo0o00o000oo9999999y9y,for,0.6207277774810791,0.2007519623790032,0.6886429712176323,/content/outputs/inference/answersheet/model_finetune_640_results/res_a9120a703d4aadac33876a7f6cfa14d8_jpg_25.pkl
114,395,136,405,114,395,135,395,135,404,114,404,gggggggpapey,get,0.5978903770446777,0.2828074547772606,0.5912692025303841,/content/outputs/inference/answersheet/model_finetune_640_results/res_a9120a703d4aadac33876a7f6cfa14d8_jpg_26.pkl
295,284,311,293,295,284,310,284,310,292,295,292,ffgggflyyy,for,0.6367467045783997,0.22529783695936204,0.7632965072989464,/content/outputs/inference/answersheet/model_finetune_640_results/res_a9120a703d4aadac33876a7f6cfa14d8_jpg_27.pkl
76,19,107,30,76,19,106,19,106,29,76,29,ld,come,0.5427857637405396,0.08078421652317047,0.46412221193313596,/content/outputs/inference/answersheet/model_finetune_640_results/res_a9120a703d4aadac33876a7f6cfa14d8_jpg_28.pkl
157,349,177,359,157,349,176,349,176,358,157,358,tttttren,the,0.7850605845451355,0.10820487979799509,0.47582584246993065,/content/outputs/inference/answersheet/model_finetune_640_results/res_a9120a703d4aadac33876a7f6cfa14d8_jpg_29.pkl
342,283,359,292,342,283,358,283,358,291,342,291,tttsst,the,0.5693409442901611,0.27260499571760494,0.5552988722920418,/content/outputs/inference/answersheet/model_finetune_640_results/res_a9120a703d4aadac33876a7f6cfa14d8_jpg_30.pkl
192,17,226,28,192,17,225,17,225,27,192,27,tttaeeeaeeeeee,the,0.5827382206916809,0.15426629994596755,0.5554457549005747,/content/outputs/inference/answersheet/model_finetune_640_results/res_a9120a703d4aadac33876a7f6cfa14d8_jpg_31.pkl
119,131,151,141,119,131,150,131,150,140,119,140,adtt,from,0.7055943012237549,0.15344861149787903,0.6013101905584335,/content/outputs/inference/answersheet/model_finetune_640_results/res_a9120a703d4aadac33876a7f6cfa14d8_jpg_32.pkl
345,327,364,335,345,327,363,327,363,334,345,334,ffft6tteeeeeeee339,to,0.6912362575531006,0.24834153221713173,0.6729790965716044,/content/outputs/inference/answersheet/model_finetune_640_results/res_a9120a703d4aadac33876a7f6cfa14d8_jpg_33.pkl
137,374,157,383,137,374,156,374,156,382,137,382,fffessssyyy,for,0.712213397026062,0.1668569560755383,0.7263801097869873,/content/outputs/inference/answersheet/model_finetune_640_results/res_a9120a703d4aadac33876a7f6cfa14d8_jpg_34.pkl
115,241,134,251,115,241,133,241,133,250,115,250,pppoooooo,fip,0.7951174974441528,0.23132150206300947,0.5294034853577614,/content/outputs/inference/answersheet/model_finetune_640_results/res_a9120a703d4aadac33876a7f6cfa14d8_jpg_35.pkl
167,104,315,121,167,106,308,106,308,120,167,120,eeiireeitire,restribution,0.6107760667800903,0.1568582815428575,0.5385191629712398,/content/outputs/inference/answersheet/model_finetune_640_results/res_a9120a703d4aadac33876a7f6cfa14d8_jpg_36.pkl
