301,259,338,271,301,259,337,259,337,270,301,270,fotttosooooooyyyyyy,for,0.8905010223388672,0.24571359392843747,0.6518841236829758,/content/outputs/inference/answersheet/model_finetune_640_results/res_89f399f79473b58ce687dbda2f419996_jpg_0.pkl
273,217,311,233,273,217,310,220,309,234,272,230,feedaakd,skid,0.8474236726760864,0.1767170848324895,0.49344676434993745,/content/outputs/inference/answersheet/model_finetune_640_results/res_89f399f79473b58ce687dbda2f419996_jpg_1.pkl
323,285,360,300,323,285,359,285,359,299,323,299,fdffededdeeedeeadd9s999,from,0.7227100133895874,0.1770587971676951,0.5903790310025215,/content/outputs/inference/answersheet/model_finetune_640_results/res_89f399f79473b58ce687dbda2f419996_jpg_2.pkl
188,61,207,71,188,61,206,61,206,70,188,70,fffffooaooaaeenseneneeeeeeeeeeeeee,from,0.6289371848106384,0.10221654100014883,0.5038634449243545,/content/outputs/inference/answersheet/model_finetune_640_results/res_89f399f79473b58ce687dbda2f419996_jpg_3.pkl
323,236,359,249,323,236,358,236,358,248,323,248,tffatd,ford,0.7722975015640259,0.415049580236276,0.694954252243042,/content/outputs/inference/answersheet/model_finetune_640_results/res_89f399f79473b58ce687dbda2f419996_jpg_4.pkl
302,131,344,144,302,131,343,131,343,143,302,143,naaaaaaaaassntaddd,date,0.6211099624633789,0.22240976658132341,0.4668992355465889,/content/outputs/inference/answersheet/model_finetune_640_results/res_89f399f79473b58ce687dbda2f419996_jpg_5.pkl
258,106,294,121,260,106,293,108,292,121,259,118,deeeddd,date,0.8470414280891418,0.29387608809130533,0.5150299549102784,/content/outputs/inference/answersheet/model_finetune_640_results/res_89f399f79473b58ce687dbda2f419996_jpg_6.pkl
332,38,394,52,332,38,391,38,391,51,332,51,oatitiiiisaataeeessssee,sale,0.5327085852622986,0.21140819107708725,0.3476491332054138,/content/outputs/inference/answersheet/model_finetune_640_results/res_89f399f79473b58ce687dbda2f419996_jpg_7.pkl
178,15,272,32,178,16,271,18,270,31,178,30,adaeee,some,0.572984516620636,0.24158180877566338,0.3368551224470139,/content/outputs/inference/answersheet/model_finetune_640_results/res_89f399f79473b58ce687dbda2f419996_jpg_8.pkl
268,61,350,74,268,61,349,61,349,73,268,73,daayaaaaaeaaaa,date,0.6244593858718872,0.190700319728681,0.40480859130620955,/content/outputs/inference/answersheet/model_finetune_640_results/res_89f399f79473b58ce687dbda2f419996_jpg_9.pkl
172,317,208,328,172,317,207,317,207,327,172,327,aabbbbayyyyyyvteeeeeeaee,have,0.7809256911277771,0.28939402134468156,0.6630700021982193,/content/outputs/inference/answersheet/model_finetune_640_results/res_89f399f79473b58ce687dbda2f419996_jpg_10.pkl
259,284,296,297,259,284,295,284,295,296,259,296,gaaaaattttteeee,cate,0.7454580664634705,0.22463247776031495,0.5160554438829422,/content/outputs/inference/answersheet/model_finetune_640_results/res_89f399f79473b58ce687dbda2f419996_jpg_11.pkl
226,195,262,209,226,195,261,195,261,208,226,208,1111i3sdd,150,0.8039942979812622,0.41220728639099335,0.37557273358106613,/content/outputs/inference/answersheet/model_finetune_640_results/res_89f399f79473b58ce687dbda2f419996_jpg_12.pkl
333,317,367,328,333,317,366,317,366,327,333,327,lbfffeeaaaineeee,from,0.7997385263442993,0.2896492574363947,0.5936604887247086,/content/outputs/inference/answersheet/model_finetune_640_results/res_89f399f79473b58ce687dbda2f419996_jpg_13.pkl
191,20,264,28,191,20,263,20,263,27,191,27,sssssssaddafefeeeeeeee,shople,0.8486739993095398,0.2840594652701508,0.42452843700136456,/content/outputs/inference/answersheet/model_finetune_640_results/res_89f399f79473b58ce687dbda2f419996_jpg_14.pkl
368,317,411,329,368,317,410,317,410,328,368,328,bhgaalde,from,0.7265492081642151,0.12230934668332338,0.5805867426097393,/content/outputs/inference/answersheet/model_finetune_640_results/res_89f399f79473b58ce687dbda2f419996_jpg_15.pkl
117,16,139,25,117,16,138,16,138,24,117,24,fftttttttaaahohohhhhhhhhhhhhhrrreedeeoe,the,0.7258449792861938,0.1458319081709935,0.641352903097868,/content/outputs/inference/answersheet/model_finetune_640_results/res_89f399f79473b58ce687dbda2f419996_jpg_16.pkl
96,327,146,339,96,327,145,327,145,338,96,338,fffedasasdaeaaadee,from,0.5251132845878601,0.1406292381385962,0.5277429804205894,/content/outputs/inference/answersheet/model_finetune_640_results/res_89f399f79473b58ce687dbda2f419996_jpg_17.pkl
134,250,162,261,134,250,161,250,161,260,134,260,g4g44ovvvv,off,0.5150106549263,0.24560386463999748,0.5040542762726545,/content/outputs/inference/answersheet/model_finetune_640_results/res_89f399f79473b58ce687dbda2f419996_jpg_18.pkl
186,159,213,171,186,159,212,159,212,170,186,170,egcegsssssssyt,gets,0.7192220687866211,0.17782805221421377,0.5792901337146759,/content/outputs/inference/answersheet/model_finetune_640_results/res_89f399f79473b58ce687dbda2f419996_jpg_19.pkl
172,320,198,332,172,320,197,320,197,331,172,331,aaaaatbbbbbyyyyyyyyyyyyyyyte,bay,0.5033459067344666,0.296889546460339,0.40791310742497444,/content/outputs/inference/answersheet/model_finetune_640_results/res_89f399f79473b58ce687dbda2f419996_jpg_20.pkl
232,82,263,96,232,82,262,82,262,95,232,95,oofffffffffesttto,for,0.6608307361602783,0.26660340279340744,0.6135781034827232,/content/outputs/inference/answersheet/model_finetune_640_results/res_89f399f79473b58ce687dbda2f419996_jpg_21.pkl
77,18,91,27,77,18,90,18,90,26,77,26,aaaaaaaaaaaoossd,and,0.5609162449836731,0.496438717469573,0.6465032994747162,/content/outputs/inference/answersheet/model_finetune_640_results/res_89f399f79473b58ce687dbda2f419996_jpg_22.pkl
157,15,180,25,157,15,179,15,179,24,157,24,affffffffffffdeeeeeee,for,0.5032620429992676,0.2619872749561355,0.6339928209781647,/content/outputs/inference/answersheet/model_finetune_640_results/res_89f399f79473b58ce687dbda2f419996_jpg_23.pkl
235,317,255,327,235,317,254,317,254,326,235,326,ssssssssssssssss,list,0.624667763710022,0.38824679562821984,0.5097201690077782,/content/outputs/inference/answersheet/model_finetune_640_results/res_89f399f79473b58ce687dbda2f419996_jpg_24.pkl
103,361,200,375,105,361,199,361,199,374,105,374,decssoeaaadoeeeeeeee,school,0.520860493183136,0.2286570593714714,0.42284404805728365,/content/outputs/inference/answersheet/model_finetune_640_results/res_89f399f79473b58ce687dbda2f419996_jpg_25.pkl
111,16,182,26,116,16,181,16,181,25,116,25,ntnnnrrrrrrraeaaffffleeee,from,0.6480849385261536,0.18311332732439042,0.6175826758146286,/content/outputs/inference/answersheet/model_finetune_640_results/res_89f399f79473b58ce687dbda2f419996_jpg_26.pkl
186,61,229,73,188,61,228,61,228,72,188,72,foaanaelleeoam,from,0.5317877531051636,0.12255563320858139,0.5086122378706932,/content/outputs/inference/answersheet/model_finetune_640_results/res_89f399f79473b58ce687dbda2f419996_jpg_27.pkl
109,338,144,350,109,338,143,338,143,349,109,349,fnnyyyyyyyfffyyyggaagageeeaeeee,from,0.5004721879959106,0.19871226818330825,0.4840943306684494,/content/outputs/inference/answersheet/model_finetune_640_results/res_89f399f79473b58ce687dbda2f419996_jpg_28.pkl
201,104,237,121,201,104,234,104,234,120,201,120,eeeeeeeeeceaoyffe,off,0.5332739949226379,0.22899420296444611,0.5128104649484158,/content/outputs/inference/answersheet/model_finetune_640_results/res_89f399f79473b58ce687dbda2f419996_jpg_29.pkl
