49,5,74,15,49,5,73,5,73,14,49,14,fddaaoa,from,0.6454774141311646,0.11917846543448311,0.6307311117649078,/content/outputs/inference/answersheet/model_finetune_640_results/res_5ea790e4ae702748776dc1aec733a105_jpg_0.pkl
33,82,55,95,33,82,54,82,54,94,33,94,tttod,from,0.5180703401565552,0.15112670809030532,0.6260012269020081,/content/outputs/inference/answersheet/model_finetune_640_results/res_5ea790e4ae702748776dc1aec733a105_jpg_1.pkl
81,82,131,95,81,82,130,82,130,94,81,94,daatt,restark,0.6403352618217468,0.16372133940458297,0.3549523651599884,/content/outputs/inference/answersheet/model_finetune_640_results/res_5ea790e4ae702748776dc1aec733a105_jpg_2.pkl
323,193,340,201,323,193,339,193,339,200,323,200,teeeeeeettttttt,the,0.7310214042663574,0.2423146481315295,0.4935089759528637,/content/outputs/inference/answersheet/model_finetune_640_results/res_5ea790e4ae702748776dc1aec733a105_jpg_3.pkl
316,90,373,105,319,90,371,90,371,103,319,103,sywepeeee,from,0.5486974716186523,0.1955568947725826,0.5005529820919037,/content/outputs/inference/answersheet/model_finetune_640_results/res_5ea790e4ae702748776dc1aec733a105_jpg_4.pkl
341,2,374,15,341,2,373,2,373,14,341,14,statttteeeeeee,the,0.7221751809120178,0.18594492759023393,0.378694050014019,/content/outputs/inference/answersheet/model_finetune_640_results/res_5ea790e4ae702748776dc1aec733a105_jpg_5.pkl
354,233,407,248,354,235,406,235,406,247,354,247,yyyaseeedcttttn,sender,0.5700004696846008,0.21185266971588135,0.4448525777884892,/content/outputs/inference/answersheet/model_finetune_640_results/res_5ea790e4ae702748776dc1aec733a105_jpg_6.pkl
235,2,307,13,235,2,306,2,306,12,235,12,eeeesenneeeee,from,0.5531072616577148,0.11763863437450849,0.48368453085422514,/content/outputs/inference/answersheet/model_finetune_640_results/res_5ea790e4ae702748776dc1aec733a105_jpg_7.pkl
336,324,404,337,336,324,403,324,403,336,336,336,edeestttttatt,restards,0.5128920078277588,0.14137778889674407,0.4461261240972413,/content/outputs/inference/answersheet/model_finetune_640_results/res_5ea790e4ae702748776dc1aec733a105_jpg_8.pkl
196,1,227,16,196,1,226,1,226,15,196,15,eoeeeeeeeeeettt,the,0.6536194086074829,0.13645653277635575,0.458661699667573,/content/outputs/inference/answersheet/model_finetune_640_results/res_5ea790e4ae702748776dc1aec733a105_jpg_9.pkl
333,371,355,383,333,371,354,371,354,382,333,382,eeeeetdd,the,0.5659697651863098,0.11235879827290773,0.45734261348843575,/content/outputs/inference/answersheet/model_finetune_640_results/res_5ea790e4ae702748776dc1aec733a105_jpg_10.pkl
287,316,312,326,287,316,311,316,311,325,287,325,e,the,0.5257691144943237,0.08754974603652954,0.515325628221035,/content/outputs/inference/answersheet/model_finetune_640_results/res_5ea790e4ae702748776dc1aec733a105_jpg_11.pkl
86,327,109,336,86,327,108,327,108,335,86,335,ttaataaaaaaaaaaaaaaaaa,from,0.6230224967002869,0.14388693327253516,0.5304005399346352,/content/outputs/inference/answersheet/model_finetune_640_results/res_5ea790e4ae702748776dc1aec733a105_jpg_12.pkl
143,327,167,336,143,327,166,327,166,335,143,335,fffferrrrfraaaaaaaaaanahnrrnlnnnnrereree,from,0.5749411582946777,0.10958447773009539,0.5223466038703919,/content/outputs/inference/answersheet/model_finetune_640_results/res_5ea790e4ae702748776dc1aec733a105_jpg_13.pkl
