8,8,43,20,8,8,42,8,42,19,8,19,feoeeeee,for,0.581555187702179,0.26246146485209465,0.6272996142506599,/content/outputs/inference/answersheet/model_finetune_640_results/res_c38578a7d2d48693c1e65bc7c2386747_jpg_0.pkl
56,149,101,162,56,149,100,149,100,161,56,161,llee,jate,0.6502711772918701,0.20797941088676453,0.4452371895313263,/content/outputs/inference/answersheet/model_finetune_640_results/res_c38578a7d2d48693c1e65bc7c2386747_jpg_1.pkl
116,178,136,188,116,178,135,178,135,187,116,187,adee,come,0.6734960675239563,0.0784457940608263,0.35167294144630434,/content/outputs/inference/answersheet/model_finetune_640_results/res_c38578a7d2d48693c1e65bc7c2386747_jpg_2.pkl
100,154,127,162,100,154,126,154,126,161,100,161,ttt,from,0.5858030915260315,0.09587255368630092,0.6524920240044594,/content/outputs/inference/answersheet/model_finetune_640_results/res_c38578a7d2d48693c1e65bc7c2386747_jpg_3.pkl
197,319,247,330,197,319,245,319,245,328,197,328,eallge,from,0.5112757682800293,0.11126831422249477,0.4664443448185921,/content/outputs/inference/answersheet/model_finetune_640_results/res_c38578a7d2d48693c1e65bc7c2386747_jpg_4.pkl
98,207,115,216,98,207,114,207,114,215,98,215,aeeeeeee,the,0.5866832733154297,0.09546669851988554,0.5592322926968336,/content/outputs/inference/answersheet/model_finetune_640_results/res_c38578a7d2d48693c1e65bc7c2386747_jpg_5.pkl
98,164,122,173,98,164,121,164,121,172,98,172,ttteehhhrnnnmnmmmmmmmmddld,the,0.5602602958679199,0.1340432152725183,0.5173767171800137,/content/outputs/inference/answersheet/model_finetune_640_results/res_c38578a7d2d48693c1e65bc7c2386747_jpg_6.pkl
16,151,43,161,16,151,42,151,42,160,16,160,ffffaae,from,0.5424622297286987,0.35221541992255617,0.6102851569652558,/content/outputs/inference/answersheet/model_finetune_640_results/res_c38578a7d2d48693c1e65bc7c2386747_jpg_7.pkl
209,161,259,173,211,161,258,161,258,172,211,172,eeseccnyyyywynne,from,0.7543718218803406,0.1350195100530982,0.529807785153389,/content/outputs/inference/answersheet/model_finetune_640_results/res_c38578a7d2d48693c1e65bc7c2386747_jpg_8.pkl
272,177,299,187,272,177,298,177,298,186,272,186,aaaaaae,date,0.7137531638145447,0.124262806560312,0.39687618613243103,/content/outputs/inference/answersheet/model_finetune_640_results/res_c38578a7d2d48693c1e65bc7c2386747_jpg_9.pkl
148,185,169,195,148,185,168,185,168,194,148,194,tnnnnnnnnnnnnnnnnsyy,the,0.5106145143508911,0.1508802965283394,0.5398648530244827,/content/outputs/inference/answersheet/model_finetune_640_results/res_c38578a7d2d48693c1e65bc7c2386747_jpg_10.pkl
337,186,358,198,337,186,357,186,357,197,337,197,tttttttt,the,0.5222652554512024,0.300073460675776,0.5442952401936054,/content/outputs/inference/answersheet/model_finetune_640_results/res_c38578a7d2d48693c1e65bc7c2386747_jpg_11.pkl
315,176,337,185,315,176,336,176,336,184,315,184,tdtttdh,and,0.5419065356254578,0.1429166453225272,0.41002195328474045,/content/outputs/inference/answersheet/model_finetune_640_results/res_c38578a7d2d48693c1e65bc7c2386747_jpg_12.pkl
131,151,175,162,131,151,174,151,174,161,131,161,tgssssdsllhtayy,from,0.510980486869812,0.1680229385693868,0.5568131297826767,/content/outputs/inference/answersheet/model_finetune_640_results/res_c38578a7d2d48693c1e65bc7c2386747_jpg_13.pkl
79,318,98,327,79,318,97,318,97,326,79,326,aatnanaanhne,the,0.647473156452179,0.1434363971153895,0.6986006200313568,/content/outputs/inference/answersheet/model_finetune_640_results/res_c38578a7d2d48693c1e65bc7c2386747_jpg_14.pkl
