256,16,315,28,256,16,314,16,314,27,256,27,ffeeennaape,coffee,0.6978474855422974,0.2299438708207824,0.5280524662562779,/content/outputs/inference/answersheet/model_finetune_640_results/res_09db80582364b3db3b0d42a5510283a0_jpg_0.pkl
325,57,408,72,329,57,407,57,407,71,329,71,fteaaaaes,coffers,0.752505362033844,0.17955217344893348,0.37389727495610714,/content/outputs/inference/answersheet/model_finetune_640_results/res_09db80582364b3db3b0d42a5510283a0_jpg_1.pkl
155,40,208,53,155,40,207,40,207,52,155,52,sdadaseeeee,the,0.5999674201011658,0.1727986051277681,0.37801577150821686,/content/outputs/inference/answersheet/model_finetune_640_results/res_09db80582364b3db3b0d42a5510283a0_jpg_2.pkl
138,17,186,29,138,17,183,17,183,28,138,28,ttfagdddeaaaaaaaaaeoe,from,0.7194712162017822,0.20509196711438044,0.5716051176190377,/content/outputs/inference/answersheet/model_finetune_640_results/res_09db80582364b3db3b0d42a5510283a0_jpg_3.pkl
167,164,191,173,167,164,190,164,190,172,167,172,oadlllllttltttttttttttt,date,0.7436131834983826,0.3930700589781222,0.527618584036827,/content/outputs/inference/answersheet/model_finetune_640_results/res_09db80582364b3db3b0d42a5510283a0_jpg_4.pkl
225,61,253,72,225,61,252,61,252,71,225,71,attt,that,0.8037129640579224,0.5038118846714497,0.6749568551778793,/content/outputs/inference/answersheet/model_finetune_640_results/res_09db80582364b3db3b0d42a5510283a0_jpg_5.pkl
219,13,318,31,224,15,317,15,317,30,224,30,ahiealeeddd,come,0.5289704203605652,0.2572247176007791,0.3673083454370499,/content/outputs/inference/answersheet/model_finetune_640_results/res_09db80582364b3db3b0d42a5510283a0_jpg_6.pkl
109,162,166,174,109,162,165,162,165,173,109,173,eeffeee,the,0.5886727571487427,0.23849954456090927,0.4185924008488655,/content/outputs/inference/answersheet/model_finetune_640_results/res_09db80582364b3db3b0d42a5510283a0_jpg_7.pkl
251,60,303,72,253,60,299,60,299,71,253,71,eeeeeefeffe,from,0.5595027804374695,0.18592792817137457,0.5591970935463906,/content/outputs/inference/answersheet/model_finetune_640_results/res_09db80582364b3db3b0d42a5510283a0_jpg_8.pkl
226,17,255,27,226,17,254,17,254,26,226,26,aae,the,0.581367015838623,0.26882822066545486,0.4754018187522888,/content/outputs/inference/answersheet/model_finetune_640_results/res_09db80582364b3db3b0d42a5510283a0_jpg_9.pkl
71,18,189,29,75,18,183,18,183,28,75,28,oaisetetttace,collect,0.7497777342796326,0.16818943963601038,0.46155679784715176,/content/outputs/inference/answersheet/model_finetune_640_results/res_09db80582364b3db3b0d42a5510283a0_jpg_10.pkl
218,330,241,340,218,330,240,330,240,339,218,339,4441s4eeeeeyn,486,0.7376030683517456,0.22356769270621812,0.41018417105078697,/content/outputs/inference/answersheet/model_finetune_640_results/res_09db80582364b3db3b0d42a5510283a0_jpg_11.pkl
27,9,41,16,27,9,40,9,40,15,27,15,itttaa,all,0.5779787302017212,0.3606685772538185,0.6547049358487129,/content/outputs/inference/answersheet/model_finetune_640_results/res_09db80582364b3db3b0d42a5510283a0_jpg_12.pkl
333,59,379,71,333,59,378,59,378,70,333,70,eefefeeyyadaaaaa,from,0.6027572154998779,0.17353270389139652,0.560332503914833,/content/outputs/inference/answersheet/model_finetune_640_results/res_09db80582364b3db3b0d42a5510283a0_jpg_13.pkl
341,326,363,333,341,326,362,326,362,332,341,332,fffffffffeeee,from,0.598994791507721,0.3587719270816216,0.7309803426265716,/content/outputs/inference/answersheet/model_finetune_640_results/res_09db80582364b3db3b0d42a5510283a0_jpg_14.pkl
183,59,212,70,183,59,211,59,211,69,183,69,tapphh,you,0.7227240800857544,0.14363216857115427,0.5681175868958235,/content/outputs/inference/answersheet/model_finetune_640_results/res_09db80582364b3db3b0d42a5510283a0_jpg_15.pkl
307,159,370,172,307,159,369,159,369,171,307,171,lllaasaaoaattekde,sale,0.6119080781936646,0.23563742769115112,0.44390489757061,/content/outputs/inference/answersheet/model_finetune_640_results/res_09db80582364b3db3b0d42a5510283a0_jpg_16.pkl
295,82,328,93,295,82,327,82,327,92,295,92,eaaaah,from,0.6628071069717407,0.12775578846534094,0.6223204344511032,/content/outputs/inference/answersheet/model_finetune_640_results/res_09db80582364b3db3b0d42a5510283a0_jpg_17.pkl
307,60,336,71,307,60,335,60,335,70,307,70,ddt,from,0.6465645432472229,0.16570615768432617,0.6102937579154968,/content/outputs/inference/answersheet/model_finetune_640_results/res_09db80582364b3db3b0d42a5510283a0_jpg_18.pkl
209,105,252,119,209,105,251,105,251,118,209,118,aaffa,part,0.5644910931587219,0.17087544202804567,0.31044919788837433,/content/outputs/inference/answersheet/model_finetune_640_results/res_09db80582364b3db3b0d42a5510283a0_jpg_19.pkl
117,40,143,50,117,40,142,40,142,49,117,49,ffffffsffffffffeeaattttttttttt,for,0.5662283897399902,0.3749529041349888,0.5250845290720463,/content/outputs/inference/answersheet/model_finetune_640_results/res_09db80582364b3db3b0d42a5510283a0_jpg_20.pkl
73,19,124,28,75,19,122,19,122,26,75,26,aaaaaaaseeeaaaatt,cale,0.686403214931488,0.2619207396226771,0.4023763179779053,/content/outputs/inference/answersheet/model_finetune_640_results/res_09db80582364b3db3b0d42a5510283a0_jpg_21.pkl
50,330,90,342,50,330,89,330,89,341,50,341,ssaaeoo,shop,0.6135624647140503,0.2883249989577702,0.42634689807891846,/content/outputs/inference/answersheet/model_finetune_640_results/res_09db80582364b3db3b0d42a5510283a0_jpg_22.pkl
140,165,161,173,140,165,160,165,160,172,140,172,dfeeeeeee,the,0.5631569623947144,0.3421997204422951,0.48479990661144257,/content/outputs/inference/answersheet/model_finetune_640_results/res_09db80582364b3db3b0d42a5510283a0_jpg_23.pkl
284,326,365,337,284,326,364,326,364,336,284,336,ttttaaaassseeeeeeeeeeeeeeeeeeeeeffes,from,0.6101532578468323,0.2619588224010335,0.6030919641256333,/content/outputs/inference/answersheet/model_finetune_640_results/res_09db80582364b3db3b0d42a5510283a0_jpg_24.pkl
93,343,117,352,93,343,116,343,116,351,93,351,tttteteeeepdee,the,0.6042887568473816,0.20011098416788237,0.48780544102191925,/content/outputs/inference/answersheet/model_finetune_640_results/res_09db80582364b3db3b0d42a5510283a0_jpg_25.pkl
82,162,112,173,82,162,111,162,111,172,82,172,tteeeeeeeeeeeeeeeeaaa,the,0.7826855778694153,0.23240775969766436,0.5623987354338169,/content/outputs/inference/answersheet/model_finetune_640_results/res_09db80582364b3db3b0d42a5510283a0_jpg_26.pkl
114,163,138,173,114,163,137,163,137,172,114,172,ttttttttett,from,0.5311411023139954,0.291520085524429,0.6147451624274254,/content/outputs/inference/answersheet/model_finetune_640_results/res_09db80582364b3db3b0d42a5510283a0_jpg_27.pkl
106,362,132,372,106,362,131,362,131,371,106,371,dha,the,0.6185364723205566,0.12603778640429178,0.4677682351320982,/content/outputs/inference/answersheet/model_finetune_640_results/res_09db80582364b3db3b0d42a5510283a0_jpg_28.pkl
245,81,300,94,247,81,297,81,297,93,247,93,ssstteeffhfe,state,0.5730501413345337,0.21434232406318188,0.42518213391304016,/content/outputs/inference/answersheet/model_finetune_640_results/res_09db80582364b3db3b0d42a5510283a0_jpg_29.pkl
315,348,336,355,315,348,335,348,335,354,315,354,fffffdfddeeedeeeeeeetnnnd,from,0.6393668055534363,0.17813476502895356,0.6188266932964325,/content/outputs/inference/answersheet/model_finetune_640_results/res_09db80582364b3db3b0d42a5510283a0_jpg_30.pkl
173,82,228,95,173,82,227,82,227,94,173,94,tttatee,from,0.5039764642715454,0.3581184915133885,0.466343891620636,/content/outputs/inference/answersheet/model_finetune_640_results/res_09db80582364b3db3b0d42a5510283a0_jpg_31.pkl
204,183,247,193,204,183,246,183,246,192,204,192,ttnnneeeeeeeet,from,0.5766189098358154,0.13568596701536859,0.614702245593071,/content/outputs/inference/answersheet/model_finetune_640_results/res_09db80582364b3db3b0d42a5510283a0_jpg_32.pkl
209,185,237,194,209,185,236,185,236,193,209,193,tdat,from,0.5162559747695923,0.12637001276016235,0.6291929334402084,/content/outputs/inference/answersheet/model_finetune_640_results/res_09db80582364b3db3b0d42a5510283a0_jpg_33.pkl
356,349,385,358,356,349,384,349,384,357,356,357,faaasssyyyy,from,0.6622465252876282,0.2415009154514833,0.6909501612186432,/content/outputs/inference/answersheet/model_finetune_640_results/res_09db80582364b3db3b0d42a5510283a0_jpg_34.pkl
308,102,364,117,308,102,363,102,363,116,308,116,ettetted,the,0.5057953000068665,0.17669868003576994,0.6053243018686771,/content/outputs/inference/answersheet/model_finetune_640_results/res_09db80582364b3db3b0d42a5510283a0_jpg_35.pkl
