349,83,388,95,351,85,387,85,387,94,351,94,tgeeeeeeeeeeeeeedeedttt,and,0.5560722351074219,0.21601094499878262,0.47433485835790634,/content/outputs/inference/answersheet/model_finetune_640_results/res_b60f388f7d74b3f77f8639ff951fc81a_jpg_0.pkl
300,137,392,151,300,137,390,137,390,149,300,149,eeddeslyaeggee,senders,0.6503210067749023,0.1452259493193456,0.445690106600523,/content/outputs/inference/answersheet/model_finetune_640_results/res_b60f388f7d74b3f77f8639ff951fc81a_jpg_1.pkl
72,137,135,149,74,137,133,137,133,147,74,147,eeannndaleeeemeee,ender,0.5151026248931885,0.1947834022781428,0.5642259791493416,/content/outputs/inference/answersheet/model_finetune_640_results/res_b60f388f7d74b3f77f8639ff951fc81a_jpg_2.pkl
62,91,119,103,66,91,118,91,118,102,66,102,lsddaanannecaaeee,from,0.522708535194397,0.12713369990096374,0.5474332794547081,/content/outputs/inference/answersheet/model_finetune_640_results/res_b60f388f7d74b3f77f8639ff951fc81a_jpg_3.pkl
250,83,287,94,250,83,286,83,286,93,250,93,eeeeeasbiattfeeeeeeee,for,0.6627340316772461,0.19448771540607726,0.3930454235523939,/content/outputs/inference/answersheet/model_finetune_640_results/res_b60f388f7d74b3f77f8639ff951fc81a_jpg_4.pkl
364,115,412,126,364,115,410,115,410,124,364,124,saooweeeee,come,0.5350036025047302,0.13520898073911666,0.3377126336097717,/content/outputs/inference/answersheet/model_finetune_640_results/res_b60f388f7d74b3f77f8639ff951fc81a_jpg_5.pkl
68,128,93,138,68,128,92,128,92,137,68,137,aswwe,sender,0.6658759713172913,0.13802488446235656,0.5297262008701052,/content/outputs/inference/answersheet/model_finetune_640_results/res_b60f388f7d74b3f77f8639ff951fc81a_jpg_6.pkl
364,105,411,116,364,105,410,105,410,115,364,115,ddesattoe,coffee,0.7377437949180603,0.12673190650012758,0.5240958545889173,/content/outputs/inference/answersheet/model_finetune_640_results/res_b60f388f7d74b3f77f8639ff951fc81a_jpg_7.pkl
135,106,167,116,135,106,166,106,166,115,135,115,eaaattteeeee,can,0.5129309296607971,0.24499232694506645,0.3442111946642399,/content/outputs/inference/answersheet/model_finetune_640_results/res_b60f388f7d74b3f77f8639ff951fc81a_jpg_8.pkl
65,118,95,127,65,118,94,118,94,126,65,126,laaaaoaeeeeeeeeeeeeeeee,date,0.6268742680549622,0.17436472132154132,0.48714371472597123,/content/outputs/inference/answersheet/model_finetune_640_results/res_b60f388f7d74b3f77f8639ff951fc81a_jpg_9.pkl
123,38,189,52,123,38,188,38,188,51,123,51,ssssstape,parant,0.5678263902664185,0.29190902329153484,0.38649012787001474,/content/outputs/inference/answersheet/model_finetune_640_results/res_b60f388f7d74b3f77f8639ff951fc81a_jpg_10.pkl
132,101,187,116,132,103,185,99,186,112,132,117,eeeaitteeeeeeees,coffee,0.5853133797645569,0.20535130333155394,0.5261715863432203,/content/outputs/inference/answersheet/model_finetune_640_results/res_b60f388f7d74b3f77f8639ff951fc81a_jpg_11.pkl
218,82,290,94,218,82,289,82,289,93,218,93,saeedddeeeeeaie,sender,0.5676782131195068,0.2502516185243924,0.5420583529131753,/content/outputs/inference/answersheet/model_finetune_640_results/res_b60f388f7d74b3f77f8639ff951fc81a_jpg_12.pkl
214,83,262,93,214,83,261,83,261,92,214,92,sssawweddddddeeeeeea,sale,0.5597701668739319,0.2203192077577114,0.5115263819694519,/content/outputs/inference/answersheet/model_finetune_640_results/res_b60f388f7d74b3f77f8639ff951fc81a_jpg_13.pkl
224,39,249,50,224,39,248,39,248,49,224,49,teaeeet,brice,0.540646493434906,0.0995582640171051,0.3289022172490756,/content/outputs/inference/answersheet/model_finetune_640_results/res_b60f388f7d74b3f77f8639ff951fc81a_jpg_14.pkl
290,83,331,93,290,83,330,83,330,92,290,92,fgaothhheaaaaae,from,0.7025228142738342,0.18327048420906067,0.5502237901091576,/content/outputs/inference/answersheet/model_finetune_640_results/res_b60f388f7d74b3f77f8639ff951fc81a_jpg_15.pkl
102,126,129,136,102,126,128,126,128,135,102,135,aaauaauuypee,have,0.5553935170173645,0.12136331076423328,0.4989253178238869,/content/outputs/inference/answersheet/model_finetune_640_results/res_b60f388f7d74b3f77f8639ff951fc81a_jpg_16.pkl
171,94,195,103,171,94,194,94,194,102,171,102,ayyyyyyyyyysnyyysnyyysnyonyyononnnooeaa,you,0.5032494068145752,0.24763778348763785,0.4813213227316737,/content/outputs/inference/answersheet/model_finetune_640_results/res_b60f388f7d74b3f77f8639ff951fc81a_jpg_17.pkl
90,84,122,94,90,84,121,84,121,93,90,93,feeaattte,from,0.5423650741577148,0.20592226501968172,0.5880050271749496,/content/outputs/inference/answersheet/model_finetune_640_results/res_b60f388f7d74b3f77f8639ff951fc81a_jpg_18.pkl
321,117,347,126,321,117,346,117,346,125,321,125,yecootttteee,coffee,0.5199896097183228,0.16491599939763546,0.6013426354953221,/content/outputs/inference/answersheet/model_finetune_640_results/res_b60f388f7d74b3f77f8639ff951fc81a_jpg_19.pkl
332,93,356,103,332,93,355,93,355,102,332,102,aaaaaaa,and,0.6000430583953857,0.14103402623108455,0.5160240530967712,/content/outputs/inference/answersheet/model_finetune_640_results/res_b60f388f7d74b3f77f8639ff951fc81a_jpg_20.pkl
153,83,196,93,153,83,195,83,195,92,153,92,ccaaassstttttttttttttttteeeeet,coffee,0.518123984336853,0.2767232283949852,0.48337200922625406,/content/outputs/inference/answersheet/model_finetune_640_results/res_b60f388f7d74b3f77f8639ff951fc81a_jpg_21.pkl
66,84,129,96,66,84,126,84,126,95,66,95,aefttttee,from,0.5989362001419067,0.22649364752901924,0.5578702077269554,/content/outputs/inference/answersheet/model_finetune_640_results/res_b60f388f7d74b3f77f8639ff951fc81a_jpg_22.pkl
