337,157,387,168,337,157,386,157,386,167,337,167,aan,the,0.5704972743988037,0.12511597573757172,0.30137363635003567,/content/outputs/inference/answersheet/model_finetune_640_results/res_5bbdd4003a57e52796c03d96d49e4d68_jpg_0.pkl
345,123,398,135,345,123,395,123,395,134,345,134,e,from,0.5285844802856445,0.09549015015363693,0.6038887485861778,/content/outputs/inference/answersheet/model_finetune_640_results/res_5bbdd4003a57e52796c03d96d49e4d68_jpg_1.pkl
258,124,312,136,258,124,310,124,310,134,258,134,dls,changes,0.515925407409668,0.1482761725783348,0.40282473526895046,/content/outputs/inference/answersheet/model_finetune_640_results/res_5bbdd4003a57e52796c03d96d49e4d68_jpg_2.pkl
65,35,91,46,65,35,90,35,90,45,65,45,fnnnntaaaaafttftee,and,0.7833369374275208,0.17876750893063015,0.5709856674075127,/content/outputs/inference/answersheet/model_finetune_640_results/res_5bbdd4003a57e52796c03d96d49e4d68_jpg_3.pkl
238,267,292,279,240,267,291,267,291,278,240,278,sssshhffffssgaaadeeees,coffee,0.535950779914856,0.13277621533383022,0.39553592779806684,/content/outputs/inference/answersheet/model_finetune_640_results/res_5bbdd4003a57e52796c03d96d49e4d68_jpg_4.pkl
329,23,380,35,329,23,379,23,379,34,329,34,hhaaaaadea,from,0.8005689978599548,0.12119918540120125,0.6322067603468895,/content/outputs/inference/answersheet/model_finetune_640_results/res_5bbdd4003a57e52796c03d96d49e4d68_jpg_5.pkl
338,177,389,190,338,177,388,177,388,189,338,189,aaaaaasss,come,0.5043441653251648,0.21185300416416591,0.2604550778865814,/content/outputs/inference/answersheet/model_finetune_640_results/res_5bbdd4003a57e52796c03d96d49e4d68_jpg_6.pkl
250,35,304,46,250,35,303,35,303,45,250,45,tatttedeeeeee,brice,0.5121623277664185,0.17280803792751753,0.3202500802775224,/content/outputs/inference/answersheet/model_finetune_640_results/res_5bbdd4003a57e52796c03d96d49e4d68_jpg_7.pkl
170,23,216,33,170,23,213,23,213,32,170,32,eaettttttee,date,0.7397294640541077,0.27896656502376904,0.5826291799545288,/content/outputs/inference/answersheet/model_finetune_640_results/res_5bbdd4003a57e52796c03d96d49e4d68_jpg_8.pkl
260,179,323,191,263,179,322,179,322,190,263,190,ayee,compers,0.5167683362960815,0.12239187397062778,0.41181899327784777,/content/outputs/inference/answersheet/model_finetune_640_results/res_5bbdd4003a57e52796c03d96d49e4d68_jpg_9.pkl
321,125,342,134,321,125,341,125,341,133,321,133,e,and,0.5136617422103882,0.12988071143627167,0.555499255657196,/content/outputs/inference/answersheet/model_finetune_640_results/res_5bbdd4003a57e52796c03d96d49e4d68_jpg_10.pkl
108,34,160,46,108,34,158,34,158,44,108,44,aaeeeee,from,0.6806879639625549,0.20942193056855882,0.5806611120700836,/content/outputs/inference/answersheet/model_finetune_640_results/res_5bbdd4003a57e52796c03d96d49e4d68_jpg_11.pkl
277,67,350,79,277,67,349,67,349,78,277,78,dtha,from,0.5243565440177917,0.08224487397819757,0.539603054523468,/content/outputs/inference/answersheet/model_finetune_640_results/res_5bbdd4003a57e52796c03d96d49e4d68_jpg_12.pkl
65,47,91,58,65,47,90,47,90,57,65,57,thee,date,0.6997992396354675,0.2911441847681999,0.7269695103168488,/content/outputs/inference/answersheet/model_finetune_640_results/res_5bbdd4003a57e52796c03d96d49e4d68_jpg_13.pkl
331,25,361,33,331,25,360,25,360,32,331,32,hraaaaaaaaaaaaaaaaaaiiiiid,from,0.5142638683319092,0.1368586581486922,0.6428972199559212,/content/outputs/inference/answersheet/model_finetune_640_results/res_5bbdd4003a57e52796c03d96d49e4d68_jpg_14.pkl
273,45,343,59,273,47,342,47,342,58,273,58,bebebeeeeee,come,0.5100351572036743,0.15243091569705444,0.31600759327411654,/content/outputs/inference/answersheet/model_finetune_640_results/res_5bbdd4003a57e52796c03d96d49e4d68_jpg_15.pkl
296,24,318,34,296,24,317,24,317,33,296,33,t,the,0.6839333176612854,0.07169411331415176,0.5534015204757452,/content/outputs/inference/answersheet/model_finetune_640_results/res_5bbdd4003a57e52796c03d96d49e4d68_jpg_16.pkl
237,278,292,290,237,278,289,278,289,289,237,289,aeeeeane,subject,0.5437262654304504,0.1666367780417204,0.42362077720463276,/content/outputs/inference/answersheet/model_finetune_640_results/res_5bbdd4003a57e52796c03d96d49e4d68_jpg_17.pkl
66,30,88,39,66,30,87,30,87,38,66,38,aaaae,date,0.5079014301300049,0.2540621876716614,0.6145216077566147,/content/outputs/inference/answersheet/model_finetune_640_results/res_5bbdd4003a57e52796c03d96d49e4d68_jpg_18.pkl
128,3,145,14,128,3,144,3,144,13,128,13,veeeeee,was,0.5330218076705933,0.1260223707982472,0.5029079280793667,/content/outputs/inference/answersheet/model_finetune_640_results/res_5bbdd4003a57e52796c03d96d49e4d68_jpg_19.pkl
237,24,268,34,237,24,267,24,267,33,237,33,ade,the,0.601705014705658,0.09336486707131068,0.39200093038380146,/content/outputs/inference/answersheet/model_finetune_640_results/res_5bbdd4003a57e52796c03d96d49e4d68_jpg_20.pkl
166,37,191,46,166,37,190,37,190,45,166,45,annaeee,date,0.6482686400413513,0.1634815505572728,0.4506003335118294,/content/outputs/inference/answersheet/model_finetune_640_results/res_5bbdd4003a57e52796c03d96d49e4d68_jpg_21.pkl
247,203,270,211,247,203,269,203,269,210,247,210,hhaaaeeeee,the,0.6009019017219543,0.28897535353899,0.6271270960569382,/content/outputs/inference/answersheet/model_finetune_640_results/res_5bbdd4003a57e52796c03d96d49e4d68_jpg_22.pkl
327,258,350,267,327,258,349,258,349,266,327,266,adadaee,and,0.5431452989578247,0.1582265847495624,0.4000350162386894,/content/outputs/inference/answersheet/model_finetune_640_results/res_5bbdd4003a57e52796c03d96d49e4d68_jpg_23.pkl
352,83,380,91,352,83,379,83,379,90,352,90,athhhhhhaaeeeee,and,0.5870050191879272,0.19345406244198482,0.4474625214934349,/content/outputs/inference/answersheet/model_finetune_640_results/res_5bbdd4003a57e52796c03d96d49e4d68_jpg_24.pkl
259,182,276,191,259,182,275,182,275,190,259,190,aasessdaeeeseaeeeseeeeel,from,0.5217592120170593,0.11682395916432142,0.6121788337826729,/content/outputs/inference/answersheet/model_finetune_640_results/res_5bbdd4003a57e52796c03d96d49e4d68_jpg_25.pkl
62,3,142,14,65,3,141,3,141,13,65,13,fftfgggaarrwwwennennnnvee,from,0.8090999126434326,0.1534903582930565,0.3618967443704605,/content/outputs/inference/answersheet/model_finetune_640_results/res_5bbdd4003a57e52796c03d96d49e4d68_jpg_26.pkl
68,58,117,71,68,58,116,58,116,70,68,70,ceaee,come,0.6720248460769653,0.17189086675643922,0.3320278197526932,/content/outputs/inference/answersheet/model_finetune_640_results/res_5bbdd4003a57e52796c03d96d49e4d68_jpg_27.pkl
