191,156,213,167,191,156,210,156,210,166,191,166,aaeee,from,0.7771896123886108,0.22220305502414703,0.5682882651686668,/content/outputs/inference/answersheet/model_finetune_640_results/res_b9b48cbd0407f490f92de7539e0bceb9_jpg_0.pkl
201,168,219,180,201,167,219,172,216,181,199,175,tteeeeeeett,for,0.7245545387268066,0.21890634162859482,0.574252262711525,/content/outputs/inference/answersheet/model_finetune_640_results/res_b9b48cbd0407f490f92de7539e0bceb9_jpg_1.pkl
234,197,255,208,234,197,254,197,254,207,234,207,ooooannneeee,sender,0.7113571763038635,0.11841968012352784,0.5144479040588651,/content/outputs/inference/answersheet/model_finetune_640_results/res_b9b48cbd0407f490f92de7539e0bceb9_jpg_2.pkl
170,248,195,262,170,248,194,248,194,261,170,261,gggonnn,gre,0.5883420705795288,0.27845881453582216,0.4157186448574066,/content/outputs/inference/answersheet/model_finetune_640_results/res_b9b48cbd0407f490f92de7539e0bceb9_jpg_3.pkl
214,180,239,192,214,180,238,180,238,191,214,191,ttttttalaaaakeoo,the,0.7008686065673828,0.268441584892571,0.5651518516242504,/content/outputs/inference/answersheet/model_finetune_640_results/res_b9b48cbd0407f490f92de7539e0bceb9_jpg_4.pkl
181,38,201,49,181,38,200,38,200,48,181,48,ffffcgcgcfcceeeeeooy,for,0.5172656178474426,0.22140068486332892,0.7733817547559738,/content/outputs/inference/answersheet/model_finetune_640_results/res_b9b48cbd0407f490f92de7539e0bceb9_jpg_5.pkl
276,228,294,238,276,228,293,228,293,237,276,237,4ddyyy,and,0.5649459362030029,0.12266719837983449,0.6355373114347458,/content/outputs/inference/answersheet/model_finetune_640_results/res_b9b48cbd0407f490f92de7539e0bceb9_jpg_6.pkl
52,361,137,371,54,361,136,361,136,370,54,370,hhaaaattaaaaaanm,from,0.5782836675643921,0.20878816675394773,0.585185357183218,/content/outputs/inference/answersheet/model_finetune_640_results/res_b9b48cbd0407f490f92de7539e0bceb9_jpg_7.pkl
192,267,215,279,192,267,214,267,214,278,192,278,arrteeeee,from,0.6042884588241577,0.10232818292246924,0.5774072200059891,/content/outputs/inference/answersheet/model_finetune_640_results/res_b9b48cbd0407f490f92de7539e0bceb9_jpg_8.pkl
213,281,235,290,213,281,234,281,234,289,213,289,ye,and,0.5379183888435364,0.09811991080641747,0.5978942420333624,/content/outputs/inference/answersheet/model_finetune_640_results/res_b9b48cbd0407f490f92de7539e0bceb9_jpg_9.pkl
204,74,226,83,204,74,225,74,225,82,204,82,sssssssssssssos,sale,0.523809015750885,0.44101528972387316,0.6164964377880097,/content/outputs/inference/answersheet/model_finetune_640_results/res_b9b48cbd0407f490f92de7539e0bceb9_jpg_10.pkl
300,267,329,279,300,267,328,267,328,278,300,278,e,for,0.5787568092346191,0.10555079579353333,0.5670455135405064,/content/outputs/inference/answersheet/model_finetune_640_results/res_b9b48cbd0407f490f92de7539e0bceb9_jpg_11.pkl
314,313,335,322,314,313,334,313,334,321,314,321,dee,the,0.6723065376281738,0.09970311572154363,0.6685496978461742,/content/outputs/inference/answersheet/model_finetune_640_results/res_b9b48cbd0407f490f92de7539e0bceb9_jpg_12.pkl
