335,0,397,11,335,0,395,0,395,9,335,9,hhhehhdeeeyyyyyedddddd,messageid,0.6148826479911804,0.150807243517854,0.6573329251259565,/content/outputs/inference/answersheet/model_finetune_640_results/res_228c40050b4626c47b33b45d5ca6c09a_jpg_0.pkl
268,0,338,11,271,0,337,0,337,10,271,10,ahhheeeeeeehhedeeeeeeeeeeeeedee,coffee,0.6137247085571289,0.18275010633853175,0.4205984260354723,/content/outputs/inference/answersheet/model_finetune_640_results/res_228c40050b4626c47b33b45d5ca6c09a_jpg_1.pkl
237,10,262,18,237,10,261,10,261,17,237,17,dtttttahnnnnoodeeeeeeeeeeeeeeeee,the,0.5682029128074646,0.11937655147630721,0.4771833084523678,/content/outputs/inference/answersheet/model_finetune_640_results/res_228c40050b4626c47b33b45d5ca6c09a_jpg_2.pkl
115,20,138,30,115,20,135,20,135,29,115,29,dddehhena,come,0.5096695423126221,0.08068425373898612,0.31946555227041246,/content/outputs/inference/answersheet/model_finetune_640_results/res_228c40050b4626c47b33b45d5ca6c09a_jpg_3.pkl
328,196,372,207,328,196,371,196,371,206,328,206,tyrrre,from,0.5608283877372742,0.1590566784143448,0.6143994629383087,/content/outputs/inference/answersheet/model_finetune_640_results/res_228c40050b4626c47b33b45d5ca6c09a_jpg_4.pkl
134,19,203,31,134,19,202,19,202,30,134,30,aycddyee,coffeen,0.6191805005073547,0.10165463667362928,0.39283858984708786,/content/outputs/inference/answersheet/model_finetune_640_results/res_228c40050b4626c47b33b45d5ca6c09a_jpg_5.pkl
291,131,311,140,291,131,310,131,310,139,291,139,sssssstdtddd3dddoooooyyyy,st,0.6590269804000854,0.22224060237407683,0.43914441764354706,/content/outputs/inference/answersheet/model_finetune_640_results/res_228c40050b4626c47b33b45d5ca6c09a_jpg_6.pkl
201,130,222,139,201,130,221,130,221,138,201,138,aadetdd,the,0.6434630751609802,0.11165661151920046,0.5779822617769241,/content/outputs/inference/answersheet/model_finetune_640_results/res_228c40050b4626c47b33b45d5ca6c09a_jpg_7.pkl
62,0,102,11,62,0,101,0,101,10,62,10,lhhaooeeanafeeeeeeee,from,0.5377870798110962,0.14369851909577847,0.6193963691592217,/content/outputs/inference/answersheet/model_finetune_640_results/res_228c40050b4626c47b33b45d5ca6c09a_jpg_8.pkl
64,18,100,29,64,18,99,18,99,28,64,28,naallffoofoasssssssseeee,from,0.7494703531265259,0.14789118400464454,0.5994719505310059,/content/outputs/inference/answersheet/model_finetune_640_results/res_228c40050b4626c47b33b45d5ca6c09a_jpg_9.pkl
204,19,224,27,204,19,223,19,223,26,204,26,feessssaaadddaaa,breading,0.5309925675392151,0.08691188925877213,0.41797150837050545,/content/outputs/inference/answersheet/model_finetune_640_results/res_228c40050b4626c47b33b45d5ca6c09a_jpg_10.pkl
141,40,203,53,141,40,202,40,202,52,141,52,eaeeee,come,0.5572872161865234,0.18344520901640257,0.3638884097337723,/content/outputs/inference/answersheet/model_finetune_640_results/res_228c40050b4626c47b33b45d5ca6c09a_jpg_11.pkl
222,165,247,176,222,165,246,165,246,175,222,175,aaaaaaaaaaaaaasasseessso,for,0.594123363494873,0.2395480473836263,0.5719652231782675,/content/outputs/inference/answersheet/model_finetune_640_results/res_228c40050b4626c47b33b45d5ca6c09a_jpg_12.pkl
196,382,375,398,207,384,374,384,374,397,207,397,eeteeeee,coffee,0.5577384829521179,0.19482077192515135,0.4495244749954769,/content/outputs/inference/answersheet/model_finetune_640_results/res_228c40050b4626c47b33b45d5ca6c09a_jpg_13.pkl
