290,92,372,103,290,92,371,92,371,102,290,102,eataaaaae,charden,0.7399090528488159,0.2385056664546331,0.41668457351624966,/content/outputs/inference/answersheet/model_finetune_640_results/res_09137720e28168bcd376690ce1c8cb39_jpg_0.pkl
51,8,77,19,51,8,76,8,76,18,51,18,eeaaaaainnneeeeeeeeeeeeeeeeeeeeeeeeeeeeeeeeeetteeteettttttttettttttttetl,sender,0.5676442980766296,0.1104005573110448,0.5353781027453286,/content/outputs/inference/answersheet/model_finetune_640_results/res_09137720e28168bcd376690ce1c8cb39_jpg_1.pkl
64,290,127,303,66,290,125,290,125,301,66,301,ssseeeeee,from,0.5320977568626404,0.22038314243157706,0.525165992975235,/content/outputs/inference/answersheet/model_finetune_640_results/res_09137720e28168bcd376690ce1c8cb39_jpg_2.pkl
51,3,75,14,51,3,74,3,74,13,51,13,ffffeeeaaaaaeaeeeeeeteeettttttttttttte,come,0.7526998519897461,0.1453925018247805,0.4154022455215454,/content/outputs/inference/answersheet/model_finetune_640_results/res_09137720e28168bcd376690ce1c8cb39_jpg_3.pkl
51,14,78,22,51,14,77,14,77,21,51,21,aeeeewwwewwwwwewweeeeeeeeee,date,0.5906994342803955,0.1300588893117728,0.43734331578016283,/content/outputs/inference/answersheet/model_finetune_640_results/res_09137720e28168bcd376690ce1c8cb39_jpg_4.pkl
67,91,127,104,69,91,126,91,126,103,69,103,hheee,from,0.5736793279647827,0.1421311765909195,0.49842709600925444,/content/outputs/inference/answersheet/model_finetune_640_results/res_09137720e28168bcd376690ce1c8cb39_jpg_5.pkl
196,1,238,13,198,1,237,1,237,12,198,12,aaaoeeeey,the,0.5315136909484863,0.21984699865182242,0.5837259441614151,/content/outputs/inference/answersheet/model_finetune_640_results/res_09137720e28168bcd376690ce1c8cb39_jpg_6.pkl
344,1,384,16,344,1,383,1,383,15,344,15,stfltat,from,0.5047072768211365,0.1986173146537372,0.6142591208219528,/content/outputs/inference/answersheet/model_finetune_640_results/res_09137720e28168bcd376690ce1c8cb39_jpg_7.pkl
72,103,125,115,72,103,124,103,124,114,72,114,ttteeeeeoeoeeesaaaeee,compers,0.5799798369407654,0.11497991638524192,0.37046507094055414,/content/outputs/inference/answersheet/model_finetune_640_results/res_09137720e28168bcd376690ce1c8cb39_jpg_8.pkl
274,243,342,258,274,243,341,243,341,257,274,257,osppprtesee,spe,0.5567364692687988,0.20146618918939072,0.28362470492720604,/content/outputs/inference/answersheet/model_finetune_640_results/res_09137720e28168bcd376690ce1c8cb39_jpg_9.pkl
214,195,237,205,214,195,236,195,236,204,214,204,fffffffttt2oe,to,0.5543014407157898,0.4062100047102341,0.6235568722089132,/content/outputs/inference/answersheet/model_finetune_640_results/res_09137720e28168bcd376690ce1c8cb39_jpg_10.pkl
112,4,180,12,112,4,179,4,179,11,112,11,tseeststtteeess,colless,0.5513989329338074,0.19889694650967915,0.4727569706737995,/content/outputs/inference/answersheet/model_finetune_640_results/res_09137720e28168bcd376690ce1c8cb39_jpg_11.pkl
76,226,126,237,76,226,125,226,125,236,76,236,hhhhhae,more,0.5361185073852539,0.18113079879965102,0.3230383723974228,/content/outputs/inference/answersheet/model_finetune_640_results/res_09137720e28168bcd376690ce1c8cb39_jpg_12.pkl
