106,252,128,262,106,252,127,252,127,261,106,261,tsy,sale,0.6465457677841187,0.18816147247950235,0.594584047794342,/content/outputs/inference/answersheet/model_finetune_640_results/res_DM21342_pdf_3_jpg_0.pkl
146,284,165,293,146,284,164,284,164,292,146,292,agoh,the,0.6052979826927185,0.09668910875916481,0.5519675826653838,/content/outputs/inference/answersheet/model_finetune_640_results/res_DM21342_pdf_3_jpg_1.pkl
104,112,146,124,104,112,145,112,145,123,104,123,saeeeeeeeeeeeee,from,0.5984697341918945,0.29084238559007647,0.6301147997379303,/content/outputs/inference/answersheet/model_finetune_640_results/res_DM21342_pdf_3_jpg_2.pkl
157,355,179,365,157,355,178,355,178,364,157,364,byhhhhh,can,0.7203207612037659,0.09892639837094716,0.38442426919937134,/content/outputs/inference/answersheet/model_finetune_640_results/res_DM21342_pdf_3_jpg_3.pkl
142,156,190,166,142,156,189,156,189,165,142,165,sfffffeaeedt,from,0.5916973948478699,0.2166762351989746,0.5690984606742859,/content/outputs/inference/answersheet/model_finetune_640_results/res_DM21342_pdf_3_jpg_4.pkl
107,140,146,153,107,140,145,140,145,152,107,152,dhheeeeeeeeeeeesssesseee,the,0.573849618434906,0.34982947849979,0.5047057252377272,/content/outputs/inference/answersheet/model_finetune_640_results/res_DM21342_pdf_3_jpg_5.pkl
127,263,145,271,127,263,144,263,144,270,127,270,ttteee,the,0.5878715515136719,0.16351346050699553,0.5766685903072357,/content/outputs/inference/answersheet/model_finetune_640_results/res_DM21342_pdf_3_jpg_6.pkl
93,211,119,221,93,211,118,211,118,220,93,220,ee,from,0.6236028075218201,0.11795689165592194,0.6061497122049332,/content/outputs/inference/answersheet/model_finetune_640_results/res_DM21342_pdf_3_jpg_7.pkl
217,295,259,307,217,295,258,295,258,306,217,306,fdfffeeeatsssysay,for,0.5596654415130615,0.19936933675233057,0.5745599418878555,/content/outputs/inference/answersheet/model_finetune_640_results/res_DM21342_pdf_3_jpg_8.pkl
95,182,123,192,95,182,122,182,122,191,95,191,tgeeggdgddaaaaalyyl,from,0.5261934399604797,0.16434591577241295,0.5762271493673324,/content/outputs/inference/answersheet/model_finetune_640_results/res_DM21342_pdf_3_jpg_9.pkl
106,356,128,365,106,356,127,356,127,364,106,364,o,off,0.5788315534591675,0.07986370474100113,0.5468433760106564,/content/outputs/inference/answersheet/model_finetune_640_results/res_DM21342_pdf_3_jpg_10.pkl
184,371,212,382,184,371,211,371,211,381,184,381,gggo,coff,0.634177029132843,0.2301090508699417,0.4667204827070236,/content/outputs/inference/answersheet/model_finetune_640_results/res_DM21342_pdf_3_jpg_11.pkl
