74,3,134,14,74,3,133,3,133,13,74,13,saaeernstttddaeeeee,subject,0.6985781788825989,0.18394391709252408,0.5255485083907843,/content/outputs/inference/answersheet/model_finetune_640_results/res_f68f99d68fafa167a1fbb55d8eaece99_jpg_0.pkl
0,25,37,35,0,25,36,25,36,34,0,34,ogggggaaadee,from,0.53075110912323,0.17147395635644594,0.583506053686142,/content/outputs/inference/answersheet/model_finetune_640_results/res_f68f99d68fafa167a1fbb55d8eaece99_jpg_1.pkl
171,231,191,241,171,231,190,231,190,240,171,240,tt,the,0.6637798547744751,0.15583103150129318,0.6184530481696129,/content/outputs/inference/answersheet/model_finetune_640_results/res_f68f99d68fafa167a1fbb55d8eaece99_jpg_2.pkl
274,322,300,334,274,322,299,322,299,333,274,333,dd111111111iieigoddd,did,0.6665033102035522,0.30381176620721817,0.5379505679011345,/content/outputs/inference/answersheet/model_finetune_640_results/res_f68f99d68fafa167a1fbb55d8eaece99_jpg_3.pkl
133,214,160,225,133,214,159,214,159,224,133,224,1141111dd,10,0.6982458233833313,0.24751018236080805,0.6200659473737081,/content/outputs/inference/answersheet/model_finetune_640_results/res_f68f99d68fafa167a1fbb55d8eaece99_jpg_4.pkl
164,137,183,147,164,137,182,137,182,146,164,146,ttt1eeeteeee88000e000000o6,to,0.6516052484512329,0.19673326410926306,0.5303799311319987,/content/outputs/inference/answersheet/model_finetune_640_results/res_f68f99d68fafa167a1fbb55d8eaece99_jpg_5.pkl
379,227,399,236,379,227,398,227,398,235,379,235,44eeoo,4,0.586980938911438,0.2827026868859927,0.3078390248119831,/content/outputs/inference/answersheet/model_finetune_640_results/res_f68f99d68fafa167a1fbb55d8eaece99_jpg_6.pkl
233,303,254,314,233,303,253,303,253,313,233,313,taiioo,for,0.6647962927818298,0.18464951092998186,0.6682909466326237,/content/outputs/inference/answersheet/model_finetune_640_results/res_f68f99d68fafa167a1fbb55d8eaece99_jpg_7.pkl
216,324,242,334,216,324,241,324,241,333,216,333,ftttttfeododdss,for,0.7560886144638062,0.17143913259108862,0.6737439334392548,/content/outputs/inference/answersheet/model_finetune_640_results/res_f68f99d68fafa167a1fbb55d8eaece99_jpg_8.pkl
158,313,178,323,158,313,177,313,177,322,158,322,gggoa,for,0.5763192772865295,0.14265746176242827,0.7090805396437645,/content/outputs/inference/answersheet/model_finetune_640_results/res_f68f99d68fafa167a1fbb55d8eaece99_jpg_9.pkl
189,291,225,303,189,291,224,291,224,302,189,302,eedeeedywee,for,0.507297158241272,0.2254242544824427,0.5496887117624283,/content/outputs/inference/answersheet/model_finetune_640_results/res_f68f99d68fafa167a1fbb55d8eaece99_jpg_10.pkl
331,213,354,221,331,213,353,213,353,220,331,220,t1aaa1110011111d11d111dddd,the,0.6044022440910339,0.11207898075763996,0.5985224694013596,/content/outputs/inference/answersheet/model_finetune_640_results/res_f68f99d68fafa167a1fbb55d8eaece99_jpg_11.pkl
