251,298,307,309,251,298,306,298,306,308,251,308,aahtttttteeaagdd,that,0.8184009194374084,0.2227596789598465,0.5692497193813324,/content/outputs/inference/answersheet/model_finetune_640_results/res_af5cac0285eac416aed26525cb1e2130_jpg_0.pkl
73,252,109,263,73,252,108,252,108,262,73,262,ttaaaeee,from,0.5539669990539551,0.2927734078839421,0.5372800439596176,/content/outputs/inference/answersheet/model_finetune_640_results/res_af5cac0285eac416aed26525cb1e2130_jpg_1.pkl
286,107,320,119,286,107,319,107,319,118,286,118,dttttdd,and,0.657195508480072,0.2737731124673571,0.6035530418157578,/content/outputs/inference/answersheet/model_finetune_640_results/res_af5cac0285eac416aed26525cb1e2130_jpg_2.pkl
194,241,251,252,194,241,250,241,250,251,194,251,keaaaeeee,school,0.6288756728172302,0.291719021068679,0.56784930399486,/content/outputs/inference/answersheet/model_finetune_640_results/res_af5cac0285eac416aed26525cb1e2130_jpg_3.pkl
236,259,336,273,236,261,332,261,332,271,236,271,rteato,from,0.7238110303878784,0.3192742168903351,0.525523978471756,/content/outputs/inference/answersheet/model_finetune_640_results/res_af5cac0285eac416aed26525cb1e2130_jpg_4.pkl
279,260,332,273,279,260,331,260,331,272,279,272,patio,from,0.5503856539726257,0.27633990347385406,0.5748322203755378,/content/outputs/inference/answersheet/model_finetune_640_results/res_af5cac0285eac416aed26525cb1e2130_jpg_5.pkl
109,82,158,95,111,82,154,82,154,94,111,94,goyeeeeeeeeeeeeeeeaaaa,great,0.6183051466941833,0.18420578302307564,0.5062165856361389,/content/outputs/inference/answersheet/model_finetune_640_results/res_af5cac0285eac416aed26525cb1e2130_jpg_6.pkl
164,42,190,55,164,42,189,42,189,54,164,54,gggkaiodnn,for,0.584946870803833,0.18497809320688247,0.4658094756305218,/content/outputs/inference/answersheet/model_finetune_640_results/res_af5cac0285eac416aed26525cb1e2130_jpg_7.pkl
113,80,183,97,113,81,182,83,181,96,113,94,gysseeeeeeeeeeeeaaaaadddd,great,0.50119948387146,0.1772005459666252,0.4791644588112831,/content/outputs/inference/answersheet/model_finetune_640_results/res_af5cac0285eac416aed26525cb1e2130_jpg_8.pkl
137,62,188,75,139,64,187,64,187,74,139,74,ggsoafaeeaeeeee,from,0.6361366510391235,0.17466383477052053,0.6649839520454407,/content/outputs/inference/answersheet/model_finetune_640_results/res_af5cac0285eac416aed26525cb1e2130_jpg_9.pkl
158,85,183,95,158,85,182,85,182,94,158,94,tttfffeeeddhh,the,0.6846801042556763,0.1943426659474006,0.5748186334967613,/content/outputs/inference/answersheet/model_finetune_640_results/res_af5cac0285eac416aed26525cb1e2130_jpg_10.pkl
84,339,135,351,84,339,134,339,134,350,84,350,slllkkeeeeeo,from,0.5989450216293335,0.22924395216008028,0.6299787580966949,/content/outputs/inference/answersheet/model_finetune_640_results/res_af5cac0285eac416aed26525cb1e2130_jpg_11.pkl
195,21,222,31,195,21,221,21,221,30,195,30,de,from,0.5225992202758789,0.11130387336015701,0.6154506459832192,/content/outputs/inference/answersheet/model_finetune_640_results/res_af5cac0285eac416aed26525cb1e2130_jpg_12.pkl
231,107,255,116,231,107,254,107,254,115,231,115,tttttdffffeeey,the,0.7443461418151855,0.1767848070178713,0.5136911533772945,/content/outputs/inference/answersheet/model_finetune_640_results/res_af5cac0285eac416aed26525cb1e2130_jpg_13.pkl
73,219,124,230,75,219,122,219,122,228,75,228,ttttaaeeed,from,0.6529868245124817,0.19575877338647843,0.6477745950222016,/content/outputs/inference/answersheet/model_finetune_640_results/res_af5cac0285eac416aed26525cb1e2130_jpg_14.pkl
140,66,163,75,140,66,162,66,162,74,140,74,f44s44sssso,for,0.7981027960777283,0.12857058779759842,0.5773829370737076,/content/outputs/inference/answersheet/model_finetune_640_results/res_af5cac0285eac416aed26525cb1e2130_jpg_15.pkl
284,66,311,75,284,66,310,66,310,74,284,74,tttogaeeessddd,the,0.5569078922271729,0.15085746028593608,0.6128632426261902,/content/outputs/inference/answersheet/model_finetune_640_results/res_af5cac0285eac416aed26525cb1e2130_jpg_16.pkl
248,44,281,55,248,44,280,44,280,54,248,54,aeeo,and,0.6477861404418945,0.19769582338631153,0.6237616278231144,/content/outputs/inference/answersheet/model_finetune_640_results/res_af5cac0285eac416aed26525cb1e2130_jpg_17.pkl
286,341,315,350,286,341,314,341,314,349,286,349,aaatfftt,the,0.6912218332290649,0.2313802931457758,0.571629136800766,/content/outputs/inference/answersheet/model_finetune_640_results/res_af5cac0285eac416aed26525cb1e2130_jpg_18.pkl
