124,161,165,174,124,161,164,161,164,173,124,173,aaaee,breads,0.6398329138755798,0.12045887410640717,0.4024947200502668,/content/outputs/inference/answersheet/model_finetune_640_results/res_7968c6e27e18cf89a940dedcfb3caf7c_jpg_0.pkl
166,107,198,120,166,107,197,107,197,119,166,119,ttess,from,0.7589537501335144,0.20264861285686492,0.6613797575235367,/content/outputs/inference/answersheet/model_finetune_640_results/res_7968c6e27e18cf89a940dedcfb3caf7c_jpg_1.pkl
92,54,114,63,92,54,113,54,113,62,92,62,ahhhhhhhhhe,the,0.7982264161109924,0.16477608545259995,0.7413955703377724,/content/outputs/inference/answersheet/model_finetune_640_results/res_7968c6e27e18cf89a940dedcfb3caf7c_jpg_2.pkl
126,107,165,119,126,107,164,107,164,118,126,118,e,the,0.8011891841888428,0.10843032598495483,0.4482344016432762,/content/outputs/inference/answersheet/model_finetune_640_results/res_7968c6e27e18cf89a940dedcfb3caf7c_jpg_3.pkl
116,74,213,88,116,74,212,74,212,87,116,87,eeaayd,subjectry,0.6400764584541321,0.10637015476822853,0.5275356322526932,/content/outputs/inference/answersheet/model_finetune_640_results/res_7968c6e27e18cf89a940dedcfb3caf7c_jpg_4.pkl
173,152,231,165,173,152,229,152,229,163,173,163,dggggh,bright,0.5339605212211609,0.2299851862092813,0.4317520580121449,/content/outputs/inference/answersheet/model_finetune_640_results/res_7968c6e27e18cf89a940dedcfb3caf7c_jpg_5.pkl
110,11,130,20,110,11,129,11,129,19,110,19,tttttee,the,0.6417009234428406,0.2276437474148614,0.6993608083575964,/content/outputs/inference/answersheet/model_finetune_640_results/res_7968c6e27e18cf89a940dedcfb3caf7c_jpg_6.pkl
112,131,130,141,112,131,129,131,129,140,112,140,ddfeee,the,0.6756636500358582,0.15399165451526642,0.6504379734396935,/content/outputs/inference/answersheet/model_finetune_640_results/res_7968c6e27e18cf89a940dedcfb3caf7c_jpg_7.pkl
126,31,183,42,126,31,182,31,182,41,126,41,aeennea,subject,0.6921149492263794,0.12892609728234156,0.522917253896594,/content/outputs/inference/answersheet/model_finetune_640_results/res_7968c6e27e18cf89a940dedcfb3caf7c_jpg_8.pkl
81,220,130,233,83,220,128,220,128,231,83,231,fdfffffggeggg,coffee,0.7142749428749084,0.20435022505430075,0.4903716913291386,/content/outputs/inference/answersheet/model_finetune_640_results/res_7968c6e27e18cf89a940dedcfb3caf7c_jpg_9.pkl
