295,105,312,115,295,105,311,105,311,114,295,114,ttdiieidddddddddddddddd09d9,the,0.7652772665023804,0.18877521653970084,0.5520014278590679,/content/outputs/inference/answersheet/model_finetune_640_results/res_d7fa96c0468e5d083463a43d2ea5e652_jpg_0.pkl
231,227,249,236,231,227,248,227,248,235,231,235,dd0999999,do,0.8098184466362,0.2290521330303616,0.5393812855084738,/content/outputs/inference/answersheet/model_finetune_640_results/res_d7fa96c0468e5d083463a43d2ea5e652_jpg_1.pkl
194,52,214,61,194,52,213,52,213,60,194,60,mttt000000000iiddddnoodoltt,100,0.5442841053009033,0.1260944698695783,0.49782494828104973,/content/outputs/inference/answersheet/model_finetune_640_results/res_d7fa96c0468e5d083463a43d2ea5e652_jpg_2.pkl
249,105,268,116,249,105,267,105,267,115,249,115,esy,for,0.5512126684188843,0.13080876817305884,0.6467318702489138,/content/outputs/inference/answersheet/model_finetune_640_results/res_d7fa96c0468e5d083463a43d2ea5e652_jpg_3.pkl
216,330,232,338,216,330,231,330,231,337,216,337,ffaaaasaaehheeeeyny,for,0.5149952173233032,0.13012508655849256,0.5785756520926952,/content/outputs/inference/answersheet/model_finetune_640_results/res_d7fa96c0468e5d083463a43d2ea5e652_jpg_4.pkl
201,212,223,220,201,212,222,212,222,219,201,219,4d44a4dssdddddsssss,and,0.7275739312171936,0.15621367763531835,0.5514758825302124,/content/outputs/inference/answersheet/model_finetune_640_results/res_d7fa96c0468e5d083463a43d2ea5e652_jpg_5.pkl
97,152,121,161,97,152,120,152,120,160,97,160,naaaaaaaaaaaaaaah,the,0.654676079750061,0.5492234799791785,0.661133635789156,/content/outputs/inference/answersheet/model_finetune_640_results/res_d7fa96c0468e5d083463a43d2ea5e652_jpg_6.pkl
314,331,351,342,314,331,348,331,348,341,314,341,faaaaarae,shop,0.5472055673599243,0.10452239877647823,0.31860635429620743,/content/outputs/inference/answersheet/model_finetune_640_results/res_d7fa96c0468e5d083463a43d2ea5e652_jpg_7.pkl
176,198,197,206,176,198,196,198,196,205,176,205,tetttp,for,0.6164469122886658,0.1833167423804601,0.6826201230287552,/content/outputs/inference/answersheet/model_finetune_640_results/res_d7fa96c0468e5d083463a43d2ea5e652_jpg_8.pkl
187,228,205,237,187,228,204,228,204,236,187,236,ttttfefffssss9syyyyyyy,for,0.6136094331741333,0.2672045122493397,0.683569610118866,/content/outputs/inference/answersheet/model_finetune_640_results/res_d7fa96c0468e5d083463a43d2ea5e652_jpg_9.pkl
278,154,305,163,278,154,304,154,304,162,278,162,babba,sale,0.578163206577301,0.1447863757610321,0.458215269446373,/content/outputs/inference/answersheet/model_finetune_640_results/res_d7fa96c0468e5d083463a43d2ea5e652_jpg_10.pkl
316,349,367,363,316,349,366,349,366,362,316,362,gsserraeyyyp,coffee,0.7379688620567322,0.18967500577370325,0.44140792531626566,/content/outputs/inference/answersheet/model_finetune_640_results/res_d7fa96c0468e5d083463a43d2ea5e652_jpg_11.pkl
219,67,237,77,219,67,236,67,236,76,219,76,aaaassayyy,sale,0.5010446310043335,0.15276087298989297,0.663401085138321,/content/outputs/inference/answersheet/model_finetune_640_results/res_d7fa96c0468e5d083463a43d2ea5e652_jpg_12.pkl
268,121,283,130,268,121,282,121,282,129,268,129,attteeeoooddodddddddnnn,and,0.6454282999038696,0.13863506297702374,0.5867348238825798,/content/outputs/inference/answersheet/model_finetune_640_results/res_d7fa96c0468e5d083463a43d2ea5e652_jpg_13.pkl
