238,313,291,329,238,313,290,313,290,328,238,328,detkgeed,off,0.7982668280601501,0.3100305702537298,0.5180436698719859,/content/outputs/inference/answersheet/model_finetune_640_results/res_3b8d2afd651366a91929a0766b577372_jpg_0.pkl
195,209,215,220,195,209,214,209,214,219,195,219,f411111099949999oooo,to,0.7712751030921936,0.17272899113595486,0.480345755815506,/content/outputs/inference/answersheet/model_finetune_640_results/res_3b8d2afd651366a91929a0766b577372_jpg_1.pkl
259,150,280,159,259,150,279,150,279,158,259,158,fffffffffffff4441110o,ftp,0.8158896565437317,0.6109128296375275,0.5589987635612488,/content/outputs/inference/answersheet/model_finetune_640_results/res_3b8d2afd651366a91929a0766b577372_jpg_2.pkl
142,393,186,405,142,393,184,393,184,403,142,403,dsdttd,the,0.509865403175354,0.12869580338398615,0.5397766828536987,/content/outputs/inference/answersheet/model_finetune_640_results/res_3b8d2afd651366a91929a0766b577372_jpg_3.pkl
283,171,303,179,283,171,302,171,302,178,283,178,4e34,40,0.8316432237625122,0.19730734825134277,0.516319066286087,/content/outputs/inference/answersheet/model_finetune_640_results/res_3b8d2afd651366a91929a0766b577372_jpg_4.pkl
148,298,166,311,148,298,165,298,165,310,148,310,tt88888yyhhhh,18,0.6572464108467102,0.20278178843168113,0.36269819736480713,/content/outputs/inference/answersheet/model_finetune_640_results/res_3b8d2afd651366a91929a0766b577372_jpg_5.pkl
99,299,122,311,99,299,121,299,121,310,99,310,444444441199999,45,0.8227461576461792,0.24976996729771297,0.39676354825496674,/content/outputs/inference/answersheet/model_finetune_640_results/res_3b8d2afd651366a91929a0766b577372_jpg_6.pkl
327,72,390,86,327,72,389,72,389,85,327,85,eddayaaaaaaaaaaa,bread,0.519149124622345,0.2101715775206685,0.3657792533437411,/content/outputs/inference/answersheet/model_finetune_640_results/res_3b8d2afd651366a91929a0766b577372_jpg_7.pkl
239,47,315,61,239,47,311,47,311,60,239,60,tteohee,the,0.637611985206604,0.25948733942849295,0.4704318046569824,/content/outputs/inference/answersheet/model_finetune_640_results/res_3b8d2afd651366a91929a0766b577372_jpg_8.pkl
199,373,221,383,199,373,220,373,220,382,199,382,gg00a4033dyyyyyyy,to,0.6219279766082764,0.24752499075496898,0.39704513425628346,/content/outputs/inference/answersheet/model_finetune_640_results/res_3b8d2afd651366a91929a0766b577372_jpg_9.pkl
157,27,199,38,157,27,198,27,198,37,157,37,ssffftttthhheeeeeeeeeeee,from,0.5264585018157959,0.22226644959300756,0.5843432068824768,/content/outputs/inference/answersheet/model_finetune_640_results/res_3b8d2afd651366a91929a0766b577372_jpg_10.pkl
87,41,112,53,87,43,110,40,111,49,87,52,ttt,the,0.63372802734375,0.13698382675647736,0.4429008811712265,/content/outputs/inference/answersheet/model_finetune_640_results/res_3b8d2afd651366a91929a0766b577372_jpg_11.pkl
150,356,210,370,153,356,209,356,209,369,153,369,gggaeee,che,0.6226251721382141,0.2035619733589036,0.3916901908814907,/content/outputs/inference/answersheet/model_finetune_640_results/res_3b8d2afd651366a91929a0766b577372_jpg_12.pkl
76,25,152,40,78,25,149,25,149,39,78,39,aeeeitstteee,bits,0.5696901082992554,0.2249192607899507,0.387405127286911,/content/outputs/inference/answersheet/model_finetune_640_results/res_3b8d2afd651366a91929a0766b577372_jpg_13.pkl
66,315,98,331,66,315,97,315,97,330,66,330,rdr333o89o9yyt,they,0.528515100479126,0.18016025530440466,0.5241833016276359,/content/outputs/inference/answersheet/model_finetune_640_results/res_3b8d2afd651366a91929a0766b577372_jpg_14.pkl
177,169,199,179,177,169,198,169,198,178,177,178,44444adddd,42,0.7411043643951416,0.2455930680036545,0.30505454540252686,/content/outputs/inference/answersheet/model_finetune_640_results/res_3b8d2afd651366a91929a0766b577372_jpg_15.pkl
237,372,258,381,237,372,257,372,257,380,237,380,tttd4444aaaaaaaaaaaaaaaddddddddds,the,0.5572212934494019,0.12740360426180292,0.6218162178993225,/content/outputs/inference/answersheet/model_finetune_640_results/res_3b8d2afd651366a91929a0766b577372_jpg_16.pkl
78,4,151,18,78,4,150,4,150,17,78,17,tftaeeeeeeeeldeeeee,collection,0.614261269569397,0.1541082549252008,0.5077943131327629,/content/outputs/inference/answersheet/model_finetune_640_results/res_3b8d2afd651366a91929a0766b577372_jpg_17.pkl
142,41,164,50,142,41,163,41,163,49,142,49,aaaaaaaalaalllleeee,sale,0.5944094657897949,0.33013196995383814,0.6264886945486069,/content/outputs/inference/answersheet/model_finetune_640_results/res_3b8d2afd651366a91929a0766b577372_jpg_18.pkl
326,212,347,223,326,212,346,212,346,222,326,222,4k1k1k111333333do,10,0.7748780846595764,0.13268925205749624,0.34817588826020557,/content/outputs/inference/answersheet/model_finetune_640_results/res_3b8d2afd651366a91929a0766b577372_jpg_19.pkl
229,169,253,179,231,169,252,169,252,178,231,178,gg9232323888s33s339s933,for,0.6224547624588013,0.14854950036691583,0.6107703000307083,/content/outputs/inference/answersheet/model_finetune_640_results/res_3b8d2afd651366a91929a0766b577372_jpg_20.pkl
120,5,151,16,120,5,150,5,150,15,120,15,eeeeeeeeeeeee,from,0.6395264267921448,0.1865998884806266,0.58142194673419,/content/outputs/inference/answersheet/model_finetune_640_results/res_3b8d2afd651366a91929a0766b577372_jpg_21.pkl
246,69,392,89,246,71,391,71,391,88,246,88,aaaeaaaaaaoaa,compers,0.5254513621330261,0.16397625723710427,0.3523169755935669,/content/outputs/inference/answersheet/model_finetune_640_results/res_3b8d2afd651366a91929a0766b577372_jpg_22.pkl
268,128,288,138,268,128,287,128,287,137,268,137,g3daa,for,0.7027479410171509,0.07800884246826172,0.6477415002882481,/content/outputs/inference/answersheet/model_finetune_640_results/res_3b8d2afd651366a91929a0766b577372_jpg_23.pkl
123,28,147,38,123,28,146,28,146,37,123,37,4ttttttteea44eeeeeee,the,0.7164074778556824,0.273648077994585,0.5739729776978493,/content/outputs/inference/answersheet/model_finetune_640_results/res_3b8d2afd651366a91929a0766b577372_jpg_24.pkl
164,5,193,15,164,5,192,5,192,14,164,14,tttttteaaaaaettpppppppeeeeeeeeeeee,the,0.6479761600494385,0.24424182864672997,0.48229946196079254,/content/outputs/inference/answersheet/model_finetune_640_results/res_3b8d2afd651366a91929a0766b577372_jpg_25.pkl
115,48,134,61,115,48,133,48,133,60,115,60,tttooooeoeeeeeeeeeeet,the,0.6054107546806335,0.1413643697188014,0.6450128704309464,/content/outputs/inference/answersheet/model_finetune_640_results/res_3b8d2afd651366a91929a0766b577372_jpg_26.pkl
153,105,177,118,153,105,176,105,176,117,153,117,kk499999,for,0.6083053350448608,0.15216482058167458,0.5537046622484922,/content/outputs/inference/answersheet/model_finetune_640_results/res_3b8d2afd651366a91929a0766b577372_jpg_27.pkl
262,298,281,308,262,298,280,298,280,307,262,307,ffffeeeeseeesssyyyyyyyyy,for,0.7818099856376648,0.17894789949059486,0.5648285374045372,/content/outputs/inference/answersheet/model_finetune_640_results/res_3b8d2afd651366a91929a0766b577372_jpg_28.pkl
359,295,375,305,359,295,374,295,374,304,359,304,tttt222e223ddss,the,0.5983412265777588,0.23188932090997696,0.6759179383516312,/content/outputs/inference/answersheet/model_finetune_640_results/res_3b8d2afd651366a91929a0766b577372_jpg_29.pkl
232,105,263,121,235,107,262,107,262,120,235,120,001do,010,0.6181240677833557,0.21751970648765565,0.5621030479669571,/content/outputs/inference/answersheet/model_finetune_640_results/res_3b8d2afd651366a91929a0766b577372_jpg_30.pkl
154,359,178,368,154,359,177,359,177,367,154,367,gggggggggcgcgggggggggggoogahhn,can,0.6815044283866882,0.2219832457602024,0.4073973000049591,/content/outputs/inference/answersheet/model_finetune_640_results/res_3b8d2afd651366a91929a0766b577372_jpg_31.pkl
84,27,115,40,84,27,114,27,114,39,84,39,eeoooaaaaottttt,exit,0.6758376955986023,0.24780167291561764,0.625074976682663,/content/outputs/inference/answersheet/model_finetune_640_results/res_3b8d2afd651366a91929a0766b577372_jpg_32.pkl
179,48,221,61,179,48,220,48,220,60,179,60,saddfettteen,beater,0.7397229075431824,0.18421850353479385,0.4148653085742678,/content/outputs/inference/answersheet/model_finetune_640_results/res_3b8d2afd651366a91929a0766b577372_jpg_33.pkl
180,51,202,61,180,51,201,51,201,60,180,60,sssseeaadda4llt,sender,0.5147067308425903,0.1407779504855474,0.5868543407746724,/content/outputs/inference/answersheet/model_finetune_640_results/res_3b8d2afd651366a91929a0766b577372_jpg_34.pkl
165,10,193,20,165,10,192,10,192,19,165,19,tdddeaeatppppppppppppppppppppee,spe,0.564299464225769,0.20964949638132127,0.22037554532289505,/content/outputs/inference/answersheet/model_finetune_640_results/res_3b8d2afd651366a91929a0766b577372_jpg_35.pkl
136,39,179,52,136,39,178,39,178,51,136,51,aaalteeeeeee,sale,0.5494730472564697,0.2987082762022813,0.5245568871498107,/content/outputs/inference/answersheet/model_finetune_640_results/res_3b8d2afd651366a91929a0766b577372_jpg_36.pkl
285,281,307,292,285,281,306,281,306,291,285,291,ffffffoo,for,0.643261730670929,0.57630146574229,0.751192033290863,/content/outputs/inference/answersheet/model_finetune_640_results/res_3b8d2afd651366a91929a0766b577372_jpg_37.pkl
171,377,193,387,171,377,192,377,192,386,171,386,ddddddyyyyy,and,0.6496326923370361,0.2289747649973089,0.6817552894353867,/content/outputs/inference/answersheet/model_finetune_640_results/res_3b8d2afd651366a91929a0766b577372_jpg_38.pkl
251,71,322,87,251,71,321,71,321,86,251,86,yaaaeeeee,sale,0.5064922571182251,0.18701201263401243,0.37054353952407837,/content/outputs/inference/answersheet/model_finetune_640_results/res_3b8d2afd651366a91929a0766b577372_jpg_39.pkl
