278,298,350,312,278,298,349,298,349,311,278,311,ttaeedttaeee,from,0.8230900764465332,0.1985863714168469,0.5121684238314629,/content/outputs/inference/answersheet/model_finetune_640_results/res_527eb4874daed04308688f06e3492696_jpg_0.pkl
185,396,302,410,185,396,300,396,300,408,185,408,eyilseeeiieedye,repersity,0.7388269305229187,0.11442361623048783,0.519884567707777,/content/outputs/inference/answersheet/model_finetune_640_results/res_527eb4874daed04308688f06e3492696_jpg_1.pkl
304,275,378,288,304,275,377,275,377,287,304,287,scaeeart,coffee,0.532095193862915,0.210389981046319,0.5102212790931974,/content/outputs/inference/answersheet/model_finetune_640_results/res_527eb4874daed04308688f06e3492696_jpg_2.pkl
189,385,300,398,189,385,298,385,298,396,189,396,deassssessesaeas,compers,0.7703880667686462,0.19129136158153415,0.3733395878225565,/content/outputs/inference/answersheet/model_finetune_640_results/res_527eb4874daed04308688f06e3492696_jpg_3.pkl
256,275,300,288,256,275,299,275,299,287,256,287,aae,from,0.6045639514923096,0.08691321810086568,0.6336479887366295,/content/outputs/inference/answersheet/model_finetune_640_results/res_527eb4874daed04308688f06e3492696_jpg_4.pkl
50,243,89,254,50,243,88,243,88,253,50,253,fftemdtttt,from,0.7626786828041077,0.3135797165334225,0.5593427449464798,/content/outputs/inference/answersheet/model_finetune_640_results/res_527eb4874daed04308688f06e3492696_jpg_5.pkl
232,243,283,255,232,243,282,243,282,254,232,254,ad,sale,0.553903341293335,0.21585414558649063,0.46192288100719453,/content/outputs/inference/answersheet/model_finetune_640_results/res_527eb4874daed04308688f06e3492696_jpg_6.pkl
47,286,129,300,50,286,128,288,127,301,49,297,asstteadeeeee,scoffee,0.5575268864631653,0.15379550078740487,0.4068557657301426,/content/outputs/inference/answersheet/model_finetune_640_results/res_527eb4874daed04308688f06e3492696_jpg_7.pkl
9,241,51,256,9,241,48,241,48,255,9,255,ttsoiiy,for,0.5077313780784607,0.26361258008650373,0.6894457414746284,/content/outputs/inference/answersheet/model_finetune_640_results/res_527eb4874daed04308688f06e3492696_jpg_8.pkl
322,243,370,256,322,243,369,243,369,255,322,255,ttttttttttitttoe,the,0.6224907040596008,0.2776210671290755,0.38196852058172226,/content/outputs/inference/answersheet/model_finetune_640_results/res_527eb4874daed04308688f06e3492696_jpg_9.pkl
135,212,153,221,135,212,152,212,152,220,135,220,deeeey,the,0.5982540845870972,0.1768865610162417,0.5781389847397804,/content/outputs/inference/answersheet/model_finetune_640_results/res_527eb4874daed04308688f06e3492696_jpg_10.pkl
22,298,45,310,22,298,44,298,44,309,22,309,tsas,as,0.7333954572677612,0.21419494599103928,0.5140248636404673,/content/outputs/inference/answersheet/model_finetune_640_results/res_527eb4874daed04308688f06e3492696_jpg_11.pkl
249,319,296,331,249,319,295,319,295,330,249,330,feeoaaaeeaeaeeeaaee,come,0.5096641778945923,0.17428531654571233,0.4371394217014313,/content/outputs/inference/answersheet/model_finetune_640_results/res_527eb4874daed04308688f06e3492696_jpg_12.pkl
99,242,159,254,99,242,158,242,158,253,99,253,datttttteee,for,0.5084913372993469,0.22016590495001187,0.4361834451556206,/content/outputs/inference/answersheet/model_finetune_640_results/res_527eb4874daed04308688f06e3492696_jpg_13.pkl
78,53,143,66,80,53,142,53,142,65,80,65,aaaaattaeeee,breater,0.5138089656829834,0.3145551110307376,0.42685521952807903,/content/outputs/inference/answersheet/model_finetune_640_results/res_527eb4874daed04308688f06e3492696_jpg_14.pkl
