180,23,242,35,180,23,238,23,238,34,180,34,dtbbaaet,from,0.6709944605827332,0.13786941207945347,0.4663539692759514,/content/outputs/inference/answersheet/model_finetune_640_results/res_27ebe2fa27ec38131316b5324b9f4050_jpg_0.pkl
113,107,184,121,113,107,183,107,183,120,113,120,egsossrrekkcooaayayyl,coffect,0.5958811044692993,0.2197431737468356,0.5456194002181292,/content/outputs/inference/answersheet/model_finetune_640_results/res_27ebe2fa27ec38131316b5324b9f4050_jpg_1.pkl
311,251,381,264,315,251,379,251,379,262,315,262,ateaaoae,from,0.7148978114128113,0.19722857978194952,0.5467231124639511,/content/outputs/inference/answersheet/model_finetune_640_results/res_27ebe2fa27ec38131316b5324b9f4050_jpg_2.pkl
130,185,191,199,130,185,189,185,189,197,130,197,dseaaeeeeekaeeddddd,schook,0.7155930995941162,0.2415733211918881,0.4211177017007555,/content/outputs/inference/answersheet/model_finetune_640_results/res_27ebe2fa27ec38131316b5324b9f4050_jpg_3.pkl
265,253,309,264,265,253,307,253,307,262,265,262,aaaaaaaaaeee,the,0.6529185771942139,0.30317807011306286,0.3912094421684742,/content/outputs/inference/answersheet/model_finetune_640_results/res_27ebe2fa27ec38131316b5324b9f4050_jpg_4.pkl
282,220,314,231,282,220,313,220,313,230,282,230,eeeee,from,0.7984635233879089,0.20537027418613435,0.5199202388525009,/content/outputs/inference/answersheet/model_finetune_640_results/res_27ebe2fa27ec38131316b5324b9f4050_jpg_5.pkl
284,35,305,43,284,35,304,35,304,42,284,42,444ggaaaaoooaaoodou,40,0.813710629940033,0.12864760191817032,0.5543747544288635,/content/outputs/inference/answersheet/model_finetune_640_results/res_27ebe2fa27ec38131316b5324b9f4050_jpg_6.pkl
102,83,118,92,102,83,117,83,117,91,102,91,gggkooooa4oo,can,0.615391731262207,0.13652105070650578,0.5260133408010006,/content/outputs/inference/answersheet/model_finetune_640_results/res_27ebe2fa27ec38131316b5324b9f4050_jpg_7.pkl
101,24,161,36,101,24,160,24,160,35,101,35,tooetoggdlllaelae,the,0.5119989514350891,0.20293717568411546,0.33159221708774567,/content/outputs/inference/answersheet/model_finetune_640_results/res_27ebe2fa27ec38131316b5324b9f4050_jpg_8.pkl
184,110,199,119,184,110,198,110,198,118,184,118,eeebbbppppdpdonnnnnn,apr,0.540950357913971,0.19148761220276356,0.6575459949672222,/content/outputs/inference/answersheet/model_finetune_640_results/res_27ebe2fa27ec38131316b5324b9f4050_jpg_9.pkl
127,25,158,35,127,25,157,25,157,34,127,34,tooolleeeeee,tob,0.7336832284927368,0.24984266484777132,0.4640481248497963,/content/outputs/inference/answersheet/model_finetune_640_results/res_27ebe2fa27ec38131316b5324b9f4050_jpg_10.pkl
98,3,139,15,100,3,138,3,138,14,100,14,ttappeytee,the,0.5066636204719543,0.19047749489545823,0.44488829001784325,/content/outputs/inference/answersheet/model_finetune_640_results/res_27ebe2fa27ec38131316b5324b9f4050_jpg_11.pkl
307,218,385,230,312,218,384,218,384,229,312,229,teaaaaa,from,0.6512846946716309,0.29301254025527407,0.527733501791954,/content/outputs/inference/answersheet/model_finetune_640_results/res_27ebe2fa27ec38131316b5324b9f4050_jpg_12.pkl
219,221,269,231,219,221,267,221,267,229,219,229,lenytfteeeaaa,reference,0.6136206388473511,0.2915699573663565,0.5551778800785542,/content/outputs/inference/answersheet/model_finetune_640_results/res_27ebe2fa27ec38131316b5324b9f4050_jpg_13.pkl
123,235,176,245,123,235,175,235,175,244,123,244,aassaeptee,shop,0.6264904141426086,0.13461299166083335,0.3891351416707039,/content/outputs/inference/answersheet/model_finetune_640_results/res_27ebe2fa27ec38131316b5324b9f4050_jpg_14.pkl
157,223,188,232,157,223,187,223,187,231,157,231,tddddddaaaaaate,the,0.5687413811683655,0.1467552199959755,0.5054514035582542,/content/outputs/inference/answersheet/model_finetune_640_results/res_27ebe2fa27ec38131316b5324b9f4050_jpg_15.pkl
