329,306,380,318,329,306,379,306,379,317,329,317,ttttmme,from,0.6049675345420837,0.25600804814270567,0.638271513581276,/content/outputs/inference/answersheet/model_finetune_640_results/res_aa27f682bcfd63f15360c8f1f9753c4c_jpg_0.pkl
218,305,270,316,218,305,268,305,268,314,218,314,deeeee,beader,0.6230793595314026,0.20266940196355185,0.48937408306768965,/content/outputs/inference/answersheet/model_finetune_640_results/res_aa27f682bcfd63f15360c8f1f9753c4c_jpg_1.pkl
54,191,119,206,54,191,118,193,117,206,54,203,ofsetdyykekee,forder,0.8010806441307068,0.18470360338687897,0.4231641846043723,/content/outputs/inference/answersheet/model_finetune_640_results/res_aa27f682bcfd63f15360c8f1f9753c4c_jpg_2.pkl
112,19,158,32,112,19,157,19,157,31,112,31,scckyo,get,0.725520670413971,0.2665806785225868,0.39732101187109947,/content/outputs/inference/answersheet/model_finetune_640_results/res_aa27f682bcfd63f15360c8f1f9753c4c_jpg_3.pkl
91,5,112,16,91,5,111,5,111,15,91,15,fttttyyyyyyyyyyyl,for,0.795235276222229,0.337815325049793,0.6347538605332375,/content/outputs/inference/answersheet/model_finetune_640_results/res_aa27f682bcfd63f15360c8f1f9753c4c_jpg_4.pkl
59,20,100,36,59,19,97,22,96,36,58,33,ofeesssysy,for,0.521198570728302,0.2619471579790115,0.6179277077317238,/content/outputs/inference/answersheet/model_finetune_640_results/res_aa27f682bcfd63f15360c8f1f9753c4c_jpg_5.pkl
89,2,137,16,89,2,136,2,136,15,89,15,ttteeeyaeee,for,0.7607282996177673,0.34332899952476675,0.5219744071364403,/content/outputs/inference/answersheet/model_finetune_640_results/res_aa27f682bcfd63f15360c8f1f9753c4c_jpg_6.pkl
120,200,202,213,120,200,201,200,201,212,120,212,eeeeseehne,school,0.5338584780693054,0.18498939499258996,0.376967049070767,/content/outputs/inference/answersheet/model_finetune_640_results/res_aa27f682bcfd63f15360c8f1f9753c4c_jpg_7.pkl
42,83,59,96,42,83,58,83,58,95,42,95,i,is,0.6820244193077087,0.13802507519721985,0.5696393499771754,/content/outputs/inference/answersheet/model_finetune_640_results/res_aa27f682bcfd63f15360c8f1f9753c4c_jpg_8.pkl
60,113,116,128,60,113,115,113,115,127,60,127,sssafriiisssy,school,0.5632347464561462,0.14583881199359894,0.4171438610979489,/content/outputs/inference/answersheet/model_finetune_640_results/res_aa27f682bcfd63f15360c8f1f9753c4c_jpg_9.pkl
170,136,195,147,170,136,194,136,194,146,170,146,adaaa,don,0.7114529013633728,0.14002377390861512,0.3391522169113159,/content/outputs/inference/answersheet/model_finetune_640_results/res_aa27f682bcfd63f15360c8f1f9753c4c_jpg_10.pkl
43,1,81,17,43,1,80,1,80,16,43,16,bbbbbeeee,been,0.6911273002624512,0.33389436039659715,0.5805302262306213,/content/outputs/inference/answersheet/model_finetune_640_results/res_aa27f682bcfd63f15360c8f1f9753c4c_jpg_11.pkl
125,128,148,138,125,128,147,128,147,137,125,137,tsasssssssdd,sale,0.5821807980537415,0.14977750554680824,0.3989872485399246,/content/outputs/inference/answersheet/model_finetune_640_results/res_aa27f682bcfd63f15360c8f1f9753c4c_jpg_12.pkl
54,185,200,208,54,187,199,187,199,207,54,207,oeedddtteeie,coffeen,0.6587792634963989,0.13723840502401194,0.44421019963920116,/content/outputs/inference/answersheet/model_finetune_640_results/res_aa27f682bcfd63f15360c8f1f9753c4c_jpg_13.pkl
74,25,97,34,74,25,96,25,96,33,74,33,ffs,for,0.5377054810523987,0.15569915374120077,0.6201902404427528,/content/outputs/inference/answersheet/model_finetune_640_results/res_aa27f682bcfd63f15360c8f1f9753c4c_jpg_14.pkl
105,163,126,171,105,163,125,163,125,170,105,170,feeaadaddddd,for,0.5459086298942566,0.13472294062376022,0.5338947921991348,/content/outputs/inference/answersheet/model_finetune_640_results/res_aa27f682bcfd63f15360c8f1f9753c4c_jpg_15.pkl
102,83,123,92,102,83,122,83,122,91,102,91,fffseeeeeeoyyy,for,0.7895441651344299,0.20479165496570723,0.6491097770631313,/content/outputs/inference/answersheet/model_finetune_640_results/res_aa27f682bcfd63f15360c8f1f9753c4c_jpg_16.pkl
52,41,135,57,52,41,134,41,134,56,52,56,eteeettkkeeeesyyppppp,from,0.6086386442184448,0.21464046977815174,0.4821749866008759,/content/outputs/inference/answersheet/model_finetune_640_results/res_aa27f682bcfd63f15360c8f1f9753c4c_jpg_17.pkl
74,98,112,112,76,98,111,98,111,111,76,111,steeeeeee,the,0.5198061466217041,0.15733491215440962,0.5246062949299812,/content/outputs/inference/answersheet/model_finetune_640_results/res_aa27f682bcfd63f15360c8f1f9753c4c_jpg_18.pkl
125,123,168,137,125,123,167,123,167,136,125,136,gseyype,coffee,0.6774962544441223,0.15137305642877305,0.5667138780866351,/content/outputs/inference/answersheet/model_finetune_640_results/res_aa27f682bcfd63f15360c8f1f9753c4c_jpg_19.pkl
144,114,170,124,144,114,169,114,169,123,144,123,eeeeeeeeeeeeetee,kind,0.5962063074111938,0.13020457094535232,0.34073778986930847,/content/outputs/inference/answersheet/model_finetune_640_results/res_aa27f682bcfd63f15360c8f1f9753c4c_jpg_20.pkl
112,0,139,13,112,0,138,0,138,12,112,12,ssseeeeeee,for,0.5880210995674133,0.3324906714260578,0.5785684548318386,/content/outputs/inference/answersheet/model_finetune_640_results/res_aa27f682bcfd63f15360c8f1f9753c4c_jpg_21.pkl
145,99,166,108,145,99,165,99,165,107,145,107,sedhte,and,0.5895419120788574,0.10227673376599948,0.5759192928671837,/content/outputs/inference/answersheet/model_finetune_640_results/res_aa27f682bcfd63f15360c8f1f9753c4c_jpg_22.pkl
123,58,144,66,123,58,141,58,141,65,123,65,auuuuuyyyy,and,0.663815438747406,0.2815141387283802,0.5598696209490299,/content/outputs/inference/answersheet/model_finetune_640_results/res_aa27f682bcfd63f15360c8f1f9753c4c_jpg_23.pkl
138,203,161,213,138,203,160,203,160,212,138,212,eeseeoooeooooeoooee,coffee,0.5951372981071472,0.16039509522287468,0.5173854104110173,/content/outputs/inference/answersheet/model_finetune_640_results/res_aa27f682bcfd63f15360c8f1f9753c4c_jpg_24.pkl
