164,8,231,23,164,8,230,8,230,22,164,22,taahhee,sale,0.8600224852561951,0.18116050639322825,0.4766226947307587,/content/outputs/inference/answersheet/model_finetune_640_results/res_7fdb1573776ed2cb5deafdd39b64a5bf_jpg_0.pkl
194,32,245,44,194,32,244,32,244,43,194,43,taaaahaaa,town,0.7643783688545227,0.27182163132561576,0.47111411541700365,/content/outputs/inference/answersheet/model_finetune_640_results/res_7fdb1573776ed2cb5deafdd39b64a5bf_jpg_1.pkl
86,252,133,265,86,252,132,252,132,264,86,264,ese0,off,0.8145236372947693,0.2759532183408737,0.5896864980459213,/content/outputs/inference/answersheet/model_finetune_640_results/res_7fdb1573776ed2cb5deafdd39b64a5bf_jpg_2.pkl
51,11,102,22,51,11,100,11,100,20,51,20,eeeattettteerrr,date,0.6297343373298645,0.22096711198488872,0.5866431474685669,/content/outputs/inference/answersheet/model_finetune_640_results/res_7fdb1573776ed2cb5deafdd39b64a5bf_jpg_3.pkl
261,32,333,47,261,32,332,32,332,46,261,46,aaaaaaaaaeeeaaeeae,the,0.7456694841384888,0.19545068550441,0.4558613561093807,/content/outputs/inference/answersheet/model_finetune_640_results/res_7fdb1573776ed2cb5deafdd39b64a5bf_jpg_4.pkl
0,10,37,21,0,10,36,10,36,20,0,20,ikggoeeee,for,0.7556144595146179,0.26383078429434037,0.4730587834492326,/content/outputs/inference/answersheet/model_finetune_640_results/res_7fdb1573776ed2cb5deafdd39b64a5bf_jpg_5.pkl
44,40,133,56,44,40,132,40,132,55,44,55,snteaeaaaoaaseee,sender,0.8872518539428711,0.21373690059408545,0.5737837340150561,/content/outputs/inference/answersheet/model_finetune_640_results/res_7fdb1573776ed2cb5deafdd39b64a5bf_jpg_6.pkl
52,33,134,43,52,33,133,33,133,42,52,42,ttttttttebbhaaaee,the,0.749705970287323,0.27390220892779965,0.39909501373767853,/content/outputs/inference/answersheet/model_finetune_640_results/res_7fdb1573776ed2cb5deafdd39b64a5bf_jpg_7.pkl
337,32,400,47,337,32,399,32,399,46,337,46,otataaness,chans,0.748440146446228,0.3098363369703293,0.46312689781188965,/content/outputs/inference/answersheet/model_finetune_640_results/res_7fdb1573776ed2cb5deafdd39b64a5bf_jpg_8.pkl
160,137,179,151,160,137,178,137,178,150,160,150,42333439oooy9y9y99,to,0.807668924331665,0.18289419594738218,0.630701869726181,/content/outputs/inference/answersheet/model_finetune_640_results/res_7fdb1573776ed2cb5deafdd39b64a5bf_jpg_9.pkl
120,254,133,263,120,254,132,254,132,262,120,262,totoo099999000000,0,0.6737729907035828,0.21679231612121358,0.610764667391777,/content/outputs/inference/answersheet/model_finetune_640_results/res_7fdb1573776ed2cb5deafdd39b64a5bf_jpg_10.pkl
312,64,340,79,313,63,340,67,338,79,312,74,eeeud,from,0.6983793377876282,0.14337747395038605,0.6230450540781021,/content/outputs/inference/answersheet/model_finetune_640_results/res_7fdb1573776ed2cb5deafdd39b64a5bf_jpg_11.pkl
112,310,129,319,112,310,128,310,128,318,112,318,ff11100000009909909,10,0.6609514355659485,0.2363650681156861,0.5607809027036031,/content/outputs/inference/answersheet/model_finetune_640_results/res_7fdb1573776ed2cb5deafdd39b64a5bf_jpg_12.pkl
128,331,143,339,128,331,142,331,142,338,128,338,40990069900909999909990,to,0.729800820350647,0.17833652574083078,0.7196374038855234,/content/outputs/inference/answersheet/model_finetune_640_results/res_7fdb1573776ed2cb5deafdd39b64a5bf_jpg_13.pkl
151,390,172,399,151,390,171,390,171,398,151,398,d1dddddddddddddddddddddddddddddddd,do,0.7679229974746704,0.2627902780385578,0.5148415962855021,/content/outputs/inference/answersheet/model_finetune_640_results/res_7fdb1573776ed2cb5deafdd39b64a5bf_jpg_14.pkl
100,12,142,22,100,12,140,12,140,20,100,20,ateaeaeee,the,0.6971697211265564,0.16621395614412096,0.6377060152590275,/content/outputs/inference/answersheet/model_finetune_640_results/res_7fdb1573776ed2cb5deafdd39b64a5bf_jpg_15.pkl
142,121,165,132,144,121,164,121,164,131,144,131,gg44411eeooooooopoo,for,0.7773244976997375,0.17224744315210141,0.5247206036001444,/content/outputs/inference/answersheet/model_finetune_640_results/res_7fdb1573776ed2cb5deafdd39b64a5bf_jpg_16.pkl
125,361,143,371,125,361,142,361,142,370,125,370,4444aa11adddd0ddd,4,0.5333855152130127,0.31376419610836925,0.4328295886516571,/content/outputs/inference/answersheet/model_finetune_640_results/res_7fdb1573776ed2cb5deafdd39b64a5bf_jpg_17.pkl
74,396,96,408,76,396,95,396,95,407,76,407,ttegoooooo,to,0.5321341753005981,0.2722147397696972,0.6868785619735718,/content/outputs/inference/answersheet/model_finetune_640_results/res_7fdb1573776ed2cb5deafdd39b64a5bf_jpg_18.pkl
313,183,334,191,313,183,333,183,333,190,313,190,tktrkrrraaa333333333eeeeeeeeeeeeeeeeeedeeeeeeddd,the,0.5705292820930481,0.11232213722541928,0.5412019900977612,/content/outputs/inference/answersheet/model_finetune_640_results/res_7fdb1573776ed2cb5deafdd39b64a5bf_jpg_19.pkl
88,328,106,337,88,328,105,328,105,336,88,336,4444aea,the,0.665661633014679,0.19123340717383794,0.5892685614526272,/content/outputs/inference/answersheet/model_finetune_640_results/res_7fdb1573776ed2cb5deafdd39b64a5bf_jpg_20.pkl
47,11,146,21,49,11,145,11,145,20,49,20,eeeeeeaeetsaaeeoaee,for,0.7466382384300232,0.18690434764874608,0.3556052464991808,/content/outputs/inference/answersheet/model_finetune_640_results/res_7fdb1573776ed2cb5deafdd39b64a5bf_jpg_21.pkl
84,287,133,300,84,287,132,287,132,299,84,299,tf9erreeeefeff4o9,for,0.7405559420585632,0.22121566051945968,0.5947124361991882,/content/outputs/inference/answersheet/model_finetune_640_results/res_7fdb1573776ed2cb5deafdd39b64a5bf_jpg_22.pkl
100,234,125,245,100,234,124,234,124,244,100,244,4444ga111iiayyyyy,all,0.8137949109077454,0.20308512624572306,0.44486505910754204,/content/outputs/inference/answersheet/model_finetune_640_results/res_7fdb1573776ed2cb5deafdd39b64a5bf_jpg_23.pkl
99,378,122,390,99,378,121,378,121,389,99,389,abpp2nsnnnnnnnn,apr,0.7466976046562195,0.14666004925966264,0.6072700321674347,/content/outputs/inference/answersheet/model_finetune_640_results/res_7fdb1573776ed2cb5deafdd39b64a5bf_jpg_24.pkl
54,200,75,209,54,200,74,200,74,208,54,208,fgaaiiddddd,42,0.7766962051391602,0.22964819723909552,0.518786092599233,/content/outputs/inference/answersheet/model_finetune_640_results/res_7fdb1573776ed2cb5deafdd39b64a5bf_jpg_25.pkl
297,167,315,174,297,167,314,167,314,173,297,173,kff66656aaaaaaaaaaaaaaaaaaaaa00090109f91911111111111n,off,0.6552183032035828,0.12937835308740725,0.6271852273494005,/content/outputs/inference/answersheet/model_finetune_640_results/res_7fdb1573776ed2cb5deafdd39b64a5bf_jpg_26.pkl
288,134,347,148,288,134,346,134,346,147,288,147,osssssedddd,coster,0.7877328395843506,0.3288519423116337,0.4654606963906969,/content/outputs/inference/answersheet/model_finetune_640_results/res_7fdb1573776ed2cb5deafdd39b64a5bf_jpg_27.pkl
150,33,180,43,150,33,179,33,179,42,150,42,eeefe,for,0.6541866660118103,0.2102411687374115,0.7078213021159172,/content/outputs/inference/answersheet/model_finetune_640_results/res_7fdb1573776ed2cb5deafdd39b64a5bf_jpg_28.pkl
68,342,93,353,68,342,92,342,92,352,68,352,eeesssssss,from,0.5905898213386536,0.2765569508075714,0.5779612541198731,/content/outputs/inference/answersheet/model_finetune_640_results/res_7fdb1573776ed2cb5deafdd39b64a5bf_jpg_29.pkl
327,138,348,146,327,138,347,138,347,145,327,145,eedeeedddssssssssooooooooooo,and,0.5925692319869995,0.19755374587007932,0.6067802272737026,/content/outputs/inference/answersheet/model_finetune_640_results/res_7fdb1573776ed2cb5deafdd39b64a5bf_jpg_30.pkl
0,9,162,23,0,9,158,9,158,22,0,22,gkseaeeseeee,coffeen,0.5532740950584412,0.2257024652014176,0.5162605121731758,/content/outputs/inference/answersheet/model_finetune_640_results/res_7fdb1573776ed2cb5deafdd39b64a5bf_jpg_31.pkl
