153,28,197,41,155,28,196,28,196,40,155,40,feetiialvveee,from,0.6882181167602539,0.20815834403038025,0.6377460300922394,/content/outputs/inference/answersheet/model_finetune_640_results/res_2f8cd6adfc24615c9df9b3abc22712b0_jpg_0.pkl
248,351,335,365,250,351,334,351,334,364,250,364,teeppetaee,from,0.7744941115379333,0.21450868099927903,0.6065488040447236,/content/outputs/inference/answersheet/model_finetune_640_results/res_2f8cd6adfc24615c9df9b3abc22712b0_jpg_1.pkl
291,353,334,365,291,353,333,353,333,364,291,364,tdddddeae,they,0.824499249458313,0.2618548538949754,0.5510336637496949,/content/outputs/inference/answersheet/model_finetune_640_results/res_2f8cd6adfc24615c9df9b3abc22712b0_jpg_2.pkl
183,177,227,188,183,177,226,177,226,187,183,187,anaeeee,the,0.6444358229637146,0.25439211087567465,0.4737394265830517,/content/outputs/inference/answersheet/model_finetune_640_results/res_2f8cd6adfc24615c9df9b3abc22712b0_jpg_3.pkl
162,42,216,55,162,42,213,42,213,54,162,54,eeeeaeeeyye,the,0.5698122978210449,0.1925207789648663,0.4222399368882179,/content/outputs/inference/answersheet/model_finetune_640_results/res_2f8cd6adfc24615c9df9b3abc22712b0_jpg_4.pkl
228,322,274,334,230,322,273,322,273,333,230,333,tteaaaaaaeeeeed,from,0.8250179886817932,0.2179699311653773,0.6466088831424713,/content/outputs/inference/answersheet/model_finetune_640_results/res_2f8cd6adfc24615c9df9b3abc22712b0_jpg_5.pkl
229,276,277,291,229,276,276,276,276,290,229,290,ssnaaaanpapaaaaaaaas,sale,0.56822270154953,0.17439492009580135,0.42121565341949463,/content/outputs/inference/answersheet/model_finetune_640_results/res_2f8cd6adfc24615c9df9b3abc22712b0_jpg_6.pkl
121,40,157,53,123,40,156,40,156,52,123,52,tdgseeaeew,team,0.7698506116867065,0.1763549454510212,0.5245253145694733,/content/outputs/inference/answersheet/model_finetune_640_results/res_2f8cd6adfc24615c9df9b3abc22712b0_jpg_7.pkl
231,331,273,343,231,331,272,333,271,343,231,341,stooaaaarasssyyy,the,0.7189110517501831,0.2819973649457097,0.4518480282276869,/content/outputs/inference/answersheet/model_finetune_640_results/res_2f8cd6adfc24615c9df9b3abc22712b0_jpg_8.pkl
119,11,151,23,119,11,150,11,150,22,119,22,deoeeeeeeeeeeee,sale,0.6600582599639893,0.24241105566422144,0.47295389473438265,/content/outputs/inference/answersheet/model_finetune_640_results/res_2f8cd6adfc24615c9df9b3abc22712b0_jpg_9.pkl
147,98,182,110,149,98,181,98,181,109,149,109,hhhhgpe,the,0.570054829120636,0.09051242470741272,0.4242172837257385,/content/outputs/inference/answersheet/model_finetune_640_results/res_2f8cd6adfc24615c9df9b3abc22712b0_jpg_10.pkl
117,364,154,376,117,364,153,364,153,375,117,375,sfaaooyeu,sale,0.5055962800979614,0.22369849267933103,0.5665925025939942,/content/outputs/inference/answersheet/model_finetune_640_results/res_2f8cd6adfc24615c9df9b3abc22712b0_jpg_11.pkl
157,355,192,367,157,355,191,355,191,366,157,366,eefetatde,from,0.5298628807067871,0.24822095367643568,0.5462741196155548,/content/outputs/inference/answersheet/model_finetune_640_results/res_2f8cd6adfc24615c9df9b3abc22712b0_jpg_12.pkl
293,354,314,363,293,354,313,354,313,362,293,362,dddddddddeeeeeaaaaaaatee,the,0.5525409579277039,0.26885816051314276,0.3862103596329689,/content/outputs/inference/answersheet/model_finetune_640_results/res_2f8cd6adfc24615c9df9b3abc22712b0_jpg_13.pkl
121,354,150,364,121,354,149,354,149,363,121,363,tssssadoyyyee,from,0.5192492604255676,0.14279877623686424,0.5703502103686333,/content/outputs/inference/answersheet/model_finetune_640_results/res_2f8cd6adfc24615c9df9b3abc22712b0_jpg_14.pkl
254,352,283,362,254,352,282,352,282,361,254,361,taaatnnpppppyyeee,the,0.8609941005706787,0.21851563628982096,0.6496414616703987,/content/outputs/inference/answersheet/model_finetune_640_results/res_2f8cd6adfc24615c9df9b3abc22712b0_jpg_15.pkl
129,297,154,307,129,297,153,297,153,306,129,306,dddaaassseeeee,and,0.5184047818183899,0.16494823193975858,0.526296716183424,/content/outputs/inference/answersheet/model_finetune_640_results/res_2f8cd6adfc24615c9df9b3abc22712b0_jpg_16.pkl
291,366,336,377,293,366,334,366,334,375,293,375,ssssssseeaaettttttdddr,sale,0.6180155873298645,0.23481528190049258,0.5087776184082031,/content/outputs/inference/answersheet/model_finetune_640_results/res_2f8cd6adfc24615c9df9b3abc22712b0_jpg_17.pkl
