201,45,254,57,201,45,253,45,253,56,201,56,annntnfee,sparting,0.8203305006027222,0.1431152116921213,0.4535607778363758,/content/outputs/inference/answersheet/model_finetune_640_results/res_bc5d8cdc8879f559b4e71e2c31757838_jpg_0.pkl
235,113,305,126,235,113,304,113,304,125,235,125,gggddmmmeaaeaeaaeeetdddd,come,0.7456477880477905,0.22908033803105354,0.4680270075798035,/content/outputs/inference/answersheet/model_finetune_640_results/res_bc5d8cdc8879f559b4e71e2c31757838_jpg_1.pkl
132,361,194,373,132,361,192,361,192,371,132,371,aaaaeenegeeeay,marking,0.6095845103263855,0.1578308301312583,0.4844281021505594,/content/outputs/inference/answersheet/model_finetune_640_results/res_bc5d8cdc8879f559b4e71e2c31757838_jpg_2.pkl
144,27,234,39,144,27,233,27,233,38,144,38,eeeeeeeee,the,0.5223388075828552,0.25988392366303337,0.4005956295877695,/content/outputs/inference/answersheet/model_finetune_640_results/res_bc5d8cdc8879f559b4e71e2c31757838_jpg_3.pkl
85,28,149,38,88,28,148,28,148,37,88,37,seeelee,subject,0.6564747095108032,0.21236280245440348,0.5292096938937902,/content/outputs/inference/answersheet/model_finetune_640_results/res_bc5d8cdc8879f559b4e71e2c31757838_jpg_4.pkl
287,289,306,298,287,289,305,289,305,297,287,297,444444444444a0999099,40,0.5497455596923828,0.2730531275272369,0.3100203921397527,/content/outputs/inference/answersheet/model_finetune_640_results/res_bc5d8cdc8879f559b4e71e2c31757838_jpg_5.pkl
205,252,228,262,205,252,227,252,227,261,205,261,1330390n1nn1it,430,0.5344164371490479,0.139438124107463,0.5634561851620674,/content/outputs/inference/answersheet/model_finetune_640_results/res_bc5d8cdc8879f559b4e71e2c31757838_jpg_6.pkl
149,28,192,38,149,28,191,28,191,37,149,37,hhoheae,the,0.5971369743347168,0.10097762942314148,0.4849378662183881,/content/outputs/inference/answersheet/model_finetune_640_results/res_bc5d8cdc8879f559b4e71e2c31757838_jpg_7.pkl
282,114,305,125,282,114,304,114,304,124,282,124,eeedddds,and,0.6858614087104797,0.1023019291460514,0.5939290374517441,/content/outputs/inference/answersheet/model_finetune_640_results/res_bc5d8cdc8879f559b4e71e2c31757838_jpg_8.pkl
216,136,240,148,216,136,239,136,239,147,216,147,ffffffffffffftofaaa,for,0.5327799916267395,0.4308168397922265,0.7215782329440117,/content/outputs/inference/answersheet/model_finetune_640_results/res_bc5d8cdc8879f559b4e71e2c31757838_jpg_9.pkl
229,48,253,55,229,48,252,48,252,54,229,54,aaae,the,0.6310505867004395,0.19860005006194115,0.4634909816086292,/content/outputs/inference/answersheet/model_finetune_640_results/res_bc5d8cdc8879f559b4e71e2c31757838_jpg_10.pkl
254,269,279,280,254,269,278,269,278,279,254,279,te222nt,the,0.5346866250038147,0.10441810211965016,0.4645290970802307,/content/outputs/inference/answersheet/model_finetune_640_results/res_bc5d8cdc8879f559b4e71e2c31757838_jpg_11.pkl
196,29,231,39,196,29,230,29,230,38,196,38,eepaaee,the,0.6492937207221985,0.2723038409437452,0.6012620814144611,/content/outputs/inference/answersheet/model_finetune_640_results/res_bc5d8cdc8879f559b4e71e2c31757838_jpg_12.pkl
82,25,237,39,86,27,236,27,236,38,86,38,eeeeeeeeeeeee,subjechers,0.5694707036018372,0.2567989253080808,0.4593168957666917,/content/outputs/inference/answersheet/model_finetune_640_results/res_bc5d8cdc8879f559b4e71e2c31757838_jpg_13.pkl
