179,11,212,22,179,11,211,11,211,21,179,21,oeo,did,0.8293342590332031,0.2022437478105227,0.4690184071660042,/content/outputs/inference/answersheet/model_finetune_640_results/res_a1542b15690d53d9e1f7b6bf498323d7_jpg_0.pkl
75,155,150,165,75,155,149,155,149,164,75,164,nesdeesee,subjation,0.8259457349777222,0.3166826516389847,0.5026441842317582,/content/outputs/inference/answersheet/model_finetune_640_results/res_a1542b15690d53d9e1f7b6bf498323d7_jpg_1.pkl
67,1,156,12,71,1,155,1,155,11,71,11,fcccpteeafeeeeee,coffee,0.5483408570289612,0.2116424129344523,0.558524951338768,/content/outputs/inference/answersheet/model_finetune_640_results/res_a1542b15690d53d9e1f7b6bf498323d7_jpg_2.pkl
168,186,193,198,168,186,192,186,192,197,168,197,t,the,0.679654598236084,0.14160318672657013,0.46656034141778946,/content/outputs/inference/answersheet/model_finetune_640_results/res_a1542b15690d53d9e1f7b6bf498323d7_jpg_3.pkl
181,111,207,122,181,111,206,111,206,121,181,121,ggeddee,can,0.5769242644309998,0.1816838468824114,0.36517029628157616,/content/outputs/inference/answersheet/model_finetune_640_results/res_a1542b15690d53d9e1f7b6bf498323d7_jpg_4.pkl
220,68,246,77,220,68,245,68,245,76,220,76,eeoaahheaaedededdddddde,gard,0.6166326999664307,0.10666724553574687,0.39298961907625196,/content/outputs/inference/answersheet/model_finetune_640_results/res_a1542b15690d53d9e1f7b6bf498323d7_jpg_5.pkl
154,245,217,258,154,245,216,245,216,257,154,257,aeeledneee,date,0.6803122758865356,0.15233830064535142,0.4558981865644455,/content/outputs/inference/answersheet/model_finetune_640_results/res_a1542b15690d53d9e1f7b6bf498323d7_jpg_6.pkl
213,32,243,41,213,32,242,32,242,40,213,40,ttttdedddddaaheeeeeee,date,0.6632087826728821,0.16763157823256084,0.5151949435472488,/content/outputs/inference/answersheet/model_finetune_640_results/res_a1542b15690d53d9e1f7b6bf498323d7_jpg_7.pkl
175,267,204,277,175,267,203,267,203,276,175,276,snssy,from,0.7115213871002197,0.17984058037400247,0.6325686067342758,/content/outputs/inference/answersheet/model_finetune_640_results/res_a1542b15690d53d9e1f7b6bf498323d7_jpg_8.pkl
199,90,226,102,199,90,225,90,225,101,199,101,444444444a9,1993,0.6279070973396301,0.1916969879107042,0.4495174869894981,/content/outputs/inference/answersheet/model_finetune_640_results/res_a1542b15690d53d9e1f7b6bf498323d7_jpg_9.pkl
201,126,231,137,201,126,230,126,230,136,201,136,alllleeedeeeeh,come,0.5127383470535278,0.09407502678888184,0.4456712335348129,/content/outputs/inference/answersheet/model_finetune_640_results/res_a1542b15690d53d9e1f7b6bf498323d7_jpg_10.pkl
243,46,268,55,243,46,267,46,267,54,243,54,heallld,come,0.7510374784469604,0.07619024919612068,0.42311009466648103,/content/outputs/inference/answersheet/model_finetune_640_results/res_a1542b15690d53d9e1f7b6bf498323d7_jpg_11.pkl
170,227,199,237,170,227,198,227,198,236,170,236,ffeeaaaaaaaaaeeey,from,0.7491040229797363,0.1849337794324931,0.5901132628321648,/content/outputs/inference/answersheet/model_finetune_640_results/res_a1542b15690d53d9e1f7b6bf498323d7_jpg_12.pkl
