50,3,76,14,50,3,75,3,75,13,50,13,ffffffoeatetthethehtte,come,0.7674519419670105,0.11915560777891766,0.40443235039711,/content/outputs/inference/answersheet/model_finetune_640_results/res_8a5e9a22a6cb226db81110f2ba653786_jpg_0.pkl
151,110,217,124,151,110,214,110,214,123,151,123,tattalleal,test,0.5009489059448242,0.2590987578034401,0.4046715795993805,/content/outputs/inference/answersheet/model_finetune_640_results/res_8a5e9a22a6cb226db81110f2ba653786_jpg_1.pkl
46,2,106,15,48,2,101,2,101,13,48,13,eeattteogyg,from,0.6104556322097778,0.12514465099031274,0.5700814619660377,/content/outputs/inference/answersheet/model_finetune_640_results/res_8a5e9a22a6cb226db81110f2ba653786_jpg_2.pkl
227,323,262,334,227,323,261,323,261,333,227,333,teeeeeiittttt,teat,0.5385298132896423,0.3769373916662656,0.7780479311943054,/content/outputs/inference/answersheet/model_finetune_640_results/res_8a5e9a22a6cb226db81110f2ba653786_jpg_3.pkl
224,345,244,354,224,345,243,345,243,353,224,353,tttttaiiiitttthtnt,that,0.7325294613838196,0.26987918756074375,0.6335403144359588,/content/outputs/inference/answersheet/model_finetune_640_results/res_8a5e9a22a6cb226db81110f2ba653786_jpg_4.pkl
139,344,210,358,142,344,206,344,206,356,142,356,teeatediiie,reation,0.5144850015640259,0.21782326291907916,0.5192658249288797,/content/outputs/inference/answersheet/model_finetune_640_results/res_8a5e9a22a6cb226db81110f2ba653786_jpg_5.pkl
109,135,134,145,109,135,133,135,133,144,109,144,tteefeeeeeeeeeeeaeeeaaaallllll,from,0.6150485873222351,0.3061665502687295,0.5749356389045716,/content/outputs/inference/answersheet/model_finetune_640_results/res_8a5e9a22a6cb226db81110f2ba653786_jpg_6.pkl
32,80,54,94,32,80,53,80,53,93,32,93,nna,and,0.5388472080230713,0.27636192242304486,0.7176501527428627,/content/outputs/inference/answersheet/model_finetune_640_results/res_8a5e9a22a6cb226db81110f2ba653786_jpg_7.pkl
78,2,103,12,78,2,102,2,102,11,78,11,eecccoooageeeeyy,from,0.7011411786079407,0.13861263962462544,0.5675781734287739,/content/outputs/inference/answersheet/model_finetune_640_results/res_8a5e9a22a6cb226db81110f2ba653786_jpg_8.pkl
153,111,181,122,153,111,180,111,180,121,153,121,taatti,the,0.5913628339767456,0.31455959876378375,0.4460478946566582,/content/outputs/inference/answersheet/model_finetune_640_results/res_8a5e9a22a6cb226db81110f2ba653786_jpg_9.pkl
226,255,255,268,226,255,254,255,254,267,226,267,taanfffffffffttte,tate,0.5874308943748474,0.37490064782254834,0.6446137726306915,/content/outputs/inference/answersheet/model_finetune_640_results/res_8a5e9a22a6cb226db81110f2ba653786_jpg_10.pkl
185,112,210,122,185,112,209,112,209,121,185,121,eeeettllll,beat,0.6722506880760193,0.2993898712098598,0.37373711466789244,/content/outputs/inference/answersheet/model_finetune_640_results/res_8a5e9a22a6cb226db81110f2ba653786_jpg_11.pkl
340,2,386,15,340,2,385,2,385,14,340,14,cssyyaee,coffee,0.6444637179374695,0.12416157312691212,0.45365109613963533,/content/outputs/inference/answersheet/model_finetune_640_results/res_8a5e9a22a6cb226db81110f2ba653786_jpg_12.pkl
103,13,123,22,103,13,122,13,122,21,103,21,4444ddas,from,0.5199019312858582,0.12048517260700464,0.6058366075158119,/content/outputs/inference/answersheet/model_finetune_640_results/res_8a5e9a22a6cb226db81110f2ba653786_jpg_13.pkl
199,3,228,13,199,3,227,3,227,12,199,12,eeoooyyyee,from,0.652327299118042,0.1454457312822342,0.6238410323858261,/content/outputs/inference/answersheet/model_finetune_640_results/res_8a5e9a22a6cb226db81110f2ba653786_jpg_14.pkl
295,27,318,37,295,27,317,27,317,36,295,36,dtnnnnnoeeeeee,from,0.5188841223716736,0.20522316811340197,0.623116509616375,/content/outputs/inference/answersheet/model_finetune_640_results/res_8a5e9a22a6cb226db81110f2ba653786_jpg_15.pkl
