250,31,319,42,250,31,314,31,314,41,250,41,saiiittttttef,staring,0.793795645236969,0.2585290710513408,0.4988365340977907,/content/outputs/inference/answersheet/model_finetune_640_results/res_6de976a661175a656489d64d3a840814_jpg_0.pkl
319,256,359,267,319,256,358,256,358,266,319,266,dddddaaeee,date,0.8382464647293091,0.2359321780502796,0.5779594242572784,/content/outputs/inference/answersheet/model_finetune_640_results/res_6de976a661175a656489d64d3a840814_jpg_1.pkl
30,236,73,251,32,236,72,236,72,250,32,250,ssiiiieedssasa,sted,0.8805208802223206,0.23577229785067694,0.51535764336586,/content/outputs/inference/answersheet/model_finetune_640_results/res_6de976a661175a656489d64d3a840814_jpg_2.pkl
157,316,204,330,159,316,203,316,203,329,159,329,ttsoaaaaatttttttttttstee,tate,0.6440512537956238,0.28618111337224644,0.567491328716278,/content/outputs/inference/answersheet/model_finetune_640_results/res_6de976a661175a656489d64d3a840814_jpg_3.pkl
169,29,236,42,169,29,235,29,235,41,169,41,ffffeeeeaannn,recration,0.8158742189407349,0.22056876180263665,0.5713521674275398,/content/outputs/inference/answersheet/model_finetune_640_results/res_6de976a661175a656489d64d3a840814_jpg_4.pkl
70,215,117,228,70,215,115,215,115,226,70,226,at,from,0.8135754466056824,0.14869291335344315,0.5618702590465545,/content/outputs/inference/answersheet/model_finetune_640_results/res_6de976a661175a656489d64d3a840814_jpg_5.pkl
102,109,130,118,102,109,129,109,129,117,102,117,labdaeb,breads,0.5939295291900635,0.12574295273848943,0.4712502104895456,/content/outputs/inference/answersheet/model_finetune_640_results/res_6de976a661175a656489d64d3a840814_jpg_6.pkl
174,363,221,375,174,363,220,363,220,374,174,374,ellkkkkktteeet,lines,0.5411810874938965,0.173120984009334,0.4782837803165118,/content/outputs/inference/answersheet/model_finetune_640_results/res_6de976a661175a656489d64d3a840814_jpg_7.pkl
95,261,114,271,95,261,113,261,113,270,95,270,ltteeee,from,0.6182510256767273,0.19030646979808807,0.6353533998131752,/content/outputs/inference/answersheet/model_finetune_640_results/res_6de976a661175a656489d64d3a840814_jpg_8.pkl
115,252,135,261,115,252,134,252,134,260,115,260,thhhe,the,0.7042556405067444,0.16630782186985016,0.783194400370121,/content/outputs/inference/answersheet/model_finetune_640_results/res_6de976a661175a656489d64d3a840814_jpg_9.pkl
41,105,54,117,41,105,53,105,53,116,41,116,ttooaaa,the,0.5124576687812805,0.15889493163142884,0.6433483697474003,/content/outputs/inference/answersheet/model_finetune_640_results/res_6de976a661175a656489d64d3a840814_jpg_10.pkl
237,31,381,47,240,29,372,33,371,46,239,41,aeieeee,restrive,0.5679947733879089,0.18823507108858653,0.46167094508806866,/content/outputs/inference/answersheet/model_finetune_640_results/res_6de976a661175a656489d64d3a840814_jpg_11.pkl
249,253,304,267,249,253,303,253,303,266,249,266,taaaeees,sape,0.5315549969673157,0.24144672974944115,0.35081320703029634,/content/outputs/inference/answersheet/model_finetune_640_results/res_6de976a661175a656489d64d3a840814_jpg_12.pkl
63,28,91,39,63,28,90,28,90,38,63,38,aaiiiie,not,0.5820085406303406,0.20164819168193,0.5716584604233503,/content/outputs/inference/answersheet/model_finetune_640_results/res_6de976a661175a656489d64d3a840814_jpg_13.pkl
297,367,348,378,297,367,347,367,347,377,297,377,oggeeaaddde,compers,0.5771844983100891,0.1537186489863829,0.5337521936744452,/content/outputs/inference/answersheet/model_finetune_640_results/res_6de976a661175a656489d64d3a840814_jpg_14.pkl
331,112,355,121,331,112,354,112,354,120,331,120,tllllhaaaaatttttttttttsesess,the,0.518142819404602,0.3067252928657191,0.4850638844072819,/content/outputs/inference/answersheet/model_finetune_640_results/res_6de976a661175a656489d64d3a840814_jpg_15.pkl
113,164,133,175,113,164,132,164,132,174,113,174,adeeee,and,0.5440773367881775,0.20643472547332445,0.5483714044094086,/content/outputs/inference/answersheet/model_finetune_640_results/res_6de976a661175a656489d64d3a840814_jpg_16.pkl
261,366,279,374,261,366,278,366,278,373,261,373,atteeee,the,0.5962690114974976,0.22746111239705766,0.6172264590859413,/content/outputs/inference/answersheet/model_finetune_640_results/res_6de976a661175a656489d64d3a840814_jpg_17.pkl
290,111,317,120,290,111,316,111,316,119,290,119,llllyyhhrgggggygg,you,0.5748116374015808,0.18673143448198543,0.513530220836401,/content/outputs/inference/answersheet/model_finetune_640_results/res_6de976a661175a656489d64d3a840814_jpg_18.pkl
66,151,93,162,66,151,92,151,92,161,66,161,fke,from,0.6080044507980347,0.30266736696163815,0.6259286224842071,/content/outputs/inference/answersheet/model_finetune_640_results/res_6de976a661175a656489d64d3a840814_jpg_19.pkl
135,364,156,373,135,364,155,364,155,372,135,372,tteeettettttettt,the,0.6347423791885376,0.3010287694633007,0.4990496151149273,/content/outputs/inference/answersheet/model_finetune_640_results/res_6de976a661175a656489d64d3a840814_jpg_20.pkl
250,43,300,54,250,43,298,43,298,52,250,52,oohdae,offee,0.686348021030426,0.14605229596296945,0.5205267332494259,/content/outputs/inference/answersheet/model_finetune_640_results/res_6de976a661175a656489d64d3a840814_jpg_21.pkl
331,33,373,43,331,33,371,33,371,41,331,41,taeeee,have,0.784740686416626,0.2990129540363948,0.6935184255242348,/content/outputs/inference/answersheet/model_finetune_640_results/res_6de976a661175a656489d64d3a840814_jpg_22.pkl
67,107,92,117,67,107,91,107,91,116,67,116,ffeffeeeeeeeeeaeeeeaaaaat,from,0.5679142475128174,0.22932323455810547,0.7570165574550629,/content/outputs/inference/answersheet/model_finetune_640_results/res_6de976a661175a656489d64d3a840814_jpg_23.pkl
333,334,358,344,333,334,357,334,357,343,333,343,aaaae,are,0.6989363431930542,0.28676442205905917,0.6923080235719681,/content/outputs/inference/answersheet/model_finetune_640_results/res_6de976a661175a656489d64d3a840814_jpg_24.pkl
113,29,131,39,113,29,130,29,130,38,113,38,teeeeeeee,to,0.6908090114593506,0.1970166274242931,0.6161173383394877,/content/outputs/inference/answersheet/model_finetune_640_results/res_6de976a661175a656489d64d3a840814_jpg_25.pkl
189,108,232,119,189,108,231,108,231,118,189,118,eaaeepee,the,0.5752484798431396,0.13796587567776442,0.5213866215199232,/content/outputs/inference/answersheet/model_finetune_640_results/res_6de976a661175a656489d64d3a840814_jpg_26.pkl
247,33,270,41,247,33,269,33,269,40,247,40,sssssssttdahikkk,stark,0.5385597944259644,0.1860657879151404,0.4617548833290736,/content/outputs/inference/answersheet/model_finetune_640_results/res_6de976a661175a656489d64d3a840814_jpg_27.pkl
58,40,101,51,58,40,100,40,100,50,58,50,awwaee,from,0.719623863697052,0.15583392356832823,0.607620146870613,/content/outputs/inference/answersheet/model_finetune_640_results/res_6de976a661175a656489d64d3a840814_jpg_28.pkl
34,316,48,326,34,316,47,316,47,325,34,325,sssssssssssso,of,0.6328999400138855,0.29275838686869693,0.5591272215048472,/content/outputs/inference/answersheet/model_finetune_640_results/res_6de976a661175a656489d64d3a840814_jpg_29.pkl
319,156,338,165,319,156,337,156,337,164,319,164,tteeetdddaee,the,0.7009751796722412,0.12795228014389673,0.4607835039496422,/content/outputs/inference/answersheet/model_finetune_640_results/res_6de976a661175a656489d64d3a840814_jpg_30.pkl
110,29,168,41,112,29,167,29,167,40,112,40,teeoeee,from,0.5865229368209839,0.26424961004938397,0.6767893329262733,/content/outputs/inference/answersheet/model_finetune_640_results/res_6de976a661175a656489d64d3a840814_jpg_31.pkl
64,75,130,95,64,75,129,75,129,94,64,94,mkeeeeeesy,mac,0.650998592376709,0.4065885588526726,0.47047001868486404,/content/outputs/inference/answersheet/model_finetune_640_results/res_6de976a661175a656489d64d3a840814_jpg_32.pkl
247,386,270,397,247,386,269,386,269,396,247,396,stevvvnny,you,0.6195889711380005,0.11527797828118007,0.6281890403479338,/content/outputs/inference/answersheet/model_finetune_640_results/res_6de976a661175a656489d64d3a840814_jpg_33.pkl
122,241,143,250,122,241,142,241,142,249,122,249,eeett,great,0.6504606008529663,0.14101250022649764,0.4866695950428645,/content/outputs/inference/answersheet/model_finetune_640_results/res_6de976a661175a656489d64d3a840814_jpg_34.pkl
151,76,295,98,156,76,289,76,289,97,156,97,eeeyyseeehafefl,resternation,0.5892934203147888,0.27595873922109604,0.5801916724214187,/content/outputs/inference/answersheet/model_finetune_640_results/res_6de976a661175a656489d64d3a840814_jpg_35.pkl
