242,259,277,271,245,259,276,259,276,270,245,270,tth1h1tadd,the,0.8186920881271362,0.13433845937252045,0.5066707879304886,/content/outputs/inference/answersheet/model_finetune_640_results/res_DM21336_pdf_3_jpg_0.pkl
140,207,180,221,140,207,179,207,179,220,140,220,isaaaddd,shop,0.7200652360916138,0.2127270009368658,0.44026047736406326,/content/outputs/inference/answersheet/model_finetune_640_results/res_DM21336_pdf_3_jpg_1.pkl
245,214,295,226,245,214,294,214,294,225,245,225,ssaeddddd,for,0.616422712802887,0.21647021008862388,0.4628537930548191,/content/outputs/inference/answersheet/model_finetune_640_results/res_DM21336_pdf_3_jpg_2.pkl
146,117,182,128,146,117,181,117,181,127,146,127,flfstt33aa11a1tdod,for,0.773483157157898,0.14197981688711378,0.5915578678250313,/content/outputs/inference/answersheet/model_finetune_640_results/res_DM21336_pdf_3_jpg_3.pkl
141,200,182,211,141,200,181,200,181,210,141,210,dllkkkkkaakaoaeeaaaaaaeed,and,0.6671459078788757,0.14430079907178878,0.44898631796240807,/content/outputs/inference/answersheet/model_finetune_640_results/res_DM21336_pdf_3_jpg_4.pkl
192,233,226,246,192,233,225,233,225,245,192,245,aaajaaady,and,0.681522011756897,0.26926684627930325,0.590824693441391,/content/outputs/inference/answersheet/model_finetune_640_results/res_DM21336_pdf_3_jpg_5.pkl
233,319,257,331,233,319,256,319,256,330,233,330,taio,the,0.6675078868865967,0.17477177269756794,0.49887004494667053,/content/outputs/inference/answersheet/model_finetune_640_results/res_DM21336_pdf_3_jpg_6.pkl
153,144,199,158,153,144,198,144,198,157,153,157,seaaayy,breads,0.6123682856559753,0.22123726776668004,0.4287656268903187,/content/outputs/inference/answersheet/model_finetune_640_results/res_DM21336_pdf_3_jpg_7.pkl
132,177,170,189,134,177,169,177,169,188,134,188,oapoyyy,for,0.5224922299385071,0.3108413868716785,0.5696513298898935,/content/outputs/inference/answersheet/model_finetune_640_results/res_DM21336_pdf_3_jpg_8.pkl
187,272,209,282,187,272,208,272,208,281,187,281,aittiatttattttatteeeoooyy,and,0.6154908537864685,0.15053390145301818,0.5703389067202806,/content/outputs/inference/answersheet/model_finetune_640_results/res_DM21336_pdf_3_jpg_9.pkl
138,273,175,287,140,273,174,273,174,286,140,286,taoeyyyy,they,0.716171145439148,0.42019026447087526,0.5719809353351593,/content/outputs/inference/answersheet/model_finetune_640_results/res_DM21336_pdf_3_jpg_10.pkl
113,155,138,166,113,155,137,155,137,165,113,165,ee,the,0.6072635650634766,0.23021551966667175,0.498920064419508,/content/outputs/inference/answersheet/model_finetune_640_results/res_DM21336_pdf_3_jpg_11.pkl
109,131,135,141,109,131,134,131,134,140,109,140,ffeeeeedy,from,0.6732290983200073,0.2897555273440149,0.601528811454773,/content/outputs/inference/answersheet/model_finetune_640_results/res_DM21336_pdf_3_jpg_12.pkl
234,280,265,289,234,280,264,280,264,288,234,288,aateaaaataaaaaaaaattttppts9,the,0.7559935450553894,0.1462303496621273,0.5192706622183323,/content/outputs/inference/answersheet/model_finetune_640_results/res_DM21336_pdf_3_jpg_13.pkl
258,338,286,348,258,338,285,338,285,347,258,347,kg4eaaaasahaaaaad,from,0.5807669162750244,0.20125733315944672,0.5948036298155784,/content/outputs/inference/answersheet/model_finetune_640_results/res_DM21336_pdf_3_jpg_14.pkl
258,229,298,240,258,229,297,229,297,239,258,239,etes9ttrd,the,0.6329495906829834,0.1572088806165589,0.4645191319286823,/content/outputs/inference/answersheet/model_finetune_640_results/res_DM21336_pdf_3_jpg_15.pkl
255,306,289,319,255,306,288,306,288,318,255,318,tttdddddddddyyy,for,0.777958333492279,0.3038749476273855,0.5271934196352959,/content/outputs/inference/answersheet/model_finetune_640_results/res_DM21336_pdf_3_jpg_16.pkl
