144,257,192,268,144,257,191,257,191,267,144,267,blaarrra,fordan,0.503538966178894,0.13592361006885767,0.36665837466716766,/content/outputs/inference/answersheet/model_finetune_640_results/res_6a907649f1e8e2c9478a81cd7929f7d9_jpg_0.pkl
160,121,204,135,160,121,203,121,203,134,160,134,ththe,the,0.7061901688575745,0.1298388123512268,0.4572150558233261,/content/outputs/inference/answersheet/model_finetune_640_results/res_6a907649f1e8e2c9478a81cd7929f7d9_jpg_1.pkl
101,99,175,113,101,99,174,99,174,112,101,112,taaaeeee,from,0.5443083643913269,0.29004414565861225,0.4753197968006134,/content/outputs/inference/answersheet/model_finetune_640_results/res_6a907649f1e8e2c9478a81cd7929f7d9_jpg_2.pkl
90,123,130,135,90,123,129,123,129,134,90,134,aie,the,0.6822247505187988,0.3075221925973892,0.345210537314415,/content/outputs/inference/answersheet/model_finetune_640_results/res_6a907649f1e8e2c9478a81cd7929f7d9_jpg_3.pkl
72,76,118,91,72,76,117,76,117,90,72,90,targr,was,0.5959647297859192,0.23748672604560853,0.4531237930059433,/content/outputs/inference/answersheet/model_finetune_640_results/res_6a907649f1e8e2c9478a81cd7929f7d9_jpg_4.pkl
214,124,251,134,214,124,250,124,250,133,214,133,faaaaeeeeee,sale,0.6954279541969299,0.16307564282959158,0.3653651997447014,/content/outputs/inference/answersheet/model_finetune_640_results/res_6a907649f1e8e2c9478a81cd7929f7d9_jpg_5.pkl
268,123,283,132,268,123,282,123,282,131,268,131,tttttteeeeee,the,0.5503412485122681,0.35238809138536453,0.8318040370941162,/content/outputs/inference/answersheet/model_finetune_640_results/res_6a907649f1e8e2c9478a81cd7929f7d9_jpg_6.pkl
125,147,151,155,125,147,150,147,150,154,125,154,deeeee,date,0.5466929078102112,0.14665524661540985,0.5309025406837463,/content/outputs/inference/answersheet/model_finetune_640_results/res_6a907649f1e8e2c9478a81cd7929f7d9_jpg_7.pkl
51,1,78,14,51,1,77,1,77,13,51,13,teeeeaaatteee,from,0.5514287948608398,0.1417783682162945,0.613428957760334,/content/outputs/inference/answersheet/model_finetune_640_results/res_6a907649f1e8e2c9478a81cd7929f7d9_jpg_8.pkl
196,1,220,13,196,1,219,1,219,12,196,12,oeehhhh,the,0.5477941632270813,0.10903454039778028,0.5241697076708078,/content/outputs/inference/answersheet/model_finetune_640_results/res_6a907649f1e8e2c9478a81cd7929f7d9_jpg_9.pkl
94,147,109,156,94,147,108,147,108,155,94,155,aaattddehdehddeee,and,0.753777265548706,0.11885431496536031,0.6866487041115761,/content/outputs/inference/answersheet/model_finetune_640_results/res_6a907649f1e8e2c9478a81cd7929f7d9_jpg_10.pkl
103,188,134,200,103,188,133,188,133,199,103,199,tttetetnedddddddddddddddddddy,they,0.6111634969711304,0.25307224202772666,0.6002679705619812,/content/outputs/inference/answersheet/model_finetune_640_results/res_6a907649f1e8e2c9478a81cd7929f7d9_jpg_11.pkl
47,1,112,14,50,1,111,1,111,13,50,13,eettatee,from,0.527764081954956,0.12057843152433634,0.5780100673437119,/content/outputs/inference/answersheet/model_finetune_640_results/res_6a907649f1e8e2c9478a81cd7929f7d9_jpg_12.pkl
