299,100,336,111,299,100,335,100,335,110,299,110,e,from,0.7180240154266357,0.10480200499296188,0.5072225049138069,/content/outputs/inference/answersheet/model_finetune_640_results/res_649ec55c1f35bfb4b986144b0b8725ca_jpg_0.pkl
178,13,197,23,178,13,196,13,196,22,178,22,4ffgeesoy,for,0.5859179496765137,0.17994192242622375,0.6765840351581573,/content/outputs/inference/answersheet/model_finetune_640_results/res_649ec55c1f35bfb4b986144b0b8725ca_jpg_1.pkl
302,122,383,136,302,122,382,122,382,135,302,135,aeeae,sender,0.6495574116706848,0.2618513196706772,0.4630761125258037,/content/outputs/inference/answersheet/model_finetune_640_results/res_649ec55c1f35bfb4b986144b0b8725ca_jpg_2.pkl
155,99,198,110,155,99,197,99,197,109,155,109,tae,the,0.5559622049331665,0.12740325431029,0.4362360332161188,/content/outputs/inference/answersheet/model_finetune_640_results/res_649ec55c1f35bfb4b986144b0b8725ca_jpg_3.pkl
164,32,182,41,164,32,181,32,181,40,164,40,fffffffffffffffff,for,0.5878520607948303,0.3987951629302081,0.6443759426474571,/content/outputs/inference/answersheet/model_finetune_640_results/res_649ec55c1f35bfb4b986144b0b8725ca_jpg_4.pkl
198,198,215,207,198,198,214,198,214,206,198,206,e,for,0.5916646122932434,0.12608999013900757,0.6416658610105515,/content/outputs/inference/answersheet/model_finetune_640_results/res_649ec55c1f35bfb4b986144b0b8725ca_jpg_5.pkl
174,179,195,188,174,179,194,179,194,187,174,187,llsrrrrreaaanaaannnnnnn,for,0.5097323060035706,0.12369405996540318,0.6479541808366776,/content/outputs/inference/answersheet/model_finetune_640_results/res_649ec55c1f35bfb4b986144b0b8725ca_jpg_6.pkl
358,123,383,135,358,123,382,123,382,134,358,134,attttttteeee,but,0.6279113292694092,0.4338895020385583,0.6290693525224924,/content/outputs/inference/answersheet/model_finetune_640_results/res_649ec55c1f35bfb4b986144b0b8725ca_jpg_7.pkl
208,32,227,39,208,32,226,32,226,38,208,38,ttttttttttttt,for,0.6025201082229614,0.2703902641168007,0.6476080864667892,/content/outputs/inference/answersheet/model_finetune_640_results/res_649ec55c1f35bfb4b986144b0b8725ca_jpg_8.pkl
110,101,134,109,110,101,133,101,133,108,110,108,aatttttatthee,the,0.5588717460632324,0.16343506081746176,0.6025380939245224,/content/outputs/inference/answersheet/model_finetune_640_results/res_649ec55c1f35bfb4b986144b0b8725ca_jpg_9.pkl
277,123,303,134,277,123,302,123,302,133,277,133,a,bre,0.508716881275177,0.11787895858287811,0.27653639763593674,/content/outputs/inference/answersheet/model_finetune_640_results/res_649ec55c1f35bfb4b986144b0b8725ca_jpg_10.pkl
87,133,117,143,87,133,116,133,116,142,87,142,taaaaaeaeeeeeennnnnneee,the,0.5125859379768372,0.1783459708094597,0.4099058285355568,/content/outputs/inference/answersheet/model_finetune_640_results/res_649ec55c1f35bfb4b986144b0b8725ca_jpg_11.pkl
259,101,291,111,259,101,290,101,290,110,259,110,eee,the,0.720102071762085,0.32832299172878265,0.5583445634692907,/content/outputs/inference/answersheet/model_finetune_640_results/res_649ec55c1f35bfb4b986144b0b8725ca_jpg_12.pkl
