234,9,276,20,234,9,275,9,275,19,234,19,scaaaaeeeeee,sale,0.8096578121185303,0.20707025254766145,0.5766558527946473,/content/outputs/inference/answersheet/model_finetune_640_results/res_8dfe63419365cb6bdea765d719dd9011_jpg_0.pkl
110,258,160,268,110,258,159,258,159,267,110,267,aeepaahheee,sale,0.7212141156196594,0.17868842523206363,0.4851703107357025,/content/outputs/inference/answersheet/model_finetune_640_results/res_8dfe63419365cb6bdea765d719dd9011_jpg_1.pkl
69,257,108,269,69,257,107,257,107,268,69,268,ttaaeed,the,0.7872898578643799,0.2350702711514064,0.46958618611097336,/content/outputs/inference/answersheet/model_finetune_640_results/res_8dfe63419365cb6bdea765d719dd9011_jpg_2.pkl
121,311,200,327,123,311,199,311,199,326,123,326,eneooooeyeaadd,repersity,0.8140817880630493,0.16049345023930073,0.5097820945084095,/content/outputs/inference/answersheet/model_finetune_640_results/res_8dfe63419365cb6bdea765d719dd9011_jpg_3.pkl
234,188,290,201,234,188,289,188,289,200,234,200,ooaedt,offeen,0.5500583648681641,0.13410928969581923,0.5102645392928805,/content/outputs/inference/answersheet/model_finetune_640_results/res_8dfe63419365cb6bdea765d719dd9011_jpg_4.pkl
173,258,225,269,175,258,224,258,224,268,175,268,aepyeeeeeeee,daya,0.5958053469657898,0.3547674299528201,0.3250120736658573,/content/outputs/inference/answersheet/model_finetune_640_results/res_8dfe63419365cb6bdea765d719dd9011_jpg_5.pkl
69,289,124,300,71,289,123,289,123,299,71,299,aaaetttteeeee,from,0.7074019908905029,0.26734577692472017,0.5238233774900436,/content/outputs/inference/answersheet/model_finetune_640_results/res_8dfe63419365cb6bdea765d719dd9011_jpg_6.pkl
73,280,105,290,73,280,104,280,104,289,73,289,ttaaaaaaaa,from,0.7429168224334717,0.11538763120770454,0.59921093583107,/content/outputs/inference/answersheet/model_finetune_640_results/res_8dfe63419365cb6bdea765d719dd9011_jpg_7.pkl
133,282,160,290,133,282,159,282,159,289,133,289,ffffffbhhahhhhhhhhhhhhhhhhhhhhhad,from,0.7909319996833801,0.1260083866390315,0.5520899027585984,/content/outputs/inference/answersheet/model_finetune_640_results/res_8dfe63419365cb6bdea765d719dd9011_jpg_8.pkl
18,347,56,359,18,347,55,347,55,358,18,358,aaaaaaan,all,0.539885938167572,0.2909003011882305,0.4006095230579376,/content/outputs/inference/answersheet/model_finetune_640_results/res_8dfe63419365cb6bdea765d719dd9011_jpg_9.pkl
235,20,278,29,235,20,277,20,277,28,235,28,eaeeeeeaaaaaliiireeeeeey,sale,0.8634254932403564,0.18523131807645163,0.5007292076945304,/content/outputs/inference/answersheet/model_finetune_640_results/res_8dfe63419365cb6bdea765d719dd9011_jpg_10.pkl
288,155,351,166,288,155,350,155,350,165,288,165,oteecsaieddtttt,from,0.5005887746810913,0.16387779613335926,0.5351426228880882,/content/outputs/inference/answersheet/model_finetune_640_results/res_8dfe63419365cb6bdea765d719dd9011_jpg_11.pkl
236,279,262,289,236,279,261,279,261,288,236,288,ttleeeeeeeeeee,sender,0.5655689239501953,0.13931373081036977,0.5250227046864373,/content/outputs/inference/answersheet/model_finetune_640_results/res_8dfe63419365cb6bdea765d719dd9011_jpg_12.pkl
175,290,201,299,175,290,200,290,200,298,175,298,tffffde,for,0.5171864032745361,0.28434678592852186,0.5846593640744686,/content/outputs/inference/answersheet/model_finetune_640_results/res_8dfe63419365cb6bdea765d719dd9011_jpg_13.pkl
92,302,118,313,92,302,117,302,117,312,92,312,swymwwwwwwwwwwwwwwwwwwweeeet,bread,0.5131941437721252,0.16180440863328321,0.37497880185643834,/content/outputs/inference/answersheet/model_finetune_640_results/res_8dfe63419365cb6bdea765d719dd9011_jpg_14.pkl
386,255,406,264,386,255,405,255,405,263,386,263,ttyttytytyttttaaaaaa,that,0.5088557004928589,0.3813495971262455,0.5893635809421539,/content/outputs/inference/answersheet/model_finetune_640_results/res_8dfe63419365cb6bdea765d719dd9011_jpg_15.pkl
359,154,411,166,362,154,409,154,409,164,362,164,taoeee,from,0.5418789982795715,0.16008713841438293,0.6124819397926331,/content/outputs/inference/answersheet/model_finetune_640_results/res_8dfe63419365cb6bdea765d719dd9011_jpg_16.pkl
