327,41,374,54,327,41,372,41,372,52,327,52,nrrdddhhhaaaaaaill,and,0.7267856001853943,0.20048008196883732,0.44517112895846367,/content/outputs/inference/answersheet/model_finetune_640_results/res_ca00dc39bb5236c22bbe8ac223b66065_jpg_0.pkl
79,241,117,252,79,241,116,241,116,251,79,251,iiiiiiineeeeee,lines,0.7346282601356506,0.29473260630454334,0.7669829477866491,/content/outputs/inference/answersheet/model_finetune_640_results/res_ca00dc39bb5236c22bbe8ac223b66065_jpg_1.pkl
127,18,181,33,127,18,180,18,180,32,127,32,teeeste,state,0.5230392217636108,0.17292224296501704,0.49940094848473865,/content/outputs/inference/answersheet/model_finetune_640_results/res_ca00dc39bb5236c22bbe8ac223b66065_jpg_2.pkl
66,0,132,10,66,0,131,0,131,9,66,9,hkkooooddllnlhhdaderneeeee,coller,0.6020757555961609,0.17870145907195714,0.4188268227236612,/content/outputs/inference/answersheet/model_finetune_640_results/res_ca00dc39bb5236c22bbe8ac223b66065_jpg_3.pkl
269,242,305,256,269,242,304,242,304,255,269,255,hhhhshfatitlte,from,0.5150460600852966,0.13953754731587,0.5129809111356736,/content/outputs/inference/answersheet/model_finetune_640_results/res_ca00dc39bb5236c22bbe8ac223b66065_jpg_4.pkl
96,130,143,142,96,130,142,130,142,141,96,141,aaaassaheadedee,sender,0.5951749682426453,0.20710202505191166,0.49814648926258087,/content/outputs/inference/answersheet/model_finetune_640_results/res_ca00dc39bb5236c22bbe8ac223b66065_jpg_5.pkl
73,276,99,289,73,276,98,276,98,288,73,288,haatthaotaadoadoodddddddduuuypeeeee,the,0.7376521229743958,0.1477712814296995,0.47675711661577225,/content/outputs/inference/answersheet/model_finetune_640_results/res_ca00dc39bb5236c22bbe8ac223b66065_jpg_6.pkl
329,141,382,153,329,141,381,141,381,152,329,152,ahhwtktee,the,0.7066807746887207,0.11260765004489157,0.32900679111480713,/content/outputs/inference/answersheet/model_finetune_640_results/res_ca00dc39bb5236c22bbe8ac223b66065_jpg_7.pkl
66,130,94,141,66,130,93,130,93,140,66,140,taaaeedtttt,from,0.8128582239151001,0.2732933502305638,0.6475016385316849,/content/outputs/inference/answersheet/model_finetune_640_results/res_ca00dc39bb5236c22bbe8ac223b66065_jpg_8.pkl
41,130,58,142,41,130,57,130,57,141,41,141,oe,do,0.5547319650650024,0.28419841825962067,0.601823627948761,/content/outputs/inference/answersheet/model_finetune_640_results/res_ca00dc39bb5236c22bbe8ac223b66065_jpg_9.pkl
273,50,345,64,277,50,342,50,342,63,277,63,ttttttaataan,from,0.5506356358528137,0.15361580004294714,0.4976678669452667,/content/outputs/inference/answersheet/model_finetune_640_results/res_ca00dc39bb5236c22bbe8ac223b66065_jpg_10.pkl
222,275,245,285,222,275,244,275,244,284,222,284,ffffffffffffheee,the,0.6115220189094543,0.25781302619725466,0.5898949131369591,/content/outputs/inference/answersheet/model_finetune_640_results/res_ca00dc39bb5236c22bbe8ac223b66065_jpg_11.pkl
197,141,220,151,197,141,219,141,219,150,197,150,ttttttttte,from,0.7570340037345886,0.4612549126148224,0.6249532878398896,/content/outputs/inference/answersheet/model_finetune_640_results/res_ca00dc39bb5236c22bbe8ac223b66065_jpg_12.pkl
197,276,221,287,197,276,220,276,220,286,197,286,caaaaaaa,come,0.6067382097244263,0.1737919170409441,0.41035471558570863,/content/outputs/inference/answersheet/model_finetune_640_results/res_ca00dc39bb5236c22bbe8ac223b66065_jpg_13.pkl
164,130,184,139,164,130,183,130,183,138,164,138,ffttthttwwwwei,the,0.5453150868415833,0.15996025396244867,0.48555421829223633,/content/outputs/inference/answersheet/model_finetune_640_results/res_ca00dc39bb5236c22bbe8ac223b66065_jpg_14.pkl
116,274,142,283,116,274,141,274,141,282,116,282,ehaaaaeeeeeettteee,from,0.5396838784217834,0.11480990921457608,0.619381956756115,/content/outputs/inference/answersheet/model_finetune_640_results/res_ca00dc39bb5236c22bbe8ac223b66065_jpg_15.pkl
65,50,96,62,65,50,95,50,95,61,65,61,ssssnnaananaaanaaee,sale,0.579218327999115,0.33386885100289393,0.8065874457359314,/content/outputs/inference/answersheet/model_finetune_640_results/res_ca00dc39bb5236c22bbe8ac223b66065_jpg_16.pkl
268,349,328,363,268,349,327,349,327,362,268,362,ddlsatee,bestate,0.7543573975563049,0.37523950077593327,0.6202096361666918,/content/outputs/inference/answersheet/model_finetune_640_results/res_ca00dc39bb5236c22bbe8ac223b66065_jpg_17.pkl
186,107,240,120,186,107,239,107,239,119,186,119,sayoee,shotal,0.6854636073112488,0.2407914251089096,0.5336605917130198,/content/outputs/inference/answersheet/model_finetune_640_results/res_ca00dc39bb5236c22bbe8ac223b66065_jpg_18.pkl
131,242,176,253,131,242,175,242,175,252,131,252,taeadaaaaaaeeeeeeeeeeeeeeeeeeeeeeee,subject,0.5226673483848572,0.24071611506598337,0.47402622550725937,/content/outputs/inference/answersheet/model_finetune_640_results/res_ca00dc39bb5236c22bbe8ac223b66065_jpg_19.pkl
259,154,279,163,259,154,276,154,276,162,259,162,ceeaaaaaaaa,from,0.5131473541259766,0.1439930017698895,0.6165621787309646,/content/outputs/inference/answersheet/model_finetune_640_results/res_ca00dc39bb5236c22bbe8ac223b66065_jpg_20.pkl
102,43,124,53,102,43,123,43,123,52,102,52,hhsheehsssett,from,0.5732702612876892,0.15980137426119584,0.5625112950801849,/content/outputs/inference/answersheet/model_finetune_640_results/res_ca00dc39bb5236c22bbe8ac223b66065_jpg_21.pkl
75,249,108,259,76,251,106,248,107,255,77,259,tthhhhnoaaaeeeeede,the,0.5304680466651917,0.19087626329726642,0.5107363387942314,/content/outputs/inference/answersheet/model_finetune_640_results/res_ca00dc39bb5236c22bbe8ac223b66065_jpg_22.pkl
186,43,203,51,186,43,202,43,202,50,186,50,tttttttttttttttthhthhthtthhhhhhhheeeeeeeeeeeee,the,0.5919018983840942,0.27798290161982825,0.686664491891861,/content/outputs/inference/answersheet/model_finetune_640_results/res_ca00dc39bb5236c22bbe8ac223b66065_jpg_23.pkl
211,320,235,329,211,320,234,320,234,328,211,328,hohaddtttte,the,0.6109583377838135,0.13251251050017096,0.4115205444395542,/content/outputs/inference/answersheet/model_finetune_640_results/res_ca00dc39bb5236c22bbe8ac223b66065_jpg_24.pkl
74,305,96,317,74,305,95,305,95,316,74,316,ttthee,the,0.5365164279937744,0.27723074828584987,0.7753057330846786,/content/outputs/inference/answersheet/model_finetune_640_results/res_ca00dc39bb5236c22bbe8ac223b66065_jpg_25.pkl
72,18,116,30,72,18,113,18,113,29,72,29,daaaeeeedlaleee,date,0.6408272385597229,0.1462769662340482,0.6235141158103943,/content/outputs/inference/answersheet/model_finetune_640_results/res_ca00dc39bb5236c22bbe8ac223b66065_jpg_26.pkl
119,151,138,160,119,151,137,151,137,159,119,159,taaooseeettttttttttttt,from,0.5647609829902649,0.26592110842466354,0.6364846557378769,/content/outputs/inference/answersheet/model_finetune_640_results/res_ca00dc39bb5236c22bbe8ac223b66065_jpg_27.pkl
74,263,98,271,76,263,97,263,97,270,76,270,ttthaaatheeeeeeeeeee,the,0.5940417051315308,0.28933880776166915,0.6065494082868099,/content/outputs/inference/answersheet/model_finetune_640_results/res_ca00dc39bb5236c22bbe8ac223b66065_jpg_28.pkl
257,263,272,271,257,263,271,263,271,270,257,270,taataaahhhee,the,0.5208486318588257,0.14836281103392443,0.6183531731367111,/content/outputs/inference/answersheet/model_finetune_640_results/res_ca00dc39bb5236c22bbe8ac223b66065_jpg_29.pkl
307,320,334,329,307,320,331,320,331,328,307,328,cggggdddgaeeeeeeeeee,can,0.5348221063613892,0.15208513885736466,0.33886104077100754,/content/outputs/inference/answersheet/model_finetune_640_results/res_ca00dc39bb5236c22bbe8ac223b66065_jpg_30.pkl
324,243,376,254,324,243,375,243,375,253,324,253,aaaaaaiiteeeeeeee,barking,0.678473174571991,0.17313820474288044,0.47689539287239313,/content/outputs/inference/answersheet/model_finetune_640_results/res_ca00dc39bb5236c22bbe8ac223b66065_jpg_31.pkl
273,40,373,57,273,40,372,40,372,54,273,54,eeedeeamrreaaaattl,comporional,0.5181076526641846,0.1857019133037991,0.4716923125088215,/content/outputs/inference/answersheet/model_finetune_640_results/res_ca00dc39bb5236c22bbe8ac223b66065_jpg_32.pkl
