190,331,211,343,190,331,210,331,210,342,190,342,1111111113333399,13,0.7624700665473938,0.27422806434333324,0.488630751768748,/content/outputs/inference/answersheet/model_finetune_640_results/res_fe2c7c70a185d5363d11651706b39b6b_jpg_0.pkl
202,256,224,266,202,256,223,256,223,265,202,265,ftttfffteee,to,0.7101002931594849,0.32793092863126233,0.6830228467782339,/content/outputs/inference/answersheet/model_finetune_640_results/res_fe2c7c70a185d5363d11651706b39b6b_jpg_1.pkl
74,235,106,246,74,235,105,235,105,245,74,245,bsrreeeeeeeeeeee,sale,0.7189347147941589,0.42484976490959525,0.47308348715305326,/content/outputs/inference/answersheet/model_finetune_640_results/res_fe2c7c70a185d5363d11651706b39b6b_jpg_2.pkl
122,235,154,247,122,235,153,235,153,246,122,246,ttttaatte,teate,0.7756893038749695,0.3432471106449763,0.6086089114348093,/content/outputs/inference/answersheet/model_finetune_640_results/res_fe2c7c70a185d5363d11651706b39b6b_jpg_3.pkl
199,210,225,222,199,210,224,210,224,221,199,221,ggggddd4441111odddd,10,0.7829239964485168,0.2664331880054976,0.6460186441739401,/content/outputs/inference/answersheet/model_finetune_640_results/res_fe2c7c70a185d5363d11651706b39b6b_jpg_4.pkl
25,212,64,225,25,212,63,212,63,224,25,224,fssaaaattaaaaaaad,sale,0.8045474290847778,0.32784341626307545,0.5967309951782227,/content/outputs/inference/answersheet/model_finetune_640_results/res_fe2c7c70a185d5363d11651706b39b6b_jpg_5.pkl
246,232,313,246,246,232,312,232,312,245,246,245,ehhalaooooimmmmmmac,from,0.6444804668426514,0.3110774077082935,0.6700673177838326,/content/outputs/inference/answersheet/model_finetune_640_results/res_fe2c7c70a185d5363d11651706b39b6b_jpg_6.pkl
73,193,100,202,73,193,99,193,99,201,73,201,fffffppattt,from,0.5343901515007019,0.19138529761271042,0.6812959492206574,/content/outputs/inference/answersheet/model_finetune_640_results/res_fe2c7c70a185d5363d11651706b39b6b_jpg_7.pkl
108,54,171,69,108,54,170,54,170,68,108,68,ttottslle,tate,0.7448525428771973,0.35993078351020813,0.4722034126520157,/content/outputs/inference/answersheet/model_finetune_640_results/res_fe2c7c70a185d5363d11651706b39b6b_jpg_8.pkl
261,299,326,311,263,299,325,299,325,310,263,310,tttehttheegddiisseeeeeeee,the,0.6436415314674377,0.2471360445022583,0.3206002414226532,/content/outputs/inference/answersheet/model_finetune_640_results/res_fe2c7c70a185d5363d11651706b39b6b_jpg_9.pkl
31,301,66,313,31,301,65,301,65,312,31,312,stepepepd,sale,0.5213861465454102,0.22229616343975067,0.5770642697811127,/content/outputs/inference/answersheet/model_finetune_640_results/res_fe2c7c70a185d5363d11651706b39b6b_jpg_10.pkl
224,121,292,135,224,121,291,121,291,134,224,134,ttteddddietaaaaaeeeedtytttt,team,0.5782871246337891,0.2849196272867697,0.40744640231132506,/content/outputs/inference/answersheet/model_finetune_640_results/res_fe2c7c70a185d5363d11651706b39b6b_jpg_11.pkl
80,89,133,103,80,89,132,89,132,102,80,102,taaallitrnrttetetttaattr,tate,0.6125103831291199,0.22540167098244032,0.5454778790473938,/content/outputs/inference/answersheet/model_finetune_640_results/res_fe2c7c70a185d5363d11651706b39b6b_jpg_12.pkl
331,231,349,244,331,231,348,231,348,243,331,243,tt1tooooooooee,to,0.7374103665351868,0.31354186524237904,0.9583231210708618,/content/outputs/inference/answersheet/model_finetune_640_results/res_fe2c7c70a185d5363d11651706b39b6b_jpg_13.pkl
180,152,265,169,180,152,264,152,264,168,180,168,tttateeeetttyini,tate,0.542794942855835,0.34397750720381737,0.5838161081075668,/content/outputs/inference/answersheet/model_finetune_640_results/res_fe2c7c70a185d5363d11651706b39b6b_jpg_14.pkl
207,301,228,311,207,301,227,301,227,310,207,310,kkktatttttttttttttttt,from,0.5877283811569214,0.3433841257577851,0.5645159356296062,/content/outputs/inference/answersheet/model_finetune_640_results/res_fe2c7c70a185d5363d11651706b39b6b_jpg_15.pkl
303,151,368,168,303,151,367,151,367,167,303,167,teeteetaaaniin,that,0.54849773645401,0.21588368022016116,0.5294958412647247,/content/outputs/inference/answersheet/model_finetune_640_results/res_fe2c7c70a185d5363d11651706b39b6b_jpg_16.pkl
154,188,215,203,154,188,214,188,214,202,154,202,ttaatppppea,town,0.7369624376296997,0.2508184584704312,0.5474028050899505,/content/outputs/inference/answersheet/model_finetune_640_results/res_fe2c7c70a185d5363d11651706b39b6b_jpg_17.pkl
314,85,378,101,314,85,377,85,377,100,314,100,aaaatttttatidtt,date,0.7923247218132019,0.42315171360969545,0.5358583718538285,/content/outputs/inference/answersheet/model_finetune_640_results/res_fe2c7c70a185d5363d11651706b39b6b_jpg_18.pkl
81,90,109,101,81,90,108,90,108,100,81,100,tgtalalliiittettttttttt,talk,0.590197741985321,0.2196211912061857,0.5587452113628387,/content/outputs/inference/answersheet/model_finetune_640_results/res_fe2c7c70a185d5363d11651706b39b6b_jpg_19.pkl
73,301,103,312,73,301,102,301,102,311,73,311,sssefffffeefeeeeee,for,0.617435097694397,0.2613784281743897,0.5229460522532463,/content/outputs/inference/answersheet/model_finetune_640_results/res_fe2c7c70a185d5363d11651706b39b6b_jpg_20.pkl
163,118,302,135,163,118,293,118,293,134,163,134,teetateeetas,breatteration,0.5012022256851196,0.283765875423948,0.5373867968363422,/content/outputs/inference/answersheet/model_finetune_640_results/res_fe2c7c70a185d5363d11651706b39b6b_jpg_21.pkl
