4,2,50,14,4,2,49,2,49,13,4,13,eeeosyytte,from,0.5186322331428528,0.16517332047224045,0.630406777560711,/content/outputs/inference/answersheet/model_finetune_640_results/res_36e1679f689e73c3a745a750219436b6_jpg_0.pkl
52,23,97,35,54,23,96,23,96,34,54,34,faae,the,0.5527666807174683,0.29328475147485733,0.5293037183582783,/content/outputs/inference/answersheet/model_finetune_640_results/res_36e1679f689e73c3a745a750219436b6_jpg_1.pkl
54,34,104,46,54,34,103,34,103,45,54,45,etttee,from,0.7498518228530884,0.24956995124618211,0.5184738114476204,/content/outputs/inference/answersheet/model_finetune_640_results/res_36e1679f689e73c3a745a750219436b6_jpg_2.pkl
55,25,80,35,55,25,79,25,79,34,55,34,aaaahhheee,the,0.6957894563674927,0.34162153154611585,0.6219560317695141,/content/outputs/inference/answersheet/model_finetune_640_results/res_36e1679f689e73c3a745a750219436b6_jpg_3.pkl
36,17,52,26,36,17,51,17,51,25,36,25,kfdfeaaaaa,for,0.5289440155029297,0.13807679936289788,0.5808301158249378,/content/outputs/inference/answersheet/model_finetune_640_results/res_36e1679f689e73c3a745a750219436b6_jpg_4.pkl
197,22,257,34,197,22,254,22,254,33,197,33,eatess,brice,0.5158982276916504,0.1054877241452535,0.3703726182381312,/content/outputs/inference/answersheet/model_finetune_640_results/res_36e1679f689e73c3a745a750219436b6_jpg_5.pkl
281,25,302,34,281,25,301,25,301,33,281,33,athhhehhhgeggega,the,0.6109756827354431,0.148256276268512,0.6189950034022331,/content/outputs/inference/answersheet/model_finetune_640_results/res_36e1679f689e73c3a745a750219436b6_jpg_6.pkl
308,24,366,34,308,24,365,24,365,33,308,33,beaaa,from,0.652628481388092,0.16868529319763184,0.5930598251521587,/content/outputs/inference/answersheet/model_finetune_640_results/res_36e1679f689e73c3a745a750219436b6_jpg_7.pkl
255,36,279,46,255,36,278,36,278,45,255,45,aaaae,and,0.5840005874633789,0.13966280668973924,0.3669028151780367,/content/outputs/inference/answersheet/model_finetune_640_results/res_36e1679f689e73c3a745a750219436b6_jpg_8.pkl
315,67,378,79,315,67,376,67,376,77,315,77,ttae,from,0.5250776410102844,0.13778323493897915,0.5664553061127663,/content/outputs/inference/answersheet/model_finetune_640_results/res_36e1679f689e73c3a745a750219436b6_jpg_9.pkl
254,25,281,34,254,25,280,25,280,33,254,33,heeeeee,the,0.5637891292572021,0.20920976570674352,0.5779748745262623,/content/outputs/inference/answersheet/model_finetune_640_results/res_36e1679f689e73c3a745a750219436b6_jpg_10.pkl
90,24,118,34,90,24,117,24,117,33,90,33,aate,the,0.52769535779953,0.14504661224782467,0.6316686719655991,/content/outputs/inference/answersheet/model_finetune_640_results/res_36e1679f689e73c3a745a750219436b6_jpg_11.pkl
159,26,193,34,159,26,192,26,192,33,159,33,de,brice,0.5587037205696106,0.09133206307888031,0.34200609227021533,/content/outputs/inference/answersheet/model_finetune_640_results/res_36e1679f689e73c3a745a750219436b6_jpg_12.pkl
