334,18,399,31,334,18,397,18,397,29,334,29,ahaaaad,sender,0.6560428142547607,0.140845602112157,0.437812294278826,/content/outputs/inference/answersheet/model_finetune_640_results/res_f549c1f8d7b21a7309df96c538238714_jpg_0.pkl
353,0,406,10,353,0,405,0,405,9,353,9,aaalleeeeeeeeeeeeeeheeeeeeee,the,0.626460611820221,0.22593187460941927,0.5268831895664334,/content/outputs/inference/answersheet/model_finetune_640_results/res_f549c1f8d7b21a7309df96c538238714_jpg_1.pkl
346,274,402,287,346,274,400,274,400,285,346,285,tteeaaeeeeeeett,team,0.5967682003974915,0.2080501635869344,0.34960395097732544,/content/outputs/inference/answersheet/model_finetune_640_results/res_f549c1f8d7b21a7309df96c538238714_jpg_2.pkl
278,274,335,287,278,274,334,274,334,286,278,286,neeeee,the,0.5287711024284363,0.22105192641417185,0.37689393758773804,/content/outputs/inference/answersheet/model_finetune_640_results/res_f549c1f8d7b21a7309df96c538238714_jpg_3.pkl
288,295,338,307,288,295,336,295,336,305,288,305,aatttt,from,0.7892583012580872,0.3627260935803254,0.5363863229751586,/content/outputs/inference/answersheet/model_finetune_640_results/res_f549c1f8d7b21a7309df96c538238714_jpg_4.pkl
72,17,169,31,76,19,165,19,165,30,76,30,eleele,some,0.5052772760391235,0.09606969729065895,0.377392353117466,/content/outputs/inference/answersheet/model_finetune_640_results/res_f549c1f8d7b21a7309df96c538238714_jpg_5.pkl
75,19,126,30,77,19,122,19,122,29,77,29,obehes,subject,0.7123567461967468,0.0877915769815445,0.46956049278378487,/content/outputs/inference/answersheet/model_finetune_640_results/res_f549c1f8d7b21a7309df96c538238714_jpg_6.pkl
136,52,159,63,136,52,158,52,158,62,136,62,eeaanee,the,0.54526686668396,0.1351292101400239,0.6974869221448898,/content/outputs/inference/answersheet/model_finetune_640_results/res_f549c1f8d7b21a7309df96c538238714_jpg_7.pkl
249,12,275,19,249,12,274,12,274,18,249,18,dffbbbbbbbbedddd,from,0.5133583545684814,0.1102089686319232,0.614223662018776,/content/outputs/inference/answersheet/model_finetune_640_results/res_f549c1f8d7b21a7309df96c538238714_jpg_8.pkl
248,15,273,23,248,15,272,15,272,22,248,22,ffffffeer,from,0.5019785165786743,0.1468684615360366,0.6148428037762642,/content/outputs/inference/answersheet/model_finetune_640_results/res_f549c1f8d7b21a7309df96c538238714_jpg_9.pkl
243,20,266,29,243,20,265,20,265,28,243,28,aahhhhhhhhhhhhhhhaheleffeeeeee,bre,0.6660454273223877,0.11371635099252066,0.27077600732445717,/content/outputs/inference/answersheet/model_finetune_640_results/res_f549c1f8d7b21a7309df96c538238714_jpg_10.pkl
