76,19,117,29,76,19,116,19,116,28,76,28,ffffgffhteeee,from,0.5803361535072327,0.21917904225679544,0.5416880667209625,/content/outputs/inference/answersheet/model_finetune_640_results/res_7d5ba2a76bb8c2a06b46f90137cbfec2_jpg_0.pkl
253,37,310,51,253,37,309,37,309,50,253,50,tttete,that,0.6353572607040405,0.23775451382001242,0.4620569825172424,/content/outputs/inference/answersheet/model_finetune_640_results/res_7d5ba2a76bb8c2a06b46f90137cbfec2_jpg_1.pkl
256,191,302,204,256,191,301,191,301,203,256,203,weeteaararrr,with,0.5901966691017151,0.16653345773617426,0.46356631219387057,/content/outputs/inference/answersheet/model_finetune_640_results/res_7d5ba2a76bb8c2a06b46f90137cbfec2_jpg_2.pkl
104,82,157,96,106,82,155,82,155,94,106,94,aaaoteetae,date,0.5448502898216248,0.1581290304660797,0.4578640595078468,/content/outputs/inference/answersheet/model_finetune_640_results/res_7d5ba2a76bb8c2a06b46f90137cbfec2_jpg_3.pkl
314,180,371,192,314,180,370,180,370,191,314,191,eeedd,brice,0.6393625736236572,0.1403866618871689,0.3963940267761548,/content/outputs/inference/answersheet/model_finetune_640_results/res_7d5ba2a76bb8c2a06b46f90137cbfec2_jpg_4.pkl
214,93,238,104,216,93,237,93,237,103,216,103,gggggddddddddddddddddd,and,0.5346208214759827,0.2783895273777572,0.6199210304766893,/content/outputs/inference/answersheet/model_finetune_640_results/res_7d5ba2a76bb8c2a06b46f90137cbfec2_jpg_5.pkl
294,280,356,293,298,280,355,280,355,292,298,292,ggeyaaalntaaa,greath,0.5117339491844177,0.17963939618605834,0.3828266071421759,/content/outputs/inference/answersheet/model_finetune_640_results/res_7d5ba2a76bb8c2a06b46f90137cbfec2_jpg_6.pkl
257,112,306,125,257,112,305,112,305,124,257,124,yylbeeeetteeeaal,gread,0.6021847128868103,0.14425572846084833,0.3771900360782941,/content/outputs/inference/answersheet/model_finetune_640_results/res_7d5ba2a76bb8c2a06b46f90137cbfec2_jpg_7.pkl
209,151,234,164,209,151,233,151,233,163,209,163,ddddddddddddd,and,0.6545162796974182,0.4228256241633342,0.6548603102564812,/content/outputs/inference/answersheet/model_finetune_640_results/res_7d5ba2a76bb8c2a06b46f90137cbfec2_jpg_8.pkl
183,184,204,193,183,184,203,184,203,192,183,192,taaaaaantttttttt,the,0.7237713932991028,0.11144700087606907,0.5668926052749157,/content/outputs/inference/answersheet/model_finetune_640_results/res_7d5ba2a76bb8c2a06b46f90137cbfec2_jpg_9.pkl
189,18,208,27,189,18,207,18,207,26,189,26,aaateeeee,the,0.7020567655563354,0.2648434051209026,0.8245756104588509,/content/outputs/inference/answersheet/model_finetune_640_results/res_7d5ba2a76bb8c2a06b46f90137cbfec2_jpg_10.pkl
262,273,284,282,262,273,283,273,283,281,262,281,ttte,the,0.7138597369194031,0.12883345782756805,0.6842988915741444,/content/outputs/inference/answersheet/model_finetune_640_results/res_7d5ba2a76bb8c2a06b46f90137cbfec2_jpg_11.pkl
129,37,253,53,135,37,252,37,252,52,135,52,oeateeea,coffee,0.5877453684806824,0.15691300947219133,0.46353577077388763,/content/outputs/inference/answersheet/model_finetune_640_results/res_7d5ba2a76bb8c2a06b46f90137cbfec2_jpg_12.pkl
