218,59,283,72,223,59,282,59,282,71,223,71,ccgggaeeeeeeeed,get,0.5715208649635315,0.3205111826459567,0.4420941546559334,/content/outputs/inference/answersheet/model_finetune_640_results/res_a24d43597d2d8ea7f2661817c853cf46_jpg_0.pkl
65,57,134,73,67,57,133,57,133,72,67,72,aeeteyyeee,coffee,0.6077172756195068,0.33020414412021637,0.5623808588300433,/content/outputs/inference/answersheet/model_finetune_640_results/res_a24d43597d2d8ea7f2661817c853cf46_jpg_1.pkl
223,203,288,216,223,203,287,203,287,215,223,215,baaaege,brice,0.5207852721214294,0.3096100368670055,0.403030792872111,/content/outputs/inference/answersheet/model_finetune_640_results/res_a24d43597d2d8ea7f2661817c853cf46_jpg_2.pkl
245,103,284,116,245,103,283,103,283,115,245,115,aiasaaaauudddd,as,0.6376684308052063,0.2699127729449953,0.38649386415878934,/content/outputs/inference/answersheet/model_finetune_640_results/res_a24d43597d2d8ea7f2661817c853cf46_jpg_3.pkl
220,348,263,360,220,348,262,348,262,359,220,359,cccadddyyte,cade,0.5381816625595093,0.3143605955622413,0.5720213651657104,/content/outputs/inference/answersheet/model_finetune_640_results/res_a24d43597d2d8ea7f2661817c853cf46_jpg_4.pkl
221,313,294,326,221,313,293,313,293,325,221,325,antteeteeeeee,coffee,0.6145487427711487,0.31370129035069394,0.5400034157293183,/content/outputs/inference/answersheet/model_finetune_640_results/res_a24d43597d2d8ea7f2661817c853cf46_jpg_5.pkl
90,102,137,117,90,102,133,102,133,116,90,116,cteateeeee,coffee,0.6888994574546814,0.15096718519926072,0.5155569421393531,/content/outputs/inference/answersheet/model_finetune_640_results/res_a24d43597d2d8ea7f2661817c853cf46_jpg_6.pkl
266,237,330,249,266,237,328,237,328,247,266,247,arsadaa,from,0.5978819727897644,0.09190751239657402,0.5226007744669914,/content/outputs/inference/answersheet/model_finetune_640_results/res_a24d43597d2d8ea7f2661817c853cf46_jpg_7.pkl
40,3,65,17,40,3,64,3,64,16,40,16,dypp,of,0.7803827524185181,0.2462253775447607,0.6000772416591644,/content/outputs/inference/answersheet/model_finetune_640_results/res_a24d43597d2d8ea7f2661817c853cf46_jpg_8.pkl
70,260,114,271,70,260,113,260,113,270,70,270,aass,barking,0.5067217350006104,0.23496131412684917,0.4726262837648392,/content/outputs/inference/answersheet/model_finetune_640_results/res_a24d43597d2d8ea7f2661817c853cf46_jpg_9.pkl
63,27,120,40,63,27,119,27,119,39,63,39,ofdaattee,offee,0.8343807458877563,0.27844631175200146,0.7562884986400604,/content/outputs/inference/answersheet/model_finetune_640_results/res_a24d43597d2d8ea7f2661817c853cf46_jpg_10.pkl
89,91,173,106,89,93,172,93,172,105,89,105,coaifeoyeee,coffee,0.7894383072853088,0.27994382042776456,0.6622836823974337,/content/outputs/inference/answersheet/model_finetune_640_results/res_a24d43597d2d8ea7f2661817c853cf46_jpg_11.pkl
288,162,317,172,288,162,316,162,316,171,288,171,d,date,0.5621272921562195,0.08806546032428741,0.5041465878486633,/content/outputs/inference/answersheet/model_finetune_640_results/res_a24d43597d2d8ea7f2661817c853cf46_jpg_12.pkl
72,386,111,396,72,386,110,386,110,395,72,395,eee,from,0.5323925018310547,0.08298178265492122,0.5967242479324341,/content/outputs/inference/answersheet/model_finetune_640_results/res_a24d43597d2d8ea7f2661817c853cf46_jpg_13.pkl
158,26,242,39,158,26,239,26,239,38,158,38,oeeyeteeeeeeaood,the,0.6403870582580566,0.25738011253997684,0.5082920771092176,/content/outputs/inference/answersheet/model_finetune_640_results/res_a24d43597d2d8ea7f2661817c853cf46_jpg_14.pkl
319,316,341,326,319,316,340,316,340,325,319,325,ooaaaoooooo,to,0.5819408297538757,0.1863924657756632,0.668368416527907,/content/outputs/inference/answersheet/model_finetune_640_results/res_a24d43597d2d8ea7f2661817c853cf46_jpg_15.pkl
137,5,202,15,137,5,201,5,201,14,137,14,aetttteelt,can,0.6544557809829712,0.14009863808751105,0.23665640875697136,/content/outputs/inference/answersheet/model_finetune_640_results/res_a24d43597d2d8ea7f2661817c853cf46_jpg_16.pkl
111,137,165,151,111,137,162,137,162,150,111,150,ssstaateeedddy,stard,0.5645256042480469,0.22117627039551735,0.4730950693289439,/content/outputs/inference/answersheet/model_finetune_640_results/res_a24d43597d2d8ea7f2661817c853cf46_jpg_17.pkl
219,302,290,316,219,302,287,302,287,315,219,315,afceeveaadd,and,0.5301476120948792,0.34628310799598694,0.4359273910522461,/content/outputs/inference/answersheet/model_finetune_640_results/res_a24d43597d2d8ea7f2661817c853cf46_jpg_18.pkl
58,53,203,75,67,54,202,56,201,74,66,71,aeeeeoooo,coffee,0.5998737215995789,0.2149359964662128,0.4839632830449513,/content/outputs/inference/answersheet/model_finetune_640_results/res_a24d43597d2d8ea7f2661817c853cf46_jpg_19.pkl
82,5,105,14,82,5,104,5,104,13,82,13,ffftdoaah4hht,date,0.6237103343009949,0.17979526634399706,0.5382865935564041,/content/outputs/inference/answersheet/model_finetune_640_results/res_a24d43597d2d8ea7f2661817c853cf46_jpg_20.pkl
51,25,251,40,65,25,240,25,240,39,65,39,offeeeeeeeod,offee,0.6126532554626465,0.2489965632557869,0.5874577860037485,/content/outputs/inference/answersheet/model_finetune_640_results/res_a24d43597d2d8ea7f2661817c853cf46_jpg_21.pkl
75,3,117,15,75,3,116,3,116,14,75,14,ssssssssssgaeeeeeee,date,0.5652639269828796,0.29716202851973084,0.6090211972594262,/content/outputs/inference/answersheet/model_finetune_640_results/res_a24d43597d2d8ea7f2661817c853cf46_jpg_22.pkl
173,281,205,294,173,281,204,281,204,293,173,293,tteeeeeeeeeeedededeeeedee,the,0.7508887052536011,0.2556701922416687,0.6014403477311134,/content/outputs/inference/answersheet/model_finetune_640_results/res_a24d43597d2d8ea7f2661817c853cf46_jpg_23.pkl
253,359,308,370,256,359,307,359,307,369,256,369,llsssaoe,sale,0.6109066009521484,0.2592249922454357,0.5677180498838424,/content/outputs/inference/answersheet/model_finetune_640_results/res_a24d43597d2d8ea7f2661817c853cf46_jpg_24.pkl
169,272,250,285,169,272,249,272,249,284,169,284,sseeoeeee,sender,0.564166247844696,0.16169503165615928,0.6056629802499499,/content/outputs/inference/answersheet/model_finetune_640_results/res_a24d43597d2d8ea7f2661817c853cf46_jpg_25.pkl
218,292,253,305,218,292,252,292,252,304,218,304,tcouuouudddoddo,out,0.7961155772209167,0.3189732442299525,0.458575788885355,/content/outputs/inference/answersheet/model_finetune_640_results/res_a24d43597d2d8ea7f2661817c853cf46_jpg_26.pkl
312,162,361,171,312,162,358,162,358,170,312,170,eeeeiiiiedddh,from,0.512610673904419,0.22835542318912652,0.5835302650928498,/content/outputs/inference/answersheet/model_finetune_640_results/res_a24d43597d2d8ea7f2661817c853cf46_jpg_27.pkl
75,183,104,193,75,183,103,183,103,192,75,192,att,from,0.5319229364395142,0.19400019447008768,0.5549698695540428,/content/outputs/inference/answersheet/model_finetune_640_results/res_a24d43597d2d8ea7f2661817c853cf46_jpg_28.pkl
130,213,198,227,132,215,196,215,196,225,132,225,daateeeedtd,from,0.5786598324775696,0.1628680940378796,0.5615002170205117,/content/outputs/inference/answersheet/model_finetune_640_results/res_a24d43597d2d8ea7f2661817c853cf46_jpg_29.pkl
208,26,239,39,208,26,238,26,238,38,208,38,iod,and,0.8308536410331726,0.3576716184616089,0.6446087826043367,/content/outputs/inference/answersheet/model_finetune_640_results/res_a24d43597d2d8ea7f2661817c853cf46_jpg_30.pkl
