237,168,298,180,237,168,297,168,297,179,237,179,faae,the,0.6653255224227905,0.16985476203262806,0.35403609462082386,/content/outputs/inference/answersheet/model_finetune_640_results/res_21379537485f853f4faef68656b0ab5d_jpg_0.pkl
123,123,171,133,123,123,169,123,169,131,123,131,eccccggggoyttteeseee,coster,0.6092748641967773,0.2005578439682722,0.588857080255236,/content/outputs/inference/answersheet/model_finetune_640_results/res_21379537485f853f4faef68656b0ab5d_jpg_1.pkl
184,146,242,160,184,146,241,146,241,159,184,159,aaaaaooepaeeeeeeeee,from,0.6406580209732056,0.23128261809286318,0.5865113243460656,/content/outputs/inference/answersheet/model_finetune_640_results/res_21379537485f853f4faef68656b0ab5d_jpg_2.pkl
212,123,309,136,212,125,308,125,308,135,212,135,aeeeaaaaee,restribar,0.6500735282897949,0.1916117176413536,0.387378790974617,/content/outputs/inference/answersheet/model_finetune_640_results/res_21379537485f853f4faef68656b0ab5d_jpg_3.pkl
133,209,201,223,133,209,200,209,200,222,133,222,tpeeeeeee,from,0.5611100196838379,0.17933675977918836,0.444682477414608,/content/outputs/inference/answersheet/model_finetune_640_results/res_21379537485f853f4faef68656b0ab5d_jpg_4.pkl
121,113,161,123,121,113,160,113,160,122,121,122,at,from,0.7104968428611755,0.16635771840810776,0.5666738361120224,/content/outputs/inference/answersheet/model_finetune_640_results/res_21379537485f853f4faef68656b0ab5d_jpg_5.pkl
113,12,150,23,113,12,149,12,149,22,113,22,ffffeeeeeeeeee,breader,0.5036454200744629,0.2337509851370539,0.3825006615370512,/content/outputs/inference/answersheet/model_finetune_640_results/res_21379537485f853f4faef68656b0ab5d_jpg_6.pkl
48,14,101,24,50,14,100,14,100,23,50,23,fdaaeytteee,from,0.6783458590507507,0.1275044937025417,0.5821350514888763,/content/outputs/inference/answersheet/model_finetune_640_results/res_21379537485f853f4faef68656b0ab5d_jpg_7.pkl
197,346,223,355,197,346,222,346,222,354,197,354,ffsaaaaaaaaaaaaeeeeeeeeeeeeee,sender,0.5100446343421936,0.1246497900835399,0.503305447953088,/content/outputs/inference/answersheet/model_finetune_640_results/res_21379537485f853f4faef68656b0ab5d_jpg_8.pkl
217,322,269,333,220,322,268,322,268,332,220,332,ooooeeeeaags,from,0.6023784875869751,0.1192345308760802,0.6057327285408973,/content/outputs/inference/answersheet/model_finetune_640_results/res_21379537485f853f4faef68656b0ab5d_jpg_9.pkl
188,13,213,22,188,13,212,13,212,21,188,21,toe,the,0.537563145160675,0.1859420264760653,0.6477768681943417,/content/outputs/inference/answersheet/model_finetune_640_results/res_21379537485f853f4faef68656b0ab5d_jpg_10.pkl
175,124,206,136,175,124,205,124,205,135,175,135,ayyyy,from,0.7628268599510193,0.4018757984042168,0.642539206892252,/content/outputs/inference/answersheet/model_finetune_640_results/res_21379537485f853f4faef68656b0ab5d_jpg_11.pkl
86,135,108,145,86,135,107,135,107,144,86,144,dddaaaaaaaaaaaaaaaaaaaaaaaaeeaeaaaeaeaas,from,0.642922043800354,0.1117651293054223,0.6245569884777069,/content/outputs/inference/answersheet/model_finetune_640_results/res_21379537485f853f4faef68656b0ab5d_jpg_12.pkl
23,88,56,105,23,88,55,88,55,104,23,104,aai,jay,0.7134841084480286,0.18664166827996573,0.6107289344072342,/content/outputs/inference/answersheet/model_finetune_640_results/res_21379537485f853f4faef68656b0ab5d_jpg_13.pkl
85,125,110,136,85,125,109,125,109,135,85,135,fffeeaaayyy,sale,0.6321485042572021,0.21128136055036026,0.35697306096553805,/content/outputs/inference/answersheet/model_finetune_640_results/res_21379537485f853f4faef68656b0ab5d_jpg_14.pkl
49,14,77,23,49,14,76,14,76,22,49,22,aaafteeeeee,from,0.5833711624145508,0.3193226314403794,0.6521747291088105,/content/outputs/inference/answersheet/model_finetune_640_results/res_21379537485f853f4faef68656b0ab5d_jpg_15.pkl
218,126,248,135,218,126,247,126,247,134,218,134,ffeeaeaaeare,for,0.5563302636146545,0.14547625370323658,0.5177894458174706,/content/outputs/inference/answersheet/model_finetune_640_results/res_21379537485f853f4faef68656b0ab5d_jpg_16.pkl
156,322,215,334,156,322,214,322,214,333,156,333,obtfeelatae,coffee,0.6071380376815796,0.203917418691245,0.3917123866932733,/content/outputs/inference/answersheet/model_finetune_640_results/res_21379537485f853f4faef68656b0ab5d_jpg_17.pkl
217,124,269,135,217,124,268,124,268,134,217,134,eaaaaaaaaaeeee,from,0.8252230286598206,0.17773759844047682,0.588988596200943,/content/outputs/inference/answersheet/model_finetune_640_results/res_21379537485f853f4faef68656b0ab5d_jpg_18.pkl
166,324,191,333,166,324,190,324,190,332,166,332,ffffl,from,0.5423842668533325,0.2950619235634804,0.6670540988445282,/content/outputs/inference/answersheet/model_finetune_640_results/res_21379537485f853f4faef68656b0ab5d_jpg_19.pkl
326,124,346,135,326,124,345,124,345,134,326,134,sssahtttttt,sat,0.6879528164863586,0.3198859000747854,0.5216455832123756,/content/outputs/inference/answersheet/model_finetune_640_results/res_21379537485f853f4faef68656b0ab5d_jpg_20.pkl
223,333,245,343,225,333,244,333,244,342,225,342,aaaasssosossooyyyyyyyyttttt,say,0.5643421411514282,0.2881971001625061,0.3951321952044964,/content/outputs/inference/answersheet/model_finetune_640_results/res_21379537485f853f4faef68656b0ab5d_jpg_21.pkl
219,147,243,156,219,147,242,147,242,155,219,155,adaaaaaweeeeeeeeeeeeeeeeeeeee,the,0.6038075685501099,0.31753774269901475,0.6899062879383564,/content/outputs/inference/answersheet/model_finetune_640_results/res_21379537485f853f4faef68656b0ab5d_jpg_22.pkl
312,58,354,70,312,58,353,58,353,69,312,69,kfecmeooeoeooeeooeeeemmmmmmmmmmmmmmmmmmmmee,from,0.5333954691886902,0.13358587433778962,0.6677628412842751,/content/outputs/inference/answersheet/model_finetune_640_results/res_21379537485f853f4faef68656b0ab5d_jpg_23.pkl
331,12,364,27,331,12,363,12,363,26,331,26,aaaamfttttt,your,0.6242973804473877,0.3326151818037033,0.6052247732877731,/content/outputs/inference/answersheet/model_finetune_640_results/res_21379537485f853f4faef68656b0ab5d_jpg_24.pkl
220,324,246,333,220,324,245,324,245,332,220,332,asshhaeee,from,0.6377636790275574,0.15229236251778072,0.5966275319457054,/content/outputs/inference/answersheet/model_finetune_640_results/res_21379537485f853f4faef68656b0ab5d_jpg_25.pkl
