235,241,289,255,238,241,288,241,288,254,238,254,aitttaaaadde,station,0.6222277879714966,0.27365428768098354,0.5031719263643026,/content/outputs/inference/answersheet/model_finetune_640_results/res_600dfc3a5db329318b2e6944bbc05f04_jpg_0.pkl
53,65,138,77,53,65,136,65,136,75,53,75,tabaaaaaaaaaae,sale,0.6528799533843994,0.20158703039799417,0.3083082765340805,/content/outputs/inference/answersheet/model_finetune_640_results/res_600dfc3a5db329318b2e6944bbc05f04_jpg_1.pkl
2,9,46,21,4,9,44,9,44,19,4,19,aotlareeeo,only,0.689311683177948,0.21461522355675697,0.34103852808475493,/content/outputs/inference/answersheet/model_finetune_640_results/res_600dfc3a5db329318b2e6944bbc05f04_jpg_2.pkl
133,321,214,334,136,321,213,321,213,333,136,333,eaaaaeedd,coffee,0.5559496283531189,0.17106910712189144,0.4027480036020279,/content/outputs/inference/answersheet/model_finetune_640_results/res_600dfc3a5db329318b2e6944bbc05f04_jpg_3.pkl
96,21,118,31,96,21,117,21,117,30,96,30,aeh,the,0.5544594526290894,0.20572191973527273,0.7886416837573051,/content/outputs/inference/answersheet/model_finetune_640_results/res_600dfc3a5db329318b2e6944bbc05f04_jpg_4.pkl
156,153,224,166,156,153,223,153,223,165,156,165,dddyktooeeckkkckd,off,0.7238978743553162,0.36111946973730535,0.4483610764145851,/content/outputs/inference/answersheet/model_finetune_640_results/res_600dfc3a5db329318b2e6944bbc05f04_jpg_5.pkl
141,132,163,141,141,132,162,132,162,140,141,140,4ao,for,0.5056393146514893,0.18031144638856253,0.5816941149532795,/content/outputs/inference/answersheet/model_finetune_640_results/res_600dfc3a5db329318b2e6944bbc05f04_jpg_6.pkl
198,235,221,243,198,235,220,235,220,242,198,242,teeeeeetttttt,come,0.5588487982749939,0.21973043565566724,0.3962079733610153,/content/outputs/inference/answersheet/model_finetune_640_results/res_600dfc3a5db329318b2e6944bbc05f04_jpg_7.pkl
215,200,244,210,215,200,243,200,243,209,215,209,aaaaaaaaaattttttttttihaa,the,0.6902154684066772,0.1918647981559237,0.6126455776393414,/content/outputs/inference/answersheet/model_finetune_640_results/res_600dfc3a5db329318b2e6944bbc05f04_jpg_8.pkl
184,132,203,139,184,132,202,132,202,138,184,138,ffdddrrrreeeeeeeeeeyneynnyynnyyy,for,0.6047558188438416,0.21813079784624279,0.623109083622694,/content/outputs/inference/answersheet/model_finetune_640_results/res_600dfc3a5db329318b2e6944bbc05f04_jpg_9.pkl
