231,12,295,23,231,12,293,12,293,21,231,21,foatttoeaaaee,from,0.7351006865501404,0.18179534146418938,0.6633089423179627,/content/outputs/inference/answersheet/model_finetune_640_results/res_f1b92c4e8df7321b1d955f4495a8e851_jpg_0.pkl
315,51,358,64,315,51,355,51,355,63,315,63,feeeessea,ressageid,0.5469982624053955,0.20524038126071295,0.5993894182145596,/content/outputs/inference/answersheet/model_finetune_640_results/res_f1b92c4e8df7321b1d955f4495a8e851_jpg_1.pkl
322,10,369,26,322,12,368,12,368,25,322,25,eneeamaipe,and,0.7580827474594116,0.1072891667485237,0.37863986752927303,/content/outputs/inference/answersheet/model_finetune_640_results/res_f1b92c4e8df7321b1d955f4495a8e851_jpg_2.pkl
53,13,103,26,55,13,102,13,102,25,55,25,assssasttllllleleaaaallkkkoseeemeee,sale,0.544037938117981,0.13405504439558302,0.38235642611980436,/content/outputs/inference/answersheet/model_finetune_640_results/res_f1b92c4e8df7321b1d955f4495a8e851_jpg_3.pkl
54,14,81,25,54,14,80,14,80,24,54,24,ssseeooaaattatllllllllllllalddkkk,sender,0.5470307469367981,0.14408044121933705,0.544269649045808,/content/outputs/inference/answersheet/model_finetune_640_results/res_f1b92c4e8df7321b1d955f4495a8e851_jpg_4.pkl
331,363,370,376,331,363,369,363,369,375,331,375,at,town,0.562204897403717,0.1701406091451645,0.5986996024847031,/content/outputs/inference/answersheet/model_finetune_640_results/res_f1b92c4e8df7321b1d955f4495a8e851_jpg_5.pkl
138,340,161,351,138,340,160,340,160,350,138,350,tfffhhfe,the,0.6024336218833923,0.17246476002037525,0.6165933758020401,/content/outputs/inference/answersheet/model_finetune_640_results/res_f1b92c4e8df7321b1d955f4495a8e851_jpg_6.pkl
120,12,146,20,120,12,145,12,145,19,120,19,cccccccccooaaaaasaaaaaaaheheeanne,come,0.5577161312103271,0.13989330037976755,0.43537444770336153,/content/outputs/inference/answersheet/model_finetune_640_results/res_f1b92c4e8df7321b1d955f4495a8e851_jpg_7.pkl
285,207,343,220,285,207,342,207,342,219,285,219,eeaaalffaeaaaaa,from,0.5600864291191101,0.1375219628214836,0.543241274356842,/content/outputs/inference/answersheet/model_finetune_640_results/res_f1b92c4e8df7321b1d955f4495a8e851_jpg_8.pkl
294,178,315,188,294,178,314,178,314,187,294,187,al,bark,0.570999026298523,0.16131022572517395,0.4418919742107391,/content/outputs/inference/answersheet/model_finetune_640_results/res_f1b92c4e8df7321b1d955f4495a8e851_jpg_9.pkl
138,386,236,396,144,386,235,386,235,395,144,395,opetteeeeeee,for,0.6089266538619995,0.1920772877832254,0.36501645762473345,/content/outputs/inference/answersheet/model_finetune_640_results/res_f1b92c4e8df7321b1d955f4495a8e851_jpg_10.pkl
150,12,167,22,150,12,166,12,166,21,150,21,wwe,the,0.5112397074699402,0.10007962584495544,0.6640575081110001,/content/outputs/inference/answersheet/model_finetune_640_results/res_f1b92c4e8df7321b1d955f4495a8e851_jpg_11.pkl
191,12,223,21,191,12,222,12,222,20,191,20,eeeeeeeeeeeeeeeeee,the,0.7424704432487488,0.3047183156013489,0.5571552403271198,/content/outputs/inference/answersheet/model_finetune_640_results/res_f1b92c4e8df7321b1d955f4495a8e851_jpg_12.pkl
108,354,133,365,108,354,132,354,132,364,108,364,faaaafnannennnnnnnne,from,0.5123916864395142,0.1365018744021654,0.6276847541332244,/content/outputs/inference/answersheet/model_finetune_640_results/res_f1b92c4e8df7321b1d955f4495a8e851_jpg_13.pkl
