284,19,357,32,284,19,356,19,356,31,284,31,detlsoaaiiie,reshards,0.8102677464485168,0.18859186706443629,0.5220356616708968,/content/outputs/inference/answersheet/model_finetune_640_results/res_bd9cddff89c909926f380c6bd40fb85b_jpg_0.pkl
202,208,244,221,202,208,243,208,243,220,202,220,afihhhiiesd,lines,0.8089610934257507,0.21965384483337402,0.6380035430192947,/content/outputs/inference/answersheet/model_finetune_640_results/res_bd9cddff89c909926f380c6bd40fb85b_jpg_1.pkl
202,173,245,188,202,173,244,173,244,187,202,187,444tatadwu,the,0.666562557220459,0.1760801561176777,0.384205661714077,/content/outputs/inference/answersheet/model_finetune_640_results/res_bd9cddff89c909926f380c6bd40fb85b_jpg_2.pkl
239,20,283,31,239,20,282,20,282,30,239,30,dee,subject,0.5420445799827576,0.09359812488158543,0.5084490142762661,/content/outputs/inference/answersheet/model_finetune_640_results/res_bd9cddff89c909926f380c6bd40fb85b_jpg_3.pkl
363,185,407,199,363,185,406,185,406,198,363,198,ddddddsdmfaaiiiaaas,from,0.6260973215103149,0.16877346642707525,0.5723974727094173,/content/outputs/inference/answersheet/model_finetune_640_results/res_bd9cddff89c909926f380c6bd40fb85b_jpg_4.pkl
216,60,244,68,216,60,243,60,243,67,216,67,rmmmmmmmmmeaatteeeeeeeee,from,0.7584124803543091,0.3045494183897972,0.6744961053133011,/content/outputs/inference/answersheet/model_finetune_640_results/res_bd9cddff89c909926f380c6bd40fb85b_jpg_5.pkl
33,265,70,280,33,267,69,267,69,279,33,279,aae,sale,0.6787885427474976,0.19269938270250955,0.5964814558625221,/content/outputs/inference/answersheet/model_finetune_640_results/res_bd9cddff89c909926f380c6bd40fb85b_jpg_6.pkl
193,234,235,247,193,234,234,234,234,246,193,246,eseseaaee,coffee,0.5695734620094299,0.17595970630645752,0.4205494863646371,/content/outputs/inference/answersheet/model_finetune_640_results/res_bd9cddff89c909926f380c6bd40fb85b_jpg_7.pkl
80,53,109,64,80,53,108,53,108,63,80,63,staasssas,the,0.7165013551712036,0.18834181295500863,0.5023372322320938,/content/outputs/inference/answersheet/model_finetune_640_results/res_bd9cddff89c909926f380c6bd40fb85b_jpg_8.pkl
80,19,110,30,80,19,109,19,109,29,80,29,fee,the,0.7724646329879761,0.23937906324863434,0.6772942021489143,/content/outputs/inference/answersheet/model_finetune_640_results/res_bd9cddff89c909926f380c6bd40fb85b_jpg_9.pkl
110,22,135,29,110,22,134,22,134,28,110,28,tttteeedeeee,from,0.7935007810592651,0.21481889362136522,0.6387067168951035,/content/outputs/inference/answersheet/model_finetune_640_results/res_bd9cddff89c909926f380c6bd40fb85b_jpg_10.pkl
106,20,156,30,106,20,155,20,155,29,106,29,baaeee,from,0.5297752618789673,0.12080879633625348,0.6376099616289139,/content/outputs/inference/answersheet/model_finetune_640_results/res_bd9cddff89c909926f380c6bd40fb85b_jpg_11.pkl
142,22,173,31,142,22,172,22,172,30,142,30,elggggggeyype,from,0.688230574131012,0.16727544080752593,0.6104038208723068,/content/outputs/inference/answersheet/model_finetune_640_results/res_bd9cddff89c909926f380c6bd40fb85b_jpg_12.pkl
136,122,159,130,136,122,158,122,158,129,136,129,he,the,0.63285231590271,0.25435010343790054,0.6149594374001026,/content/outputs/inference/answersheet/model_finetune_640_results/res_bd9cddff89c909926f380c6bd40fb85b_jpg_13.pkl
126,52,170,65,128,52,169,52,169,64,128,64,dsdde,date,0.5858372449874878,0.24562110751867294,0.5136830061674118,/content/outputs/inference/answersheet/model_finetune_640_results/res_bd9cddff89c909926f380c6bd40fb85b_jpg_14.pkl
84,266,108,275,84,266,107,266,107,274,84,274,aaaa,and,0.6298942565917969,0.23785317689180374,0.5434264652431011,/content/outputs/inference/answersheet/model_finetune_640_results/res_bd9cddff89c909926f380c6bd40fb85b_jpg_15.pkl
354,208,411,221,354,208,409,208,409,219,354,219,ateaed,restard,0.5209492444992065,0.1832497219244639,0.43900562077760696,/content/outputs/inference/answersheet/model_finetune_640_results/res_bd9cddff89c909926f380c6bd40fb85b_jpg_16.pkl
30,354,60,364,30,354,59,354,59,363,30,363,atttaaitttee,sale,0.621815025806427,0.3304870401819547,0.5993915498256683,/content/outputs/inference/answersheet/model_finetune_640_results/res_bd9cddff89c909926f380c6bd40fb85b_jpg_17.pkl
172,19,205,31,172,19,204,19,204,30,172,30,ttttttssee,from,0.6223341226577759,0.2574096158146858,0.5691997349262238,/content/outputs/inference/answersheet/model_finetune_640_results/res_bd9cddff89c909926f380c6bd40fb85b_jpg_18.pkl
243,89,265,101,243,89,264,89,264,100,243,100,tttteee,the,0.552008330821991,0.12430790386029653,0.6010211631655693,/content/outputs/inference/answersheet/model_finetune_640_results/res_bd9cddff89c909926f380c6bd40fb85b_jpg_19.pkl
80,98,113,108,80,98,109,98,109,107,80,107,faarfee,from,0.5447527766227722,0.2466776700956481,0.6382168412208558,/content/outputs/inference/answersheet/model_finetune_640_results/res_bd9cddff89c909926f380c6bd40fb85b_jpg_20.pkl
309,57,370,71,309,57,369,57,369,70,309,70,ese,recoffee,0.7797785401344299,0.18514154851436615,0.5243473541405466,/content/outputs/inference/answersheet/model_finetune_640_results/res_bd9cddff89c909926f380c6bd40fb85b_jpg_21.pkl
346,59,371,68,346,59,370,59,370,67,346,67,dereeeeee,the,0.6704297661781311,0.18895167277918923,0.5792369395494461,/content/outputs/inference/answersheet/model_finetune_640_results/res_bd9cddff89c909926f380c6bd40fb85b_jpg_22.pkl
