79,84,121,96,79,84,118,84,118,95,79,95,nlliaaeeeeeffff,date,0.5772961378097534,0.2121425226330757,0.5901095665991306,/content/outputs/inference/answersheet/model_finetune_640_results/res_3a6a46380963bf839e5f2a7084a3e831_jpg_0.pkl
119,382,211,395,119,382,205,382,205,393,119,393,talptseaan,teaster,0.6041684150695801,0.2561608895659447,0.4864639062434435,/content/outputs/inference/answersheet/model_finetune_640_results/res_3a6a46380963bf839e5f2a7084a3e831_jpg_1.pkl
77,116,112,129,77,116,111,116,111,128,77,128,ana,from,0.788548469543457,0.1434840535124143,0.6110791653394699,/content/outputs/inference/answersheet/model_finetune_640_results/res_3a6a46380963bf839e5f2a7084a3e831_jpg_2.pkl
199,40,220,49,201,40,217,40,217,48,201,48,eeeeeed,ed,0.6673319339752197,0.3238400157008852,0.5177102982997894,/content/outputs/inference/answersheet/model_finetune_640_results/res_3a6a46380963bf839e5f2a7084a3e831_jpg_3.pkl
316,148,381,162,316,148,379,148,379,160,316,160,lteeeeeded,from,0.5613430142402649,0.1490349791944027,0.49353382736444473,/content/outputs/inference/answersheet/model_finetune_640_results/res_3a6a46380963bf839e5f2a7084a3e831_jpg_4.pkl
271,60,288,69,271,60,287,60,287,68,271,68,eeeed,the,0.7789413332939148,0.25766329765319823,0.5669361241161823,/content/outputs/inference/answersheet/model_finetune_640_results/res_3a6a46380963bf839e5f2a7084a3e831_jpg_5.pkl
289,338,355,351,291,338,354,338,354,350,291,350,attees,restation,0.5533270835876465,0.24005450308322906,0.636328935623169,/content/outputs/inference/answersheet/model_finetune_640_results/res_3a6a46380963bf839e5f2a7084a3e831_jpg_6.pkl
245,41,265,50,245,41,264,41,264,49,245,49,f44efgeeeeeefeeeeeeeeeeeeeeeeeeaeeeeeerrrrrhhthhhhetehthtehtteeete,for,0.8337234854698181,0.1713796125894243,0.687511496245861,/content/outputs/inference/answersheet/model_finetune_640_results/res_3a6a46380963bf839e5f2a7084a3e831_jpg_7.pkl
278,116,322,128,280,116,320,116,320,126,280,126,dsstttta,the,0.5348691940307617,0.17435512505471706,0.5225398503243923,/content/outputs/inference/answersheet/model_finetune_640_results/res_3a6a46380963bf839e5f2a7084a3e831_jpg_8.pkl
177,40,192,49,177,40,191,40,191,48,177,48,90dodddd,for,0.6269272565841675,0.17841322999447584,0.6675095930695534,/content/outputs/inference/answersheet/model_finetune_640_results/res_3a6a46380963bf839e5f2a7084a3e831_jpg_9.pkl
129,129,153,140,129,129,150,129,150,139,129,139,ftvnvvmmvmvvttae,and,0.6635812520980835,0.20505034923553467,0.5590956769883633,/content/outputs/inference/answersheet/model_finetune_640_results/res_3a6a46380963bf839e5f2a7084a3e831_jpg_10.pkl
145,37,223,51,145,37,218,37,218,50,145,50,1oeeeetddeed,more,0.536429226398468,0.39914465323090553,0.5623712241649628,/content/outputs/inference/answersheet/model_finetune_640_results/res_3a6a46380963bf839e5f2a7084a3e831_jpg_11.pkl
166,119,184,128,166,119,183,119,183,127,166,127,aaaaaadee,apr,0.5190486311912537,0.24256116979651982,0.5713254734873772,/content/outputs/inference/answersheet/model_finetune_640_results/res_3a6a46380963bf839e5f2a7084a3e831_jpg_12.pkl
182,84,225,95,184,84,224,84,224,94,184,94,eedelee,from,0.5583813190460205,0.13011511308806284,0.5991016760468483,/content/outputs/inference/answersheet/model_finetune_640_results/res_3a6a46380963bf839e5f2a7084a3e831_jpg_13.pkl
138,37,162,50,138,37,161,37,161,49,138,49,ft111po,to,0.6354121565818787,0.33701288061482565,0.4787448247273763,/content/outputs/inference/answersheet/model_finetune_640_results/res_3a6a46380963bf839e5f2a7084a3e831_jpg_14.pkl
115,117,141,127,115,117,140,117,140,126,115,126,tgoae,from,0.7006587982177734,0.16886994987726212,0.666733306646347,/content/outputs/inference/answersheet/model_finetune_640_results/res_3a6a46380963bf839e5f2a7084a3e831_jpg_15.pkl
168,16,189,25,170,16,188,16,188,24,170,24,ffffffffffyy,for,0.8225154280662537,0.41205746804674465,0.7456809505820274,/content/outputs/inference/answersheet/model_finetune_640_results/res_3a6a46380963bf839e5f2a7084a3e831_jpg_16.pkl
216,61,236,71,216,61,235,61,235,70,216,70,fefyee,you,0.5080753564834595,0.11950786784291267,0.6153585389256477,/content/outputs/inference/answersheet/model_finetune_640_results/res_3a6a46380963bf839e5f2a7084a3e831_jpg_17.pkl
175,130,199,139,175,130,198,130,198,138,175,138,baaaaeeeeee,breads,0.5433120131492615,0.14724053103815427,0.4325531614678247,/content/outputs/inference/answersheet/model_finetune_640_results/res_3a6a46380963bf839e5f2a7084a3e831_jpg_18.pkl
212,17,230,25,212,17,229,17,229,24,212,24,aeeeee,the,0.7842225432395935,0.13215911760926247,0.6965595707297325,/content/outputs/inference/answersheet/model_finetune_640_results/res_3a6a46380963bf839e5f2a7084a3e831_jpg_19.pkl
22,193,56,206,22,193,55,193,55,205,22,205,taa,the,0.52666175365448,0.24600082884232202,0.567067876458168,/content/outputs/inference/answersheet/model_finetune_640_results/res_3a6a46380963bf839e5f2a7084a3e831_jpg_20.pkl
102,275,128,283,102,275,127,275,127,282,102,282,eeeefee,ever,0.5950468182563782,0.12856712085860117,0.5206802368164063,/content/outputs/inference/answersheet/model_finetune_640_results/res_3a6a46380963bf839e5f2a7084a3e831_jpg_21.pkl
