243,11,295,21,243,11,294,11,294,20,243,20,eeeedddddd,from,0.5025258660316467,0.15936748385429383,0.5156831204891205,/content/outputs/inference/answersheet/model_finetune_640_results/res_fcc88914085351cf593c6eb8be0a424e_jpg_0.pkl
270,211,327,223,270,211,326,211,326,222,270,222,aaed,from,0.5002021193504333,0.10912825353443623,0.5803073734045029,/content/outputs/inference/answersheet/model_finetune_640_results/res_fcc88914085351cf593c6eb8be0a424e_jpg_1.pkl
62,11,90,21,62,11,87,11,87,20,62,20,acccoaaaaaseeyyyyy,come,0.5831794142723083,0.22931749994556108,0.3897646129131317,/content/outputs/inference/answersheet/model_finetune_640_results/res_fcc88914085351cf593c6eb8be0a424e_jpg_2.pkl
43,0,99,13,43,0,96,0,96,12,43,12,eryeey,coffee,0.6168369650840759,0.10388470316926639,0.4823656678199768,/content/outputs/inference/answersheet/model_finetune_640_results/res_fcc88914085351cf593c6eb8be0a424e_jpg_3.pkl
280,390,299,398,280,390,298,390,298,397,280,397,adaeheeeeeeeeeeeeee,the,0.6027190685272217,0.12134426753771932,0.5654385834932327,/content/outputs/inference/answersheet/model_finetune_640_results/res_fcc88914085351cf593c6eb8be0a424e_jpg_4.pkl
62,35,91,45,62,35,90,35,90,44,62,44,fffccgggggggfgggnneaeae,from,0.6249969005584717,0.18028547258480734,0.6431744575500489,/content/outputs/inference/answersheet/model_finetune_640_results/res_fcc88914085351cf593c6eb8be0a424e_jpg_5.pkl
174,12,194,22,174,12,193,12,193,21,174,21,eee,bread,0.7599139213562012,0.10657324145237605,0.4611985683441162,/content/outputs/inference/answersheet/model_finetune_640_results/res_fcc88914085351cf593c6eb8be0a424e_jpg_6.pkl
59,187,147,201,64,189,146,189,146,200,64,200,ttaaeeode,school,0.6554580926895142,0.1658433477083842,0.45117207510130747,/content/outputs/inference/answersheet/model_finetune_640_results/res_fcc88914085351cf593c6eb8be0a424e_jpg_7.pkl
144,211,166,222,144,211,165,211,165,221,144,221,eefepgnaaaaff,from,0.7137373089790344,0.1098594178373997,0.6110440909862518,/content/outputs/inference/answersheet/model_finetune_640_results/res_fcc88914085351cf593c6eb8be0a424e_jpg_8.pkl
118,209,147,220,118,209,146,209,146,219,118,219,yyyygygpppgpgggggggagyaaaaaaaaaaaaaalettt,from,0.6215476393699646,0.149543211590953,0.5006004512310028,/content/outputs/inference/answersheet/model_finetune_640_results/res_fcc88914085351cf593c6eb8be0a424e_jpg_9.pkl
199,12,221,22,199,12,220,12,220,21,199,21,faodyy,sender,0.6082092523574829,0.14073203379909197,0.5538952010018485,/content/outputs/inference/answersheet/model_finetune_640_results/res_fcc88914085351cf593c6eb8be0a424e_jpg_10.pkl
87,11,122,22,87,11,121,11,121,21,87,21,aaea,barken,0.681322455406189,0.09322608448565006,0.3329600670507976,/content/outputs/inference/answersheet/model_finetune_640_results/res_fcc88914085351cf593c6eb8be0a424e_jpg_11.pkl
166,33,189,42,166,33,188,33,188,41,166,41,ddtttbtbttbbbttbbbbbseeeeeeeeede,from,0.509225070476532,0.14444076782092452,0.6023843720555305,/content/outputs/inference/answersheet/model_finetune_640_results/res_fcc88914085351cf593c6eb8be0a424e_jpg_12.pkl
60,232,80,244,60,232,79,232,79,243,60,243,te,the,0.5307121872901917,0.09043065831065178,0.6712707988917828,/content/outputs/inference/answersheet/model_finetune_640_results/res_fcc88914085351cf593c6eb8be0a424e_jpg_13.pkl
160,187,211,202,160,189,210,189,210,201,160,201,ahpaaaaaaaaem,the,0.5464637279510498,0.09354499440926772,0.4232573825865984,/content/outputs/inference/answersheet/model_finetune_640_results/res_fcc88914085351cf593c6eb8be0a424e_jpg_14.pkl
135,190,154,201,135,190,153,190,153,200,135,200,haddohhhhh,of,0.5894568562507629,0.09873977303504944,0.414960116147995,/content/outputs/inference/answersheet/model_finetune_640_results/res_fcc88914085351cf593c6eb8be0a424e_jpg_15.pkl
181,190,209,200,181,190,208,190,208,199,181,199,aaaaaaaaoonme,come,0.6620889902114868,0.12411239915169202,0.3175929203629494,/content/outputs/inference/answersheet/model_finetune_640_results/res_fcc88914085351cf593c6eb8be0a424e_jpg_16.pkl
