331,275,379,288,331,275,378,275,378,287,331,287,fffffggae,from,0.8192689418792725,0.28577110005749595,0.6596695005893707,/content/outputs/inference/answersheet/model_finetune_640_results/res_CG21248_pdf_2_jpg_0.pkl
251,246,323,258,251,246,322,246,322,257,251,257,yyedeaddee,from,0.827617347240448,0.19460969269275666,0.5709667816758156,/content/outputs/inference/answersheet/model_finetune_640_results/res_CG21248_pdf_2_jpg_1.pkl
258,256,324,267,258,256,323,256,323,266,258,266,eeseaaaaaaaae,sender,0.7154620289802551,0.19667573559742707,0.5396132149866649,/content/outputs/inference/answersheet/model_finetune_640_results/res_CG21248_pdf_2_jpg_2.pkl
183,275,230,287,183,275,229,275,229,286,183,286,seatesd,sender,0.6686053276062012,0.1424596437386104,0.5406968700034278,/content/outputs/inference/answersheet/model_finetune_640_results/res_CG21248_pdf_2_jpg_3.pkl
158,331,196,344,158,331,195,331,195,343,158,343,eaaay,message,0.6247143745422363,0.25875561833381655,0.5871646432206035,/content/outputs/inference/answersheet/model_finetune_640_results/res_CG21248_pdf_2_jpg_4.pkl
292,278,316,287,292,278,315,278,315,286,292,286,aaaaaaaaaaaaaasnyyaaaa,sale,0.6649658679962158,0.16178186068480666,0.47073052227497103,/content/outputs/inference/answersheet/model_finetune_640_results/res_CG21248_pdf_2_jpg_5.pkl
167,137,236,152,167,137,234,137,234,150,167,150,sshwee,collers,0.6058305501937866,0.10348524277408917,0.4168918579816818,/content/outputs/inference/answersheet/model_finetune_640_results/res_CG21248_pdf_2_jpg_6.pkl
172,247,332,268,172,247,323,247,323,267,172,267,depeeosessdeeeesassadedee,compersity,0.5695042014122009,0.1477999609708786,0.4290294586257501,/content/outputs/inference/answersheet/model_finetune_640_results/res_CG21248_pdf_2_jpg_7.pkl
293,296,339,309,293,296,338,296,338,308,293,308,aeeto,the,0.5871923565864563,0.30998907536268233,0.5625182539224625,/content/outputs/inference/answersheet/model_finetune_640_results/res_CG21248_pdf_2_jpg_8.pkl
246,276,284,288,246,276,283,276,283,287,246,287,aa,the,0.5793755054473877,0.17385296523571014,0.5118985623121262,/content/outputs/inference/answersheet/model_finetune_640_results/res_CG21248_pdf_2_jpg_9.pkl
181,245,241,258,181,245,238,245,238,257,181,257,dfeaeodd,bread,0.5149938464164734,0.1889833640307188,0.3563440293073654,/content/outputs/inference/answersheet/model_finetune_640_results/res_CG21248_pdf_2_jpg_10.pkl
142,275,169,285,142,275,168,275,168,284,142,284,trrrrtteeee,the,0.6142791509628296,0.20854900912805038,0.530111126601696,/content/outputs/inference/answersheet/model_finetune_640_results/res_CG21248_pdf_2_jpg_11.pkl
131,245,153,256,131,245,152,245,152,255,131,255,epp,for,0.6221343874931335,0.1580642114082972,0.5422801040112972,/content/outputs/inference/answersheet/model_finetune_640_results/res_CG21248_pdf_2_jpg_12.pkl
191,254,246,268,191,254,245,254,245,267,191,267,eeshiaiiaiiassaeeeee,restry,0.5467022061347961,0.15583813637495042,0.4332045614719391,/content/outputs/inference/answersheet/model_finetune_640_results/res_CG21248_pdf_2_jpg_13.pkl
104,277,135,286,104,277,134,277,134,285,104,285,dedddaededddde,from,0.5298675894737244,0.1368946172297001,0.5626805379986763,/content/outputs/inference/answersheet/model_finetune_640_results/res_CG21248_pdf_2_jpg_14.pkl
157,255,178,266,157,257,177,257,177,265,157,265,thhhaeeeeeee,the,0.5083336234092712,0.20661347669859728,0.5690561197698116,/content/outputs/inference/answersheet/model_finetune_640_results/res_CG21248_pdf_2_jpg_15.pkl
314,297,337,307,314,297,336,297,336,306,314,306,tttooy,to,0.6740818023681641,0.4900977462530136,0.8208538691202799,/content/outputs/inference/answersheet/model_finetune_640_results/res_CG21248_pdf_2_jpg_16.pkl
