274,18,329,31,274,20,328,20,328,30,274,30,eeeeen,come,0.5453861355781555,0.14147616550326347,0.2875862091779709,/content/outputs/inference/answersheet/model_finetune_640_results/res_d3589b53b892fead442957c7f184100d_jpg_0.pkl
197,19,219,31,197,19,218,19,218,30,197,30,tnnnede,the,0.8213436007499695,0.1586054606097085,0.7078237310051918,/content/outputs/inference/answersheet/model_finetune_640_results/res_d3589b53b892fead442957c7f184100d_jpg_1.pkl
280,296,322,308,280,296,321,296,321,307,280,307,yyyyyeerrrtte,from,0.5310153961181641,0.2319112465931819,0.5878064393997192,/content/outputs/inference/answersheet/model_finetune_640_results/res_d3589b53b892fead442957c7f184100d_jpg_2.pkl
57,21,82,30,57,21,81,21,81,29,57,29,fattkkt,from,0.6082144379615784,0.11743578421218055,0.6452113330364228,/content/outputs/inference/answersheet/model_finetune_640_results/res_d3589b53b892fead442957c7f184100d_jpg_3.pkl
133,331,179,342,133,331,178,331,178,341,133,341,yyfattteeeeeee,from,0.5131759643554688,0.2849677210407598,0.6103590458631516,/content/outputs/inference/answersheet/model_finetune_640_results/res_d3589b53b892fead442957c7f184100d_jpg_4.pkl
55,20,107,30,57,20,106,20,106,29,57,29,alhadd,from,0.7274638414382935,0.13491949190696081,0.6180169612169266,/content/outputs/inference/answersheet/model_finetune_640_results/res_d3589b53b892fead442957c7f184100d_jpg_5.pkl
119,18,173,29,119,18,172,18,172,28,119,28,fseheeeeeeeeeeeee,come,0.5658720135688782,0.1284684749210582,0.4184345304965973,/content/outputs/inference/answersheet/model_finetune_640_results/res_d3589b53b892fead442957c7f184100d_jpg_6.pkl
257,198,278,206,257,198,277,198,277,205,257,205,swwaoea,you,0.575295627117157,0.10224788742406028,0.5617850348353386,/content/outputs/inference/answersheet/model_finetune_640_results/res_d3589b53b892fead442957c7f184100d_jpg_7.pkl
133,286,182,298,136,286,181,286,181,297,136,297,ywteetal,were,0.5159380435943604,0.109353793784976,0.34236842542886736,/content/outputs/inference/answersheet/model_finetune_640_results/res_d3589b53b892fead442957c7f184100d_jpg_8.pkl
239,19,275,30,239,19,274,19,274,29,239,29,othu,from,0.537113606929779,0.11984158307313919,0.6332281664013862,/content/outputs/inference/answersheet/model_finetune_640_results/res_d3589b53b892fead442957c7f184100d_jpg_9.pkl
