319,175,372,189,319,175,369,175,369,188,319,188,daadyyydyy,from,0.6552432179450989,0.25702889561653136,0.4148336321115494,/content/outputs/inference/answersheet/model_finetune_640_results/res_f4969a8270326991d54359d901da82f3_jpg_0.pkl
161,374,204,385,161,374,203,374,203,384,161,384,eee,but,0.5528837442398071,0.19400139401356378,0.37106968089938164,/content/outputs/inference/answersheet/model_finetune_640_results/res_f4969a8270326991d54359d901da82f3_jpg_1.pkl
327,75,368,87,327,75,367,75,367,86,327,86,ee,the,0.7231478691101074,0.15189923346042633,0.3351152613759041,/content/outputs/inference/answersheet/model_finetune_640_results/res_f4969a8270326991d54359d901da82f3_jpg_2.pkl
336,154,379,165,336,154,378,154,378,164,336,164,hade,the,0.6816130876541138,0.17432519793510437,0.418638002127409,/content/outputs/inference/answersheet/model_finetune_640_results/res_f4969a8270326991d54359d901da82f3_jpg_3.pkl
138,351,176,363,138,351,175,351,175,362,138,362,eeee,the,0.7693512439727783,0.20049916952848434,0.41351389698684216,/content/outputs/inference/answersheet/model_finetune_640_results/res_f4969a8270326991d54359d901da82f3_jpg_4.pkl
160,76,203,86,160,76,202,76,202,85,160,85,fmmete,from,0.5711107850074768,0.12959504748384157,0.5439454928040505,/content/outputs/inference/answersheet/model_finetune_640_results/res_f4969a8270326991d54359d901da82f3_jpg_5.pkl
274,241,328,254,274,241,327,241,327,253,274,253,eeee,from,0.5257502794265747,0.3957457020878792,0.4937406897544861,/content/outputs/inference/answersheet/model_finetune_640_results/res_f4969a8270326991d54359d901da82f3_jpg_6.pkl
330,221,351,230,330,221,350,221,350,229,330,229,aaattt9hefffeeeeee,the,0.709686279296875,0.26528530360923874,0.7184016369283199,/content/outputs/inference/answersheet/model_finetune_640_results/res_f4969a8270326991d54359d901da82f3_jpg_7.pkl
390,76,410,88,390,76,409,76,409,87,390,87,t,to,0.5764365792274475,0.19092686474323273,0.5514046251773834,/content/outputs/inference/answersheet/model_finetune_640_results/res_f4969a8270326991d54359d901da82f3_jpg_8.pkl
334,11,382,23,334,11,381,11,381,22,334,22,ppptldofefeee,pation,0.6181169748306274,0.17813696081821734,0.36994603489126476,/content/outputs/inference/answersheet/model_finetune_640_results/res_f4969a8270326991d54359d901da82f3_jpg_9.pkl
90,352,118,362,90,352,117,352,117,361,90,361,ttttttttt,the,0.6979839205741882,0.1567880618903372,0.5527353510260582,/content/outputs/inference/answersheet/model_finetune_640_results/res_f4969a8270326991d54359d901da82f3_jpg_10.pkl
294,221,319,231,294,221,318,221,318,230,294,230,het,from,0.5080519914627075,0.13442094127337137,0.5989994317293167,/content/outputs/inference/answersheet/model_finetune_640_results/res_f4969a8270326991d54359d901da82f3_jpg_11.pkl
129,154,154,163,129,154,153,154,153,162,129,162,hhhhhhhhwwwwwwwwwwwueltdetteeteenaaeee,from,0.5303257703781128,0.10302536287590076,0.4549591541290283,/content/outputs/inference/answersheet/model_finetune_640_results/res_f4969a8270326991d54359d901da82f3_jpg_12.pkl
267,220,293,231,267,220,292,220,292,230,267,230,ttta,from,0.6458151340484619,0.19705806113779545,0.7344384729862213,/content/outputs/inference/answersheet/model_finetune_640_results/res_f4969a8270326991d54359d901da82f3_jpg_13.pkl
309,12,330,20,309,12,329,12,329,19,309,19,oaahehnnnnnnnneee,can,0.6067149639129639,0.198655305101591,0.4520728886127472,/content/outputs/inference/answersheet/model_finetune_640_results/res_f4969a8270326991d54359d901da82f3_jpg_14.pkl
127,372,205,386,127,372,204,372,204,385,127,385,eeeeaae,subject,0.5211167931556702,0.21696597444159643,0.43727743439376354,/content/outputs/inference/answersheet/model_finetune_640_results/res_f4969a8270326991d54359d901da82f3_jpg_15.pkl
196,10,235,20,198,10,234,10,234,19,198,19,eeeeeeeaeeyeeeee,from,0.5230764746665955,0.16072947205975652,0.6232982099056243,/content/outputs/inference/answersheet/model_finetune_640_results/res_f4969a8270326991d54359d901da82f3_jpg_16.pkl
203,243,223,252,203,243,222,243,222,251,203,251,ahaaaaaaeaaaaaaaaaaaaaaeeeeeeee,the,0.6017420291900635,0.23205003478834707,0.5024632308632135,/content/outputs/inference/answersheet/model_finetune_640_results/res_f4969a8270326991d54359d901da82f3_jpg_17.pkl
125,10,172,20,127,10,170,10,170,18,127,18,gdddeaeeeeee,come,0.7702487111091614,0.22181231963137785,0.3931101769208908,/content/outputs/inference/answersheet/model_finetune_640_results/res_f4969a8270326991d54359d901da82f3_jpg_18.pkl
350,120,407,133,350,120,406,120,406,132,350,132,eee,breading,0.5277107357978821,0.12305922309557597,0.41687359246942735,/content/outputs/inference/answersheet/model_finetune_640_results/res_f4969a8270326991d54359d901da82f3_jpg_19.pkl
296,76,327,87,296,76,326,76,326,86,296,86,ee,from,0.5540010333061218,0.16453226655721664,0.6177112348377705,/content/outputs/inference/answersheet/model_finetune_640_results/res_f4969a8270326991d54359d901da82f3_jpg_20.pkl
68,107,109,117,68,107,108,107,108,116,68,116,eeeeooooeaeeeee,come,0.5677762031555176,0.18990428596735,0.4459745526313782,/content/outputs/inference/answersheet/model_finetune_640_results/res_f4969a8270326991d54359d901da82f3_jpg_21.pkl
293,153,335,166,293,153,334,153,334,165,293,165,gggeggaiteeee,paysia,0.5439143180847168,0.2627355387577644,0.36346544325351715,/content/outputs/inference/answersheet/model_finetune_640_results/res_f4969a8270326991d54359d901da82f3_jpg_22.pkl
323,54,361,66,323,54,360,54,360,65,323,65,feeeeeeeeeeeemmoaaaaoosnnneeeeee,from,0.5246219038963318,0.1355701624415815,0.6080709367990493,/content/outputs/inference/answersheet/model_finetune_640_results/res_f4969a8270326991d54359d901da82f3_jpg_23.pkl
99,329,143,342,99,329,142,329,142,341,99,341,taaeeeee,the,0.502740204334259,0.20225540734827518,0.4086066223680973,/content/outputs/inference/answersheet/model_finetune_640_results/res_f4969a8270326991d54359d901da82f3_jpg_24.pkl
217,240,277,255,221,240,274,240,274,254,221,254,aaaaeeaee,parken,0.5085948705673218,0.23302346467971802,0.5479194521903992,/content/outputs/inference/answersheet/model_finetune_640_results/res_f4969a8270326991d54359d901da82f3_jpg_25.pkl
311,121,348,133,311,121,345,121,345,132,311,132,bbayyyyyyyyyyyy,barking,0.5367739796638489,0.2787871797879537,0.5443477779626846,/content/outputs/inference/answersheet/model_finetune_640_results/res_f4969a8270326991d54359d901da82f3_jpg_26.pkl
