58,353,104,368,60,353,103,353,103,367,60,367,nnhaaaan,have,0.7805909514427185,0.3305464889854193,0.6794637590646744,/content/outputs/inference/answersheet/model_finetune_640_results/res_0dc6d9e1d2f650abde83567a4079af23_jpg_0.pkl
72,25,161,35,72,25,160,25,160,34,72,34,atoaese,bread,0.5088702440261841,0.2077149280479976,0.3246517504254977,/content/outputs/inference/answersheet/model_finetune_640_results/res_0dc6d9e1d2f650abde83567a4079af23_jpg_1.pkl
332,170,367,188,332,170,366,170,366,187,332,187,thhaaahete,that,0.53476881980896,0.22383667379617692,0.6944284796714782,/content/outputs/inference/answersheet/model_finetune_640_results/res_0dc6d9e1d2f650abde83567a4079af23_jpg_2.pkl
203,25,262,36,203,25,261,25,261,35,203,35,eeoeeeeee,shop,0.6144533157348633,0.26518678665161133,0.39012899696826936,/content/outputs/inference/answersheet/model_finetune_640_results/res_0dc6d9e1d2f650abde83567a4079af23_jpg_3.pkl
128,201,183,219,128,201,182,201,182,218,128,218,aaaatt,that,0.8097139596939087,0.299096442759037,0.6088855862617493,/content/outputs/inference/answersheet/model_finetune_640_results/res_0dc6d9e1d2f650abde83567a4079af23_jpg_4.pkl
65,23,207,40,68,25,199,23,200,35,69,39,aaaeseee,repersity,0.5882594585418701,0.1937070246785879,0.49998182654380796,/content/outputs/inference/answersheet/model_finetune_640_results/res_0dc6d9e1d2f650abde83567a4079af23_jpg_5.pkl
299,150,335,165,299,150,334,150,334,164,299,164,aaaaiiiiiiiiiiiiiiittss,you,0.7868417501449585,0.3270792429861815,0.4944522753357887,/content/outputs/inference/answersheet/model_finetune_640_results/res_0dc6d9e1d2f650abde83567a4079af23_jpg_6.pkl
265,224,332,238,265,224,330,224,330,236,265,236,taaneat,than,0.6772068738937378,0.2869322087083544,0.4864435940980911,/content/outputs/inference/answersheet/model_finetune_640_results/res_0dc6d9e1d2f650abde83567a4079af23_jpg_7.pkl
261,23,360,35,261,23,358,23,358,33,261,33,tteehrdfeteee,the,0.607740044593811,0.19745776515740615,0.35971118323504925,/content/outputs/inference/answersheet/model_finetune_640_results/res_0dc6d9e1d2f650abde83567a4079af23_jpg_8.pkl
271,275,319,290,271,275,318,275,318,289,271,289,sttessat,for,0.5450075268745422,0.3210226371884346,0.46699435636401176,/content/outputs/inference/answersheet/model_finetune_640_results/res_0dc6d9e1d2f650abde83567a4079af23_jpg_9.pkl
80,57,129,69,80,57,128,57,128,68,80,68,aeeeeeeeieeeeeee,the,0.5618346929550171,0.256930117495358,0.5358961429446936,/content/outputs/inference/answersheet/model_finetune_640_results/res_0dc6d9e1d2f650abde83567a4079af23_jpg_10.pkl
59,276,122,289,61,276,121,276,121,288,61,288,tttaantttttteni1tttttti,teater,0.6464557647705078,0.26373560759036435,0.4695452153682709,/content/outputs/inference/answersheet/model_finetune_640_results/res_0dc6d9e1d2f650abde83567a4079af23_jpg_11.pkl
60,298,149,313,60,298,147,298,147,311,60,311,taanesttste,tate,0.6071605682373047,0.3260762623765252,0.4334940552711487,/content/outputs/inference/answersheet/model_finetune_640_results/res_0dc6d9e1d2f650abde83567a4079af23_jpg_12.pkl
170,99,235,113,172,99,234,99,234,112,172,112,testddeiimt,test,0.5696234107017517,0.3329218686981635,0.6790326490998269,/content/outputs/inference/answersheet/model_finetune_640_results/res_0dc6d9e1d2f650abde83567a4079af23_jpg_13.pkl
187,131,268,147,187,131,267,131,267,146,187,146,otettyeii,the,0.5271448493003845,0.32678533097108203,0.32288723811507225,/content/outputs/inference/answersheet/model_finetune_640_results/res_0dc6d9e1d2f650abde83567a4079af23_jpg_14.pkl
116,354,147,368,116,354,146,354,146,367,116,367,httattttt,teat,0.8376301527023315,0.45635317597124314,0.5729496657848359,/content/outputs/inference/answersheet/model_finetune_640_results/res_0dc6d9e1d2f650abde83567a4079af23_jpg_15.pkl
126,332,187,348,126,332,186,332,186,347,126,347,tteateatt,state,0.6387189030647278,0.37383411824703217,0.48029087980588275,/content/outputs/inference/answersheet/model_finetune_640_results/res_0dc6d9e1d2f650abde83567a4079af23_jpg_16.pkl
212,203,249,222,212,203,248,203,248,221,212,221,ttooaa,teat,0.5165959596633911,0.4038662239909172,0.5956968143582344,/content/outputs/inference/answersheet/model_finetune_640_results/res_0dc6d9e1d2f650abde83567a4079af23_jpg_17.pkl
91,332,128,345,91,332,127,332,127,344,91,344,ttttaatt,teat,0.6997538805007935,0.5238170363008976,0.6177197754383087,/content/outputs/inference/answersheet/model_finetune_640_results/res_0dc6d9e1d2f650abde83567a4079af23_jpg_18.pkl
342,345,376,358,342,345,375,345,375,357,342,357,taaaikeee,for,0.6025115251541138,0.22423099643654293,0.5160798616707325,/content/outputs/inference/answersheet/model_finetune_640_results/res_0dc6d9e1d2f650abde83567a4079af23_jpg_19.pkl
128,204,155,216,128,204,154,204,154,215,128,215,mhhhaaaaaaaatyyy,that,0.6012023687362671,0.28051631711423397,0.6911688446998596,/content/outputs/inference/answersheet/model_finetune_640_results/res_0dc6d9e1d2f650abde83567a4079af23_jpg_20.pkl
211,299,252,312,211,299,251,299,251,311,211,311,taaant,1993,0.5738996267318726,0.3633325720826785,0.5256020069122315,/content/outputs/inference/answersheet/model_finetune_640_results/res_0dc6d9e1d2f650abde83567a4079af23_jpg_21.pkl
293,247,321,261,293,247,320,247,320,260,293,260,ftaatyyt,from,0.5018749237060547,0.29977757576853037,0.6414680808782578,/content/outputs/inference/answersheet/model_finetune_640_results/res_0dc6d9e1d2f650abde83567a4079af23_jpg_22.pkl
270,299,327,313,270,299,326,299,326,312,270,312,tantttttttttstt,thate,0.6173533797264099,0.31137154897054037,0.5234539148708185,/content/outputs/inference/answersheet/model_finetune_640_results/res_0dc6d9e1d2f650abde83567a4079af23_jpg_23.pkl
158,355,192,369,158,355,191,355,191,368,158,368,tssot,for,0.6626840829849243,0.24002687484025956,0.6551381498575211,/content/outputs/inference/answersheet/model_finetune_640_results/res_0dc6d9e1d2f650abde83567a4079af23_jpg_24.pkl
173,158,204,173,173,158,201,158,201,172,173,172,teat,teat,0.5171195864677429,0.4080870468169451,0.7696545004844666,/content/outputs/inference/answersheet/model_finetune_640_results/res_0dc6d9e1d2f650abde83567a4079af23_jpg_25.pkl
199,157,246,175,199,157,245,157,245,174,199,174,faaaaiihhe,the,0.5471050143241882,0.2279721185564995,0.5078479275107384,/content/outputs/inference/answersheet/model_finetune_640_results/res_0dc6d9e1d2f650abde83567a4079af23_jpg_26.pkl
270,168,315,184,272,168,313,168,313,182,272,182,teaattfyfytpt,teat,0.8561734557151794,0.29172677947924686,0.5902451276779175,/content/outputs/inference/answersheet/model_finetune_640_results/res_0dc6d9e1d2f650abde83567a4079af23_jpg_27.pkl
9,12,48,25,11,12,47,12,47,24,11,24,eaaaaee,the,0.6020432114601135,0.1955350637435913,0.5276819914579391,/content/outputs/inference/answersheet/model_finetune_640_results/res_0dc6d9e1d2f650abde83567a4079af23_jpg_28.pkl
10,299,43,311,10,299,42,299,42,310,10,310,tttsssaaanii1,teat,0.7839457392692566,0.2830977256481464,0.44653435349464415,/content/outputs/inference/answersheet/model_finetune_640_results/res_0dc6d9e1d2f650abde83567a4079af23_jpg_29.pkl
173,132,204,146,173,132,203,132,203,145,173,145,tthteettl,that,0.8447485566139221,0.31071171826786464,0.7478693664073944,/content/outputs/inference/answersheet/model_finetune_640_results/res_0dc6d9e1d2f650abde83567a4079af23_jpg_30.pkl
252,21,412,37,252,23,411,23,411,36,252,36,eeeeeeeeer,breferse,0.7422470450401306,0.2034680224955082,0.39117464423179626,/content/outputs/inference/answersheet/model_finetune_640_results/res_0dc6d9e1d2f650abde83567a4079af23_jpg_31.pkl
