143,74,178,87,143,74,177,74,177,86,143,86,fffffhha4aaaaaa,for,0.7082043886184692,0.3004179398218791,0.44131260365247726,/content/outputs/inference/answersheet/model_finetune_640_results/res_7e99ef9fe59c1cc37742321bce808751_jpg_0.pkl
180,74,253,90,182,74,252,74,252,89,182,89,eatieelred,reathers,0.7821296453475952,0.31131629943847655,0.621671762317419,/content/outputs/inference/answersheet/model_finetune_640_results/res_7e99ef9fe59c1cc37742321bce808751_jpg_1.pkl
134,250,177,262,134,250,176,250,176,261,134,261,sasffppaaree,spe,0.7849079370498657,0.19659040495753288,0.3838808722794056,/content/outputs/inference/answersheet/model_finetune_640_results/res_7e99ef9fe59c1cc37742321bce808751_jpg_2.pkl
141,96,186,110,141,96,185,96,185,109,141,109,nwwpassstaaeyvyy,from,0.7248685359954834,0.21158902114257216,0.5154782831668854,/content/outputs/inference/answersheet/model_finetune_640_results/res_7e99ef9fe59c1cc37742321bce808751_jpg_3.pkl
131,266,173,280,131,266,172,266,172,279,131,279,atmmmmmmfnttthh,caffee,0.668010950088501,0.180511999130249,0.5978514435035842,/content/outputs/inference/answersheet/model_finetune_640_results/res_7e99ef9fe59c1cc37742321bce808751_jpg_4.pkl
185,116,246,130,185,116,245,116,245,129,185,129,sespota,from,0.6806257963180542,0.16690155757325037,0.6212634265422821,/content/outputs/inference/answersheet/model_finetune_640_results/res_7e99ef9fe59c1cc37742321bce808751_jpg_5.pkl
141,116,184,129,141,116,183,116,183,128,141,128,settnntnnnnnnnnnnnnnnnnnetttt,from,0.6476120948791504,0.2503710846448767,0.5414608716964722,/content/outputs/inference/answersheet/model_finetune_640_results/res_7e99ef9fe59c1cc37742321bce808751_jpg_6.pkl
290,100,340,116,290,100,339,100,339,115,290,115,eeefaaee,the,0.5761494636535645,0.20449652150273323,0.590494018048048,/content/outputs/inference/answersheet/model_finetune_640_results/res_7e99ef9fe59c1cc37742321bce808751_jpg_7.pkl
286,94,339,106,289,94,337,94,337,104,289,104,lllaaaanndeeee,come,0.5143144130706787,0.25210470227258547,0.3701726272702217,/content/outputs/inference/answersheet/model_finetune_640_results/res_7e99ef9fe59c1cc37742321bce808751_jpg_8.pkl
180,181,226,196,180,181,225,181,225,195,180,195,ffffeeeeeeeee,from,0.6290754675865173,0.21750589804007456,0.6629938662052155,/content/outputs/inference/answersheet/model_finetune_640_results/res_7e99ef9fe59c1cc37742321bce808751_jpg_9.pkl
133,195,176,209,133,195,175,195,175,208,133,208,ffasffaa,from,0.6242830753326416,0.22705175820738077,0.5503274887800217,/content/outputs/inference/answersheet/model_finetune_640_results/res_7e99ef9fe59c1cc37742321bce808751_jpg_10.pkl
134,180,178,194,134,180,176,180,176,192,134,192,faaee,from,0.6118322014808655,0.20669037252664565,0.6473873376846313,/content/outputs/inference/answersheet/model_finetune_640_results/res_7e99ef9fe59c1cc37742321bce808751_jpg_11.pkl
140,131,188,146,142,131,187,131,187,145,142,145,ffaaseenaeeef,from,0.5624260306358337,0.17896870122506067,0.6529178321361542,/content/outputs/inference/answersheet/model_finetune_640_results/res_7e99ef9fe59c1cc37742321bce808751_jpg_12.pkl
48,92,107,104,48,92,106,92,106,103,48,103,aatttttteee,from,0.7627177834510803,0.266083535822955,0.5413324296474457,/content/outputs/inference/answersheet/model_finetune_640_results/res_7e99ef9fe59c1cc37742321bce808751_jpg_13.pkl
276,72,359,85,276,72,358,72,358,84,276,84,sseeaaturrrrtt,from,0.6592511534690857,0.21834421956113406,0.5672211721539497,/content/outputs/inference/answersheet/model_finetune_640_results/res_7e99ef9fe59c1cc37742321bce808751_jpg_14.pkl
4,104,42,115,4,104,41,104,41,114,4,114,beattttanee,from,0.5535480976104736,0.15381502224640412,0.6627831265330315,/content/outputs/inference/answersheet/model_finetune_640_results/res_7e99ef9fe59c1cc37742321bce808751_jpg_15.pkl
323,71,358,82,323,71,357,71,357,81,323,81,aaaaaaaaaaaaaattaiiiirrttttlessss,use,0.6965327262878418,0.26360534018639364,0.5214247517287731,/content/outputs/inference/answersheet/model_finetune_640_results/res_7e99ef9fe59c1cc37742321bce808751_jpg_16.pkl
49,256,127,270,54,256,126,256,126,269,54,269,eeeeerdeee,pessageid,0.5286381840705872,0.2937500588595867,0.5861315488815307,/content/outputs/inference/answersheet/model_finetune_640_results/res_7e99ef9fe59c1cc37742321bce808751_jpg_17.pkl
274,73,307,83,276,73,306,73,306,82,276,82,assss,great,0.7281084060668945,0.16582151204347612,0.49427595858772594,/content/outputs/inference/answersheet/model_finetune_640_results/res_7e99ef9fe59c1cc37742321bce808751_jpg_18.pkl
309,120,337,131,309,120,336,120,336,130,309,130,aaaaaaaaaaeee,from,0.5092920064926147,0.22370496048377111,0.6262283518910408,/content/outputs/inference/answersheet/model_finetune_640_results/res_7e99ef9fe59c1cc37742321bce808751_jpg_19.pkl
21,94,43,103,21,94,42,94,42,102,21,102,se,and,0.5989077091217041,0.12684444338083267,0.5869457721710205,/content/outputs/inference/answersheet/model_finetune_640_results/res_7e99ef9fe59c1cc37742321bce808751_jpg_20.pkl
318,138,373,152,318,136,372,139,371,152,318,148,ouuottet,more,0.6047740578651428,0.17144893109798431,0.404131768643856,/content/outputs/inference/answersheet/model_finetune_640_results/res_7e99ef9fe59c1cc37742321bce808751_jpg_21.pkl
