117,90,166,104,117,90,165,90,165,103,117,103,oemeessyssy,come,0.7134045362472534,0.15199419178745963,0.4299567759037018,/content/outputs/inference/answersheet/model_finetune_640_results/res_fd1b91c3be474271b47a288e960db1f0_jpg_0.pkl
80,281,150,297,80,283,149,283,149,296,80,296,gssstta,streets,0.6204009652137756,0.27779888787439894,0.512000311166048,/content/outputs/inference/answersheet/model_finetune_640_results/res_fd1b91c3be474271b47a288e960db1f0_jpg_1.pkl
210,283,245,296,210,283,244,283,244,295,210,295,faafme,from,0.7102523446083069,0.2280921551088492,0.7144190013408661,/content/outputs/inference/answersheet/model_finetune_640_results/res_fd1b91c3be474271b47a288e960db1f0_jpg_2.pkl
75,15,160,29,75,15,156,15,156,28,75,28,nnegaetgtttmto,reffiction,0.625165581703186,0.21198592601077898,0.5436402064832774,/content/outputs/inference/answersheet/model_finetune_640_results/res_fd1b91c3be474271b47a288e960db1f0_jpg_3.pkl
92,193,135,208,92,193,134,193,134,207,92,207,eeeeetyttpppppppptmtt,expersity,0.7784112691879272,0.1824973402988343,0.5633335202932358,/content/outputs/inference/answersheet/model_finetune_640_results/res_fd1b91c3be474271b47a288e960db1f0_jpg_4.pkl
261,349,275,357,261,349,274,349,274,356,261,356,tt0g9yyyyy,to,0.5290958881378174,0.22408658564090728,0.7909614046414694,/content/outputs/inference/answersheet/model_finetune_640_results/res_fd1b91c3be474271b47a288e960db1f0_jpg_5.pkl
107,127,148,140,107,127,147,127,147,139,107,139,aftad,from,0.6828922629356384,0.13556234240531922,0.6261886060237885,/content/outputs/inference/answersheet/model_finetune_640_results/res_fd1b91c3be474271b47a288e960db1f0_jpg_6.pkl
244,374,261,381,244,374,260,374,260,380,244,380,11609yy,to,0.6890358328819275,0.1369197964668274,0.5883739292621613,/content/outputs/inference/answersheet/model_finetune_640_results/res_fd1b91c3be474271b47a288e960db1f0_jpg_7.pkl
161,127,187,138,161,127,186,127,186,137,161,137,teee,the,0.8233740329742432,0.5452729910612106,0.7255283892154694,/content/outputs/inference/answersheet/model_finetune_640_results/res_fd1b91c3be474271b47a288e960db1f0_jpg_8.pkl
171,40,200,50,171,40,199,40,199,49,171,49,hiihhyy,the,0.8417761921882629,0.15189352418695176,0.627394400537014,/content/outputs/inference/answersheet/model_finetune_640_results/res_fd1b91c3be474271b47a288e960db1f0_jpg_9.pkl
190,326,251,339,192,326,250,326,250,338,192,338,goeeeeeeeeee,come,0.5343741178512573,0.21304780058562756,0.545492947101593,/content/outputs/inference/answersheet/model_finetune_640_results/res_fd1b91c3be474271b47a288e960db1f0_jpg_10.pkl
209,373,227,382,209,373,226,373,226,381,209,381,4699,19,0.6565946340560913,0.2763148918747902,0.6223365962505341,/content/outputs/inference/answersheet/model_finetune_640_results/res_fd1b91c3be474271b47a288e960db1f0_jpg_11.pkl
331,62,347,69,331,62,346,62,346,68,331,68,ffffffftftt9990o0ooyo,for,0.657965362071991,0.16896150332121623,0.6528149768710136,/content/outputs/inference/answersheet/model_finetune_640_results/res_fd1b91c3be474271b47a288e960db1f0_jpg_12.pkl
206,129,239,139,206,129,236,129,236,138,206,138,d,the,0.6816304922103882,0.07560212165117264,0.477705255150795,/content/outputs/inference/answersheet/model_finetune_640_results/res_fd1b91c3be474271b47a288e960db1f0_jpg_13.pkl
304,131,321,137,304,131,320,131,320,136,304,136,fthaaaaaaaaaaehaeheeeoeep,the,0.6684064269065857,0.09461801916360855,0.5888821855187416,/content/outputs/inference/answersheet/model_finetune_640_results/res_fd1b91c3be474271b47a288e960db1f0_jpg_14.pkl
301,82,358,93,301,82,357,82,357,92,301,92,eaaaot,from,0.7897959351539612,0.1812511384487152,0.6012093961238861,/content/outputs/inference/answersheet/model_finetune_640_results/res_fd1b91c3be474271b47a288e960db1f0_jpg_15.pkl
301,162,354,174,301,162,353,162,353,173,301,173,ffftnfooooyydhhhee,from,0.6387178301811218,0.22940989873475498,0.6148192644119262,/content/outputs/inference/answersheet/model_finetune_640_results/res_fd1b91c3be474271b47a288e960db1f0_jpg_16.pkl
303,104,371,118,307,104,370,104,370,117,307,117,sskoaree,good,0.5137318968772888,0.21251768618822098,0.4250651314854622,/content/outputs/inference/answersheet/model_finetune_640_results/res_fd1b91c3be474271b47a288e960db1f0_jpg_17.pkl
342,84,357,91,342,84,356,84,356,90,342,90,ffffftftttttttttttttuuuu,to,0.8054409027099609,0.37149568522969884,0.6139463583628336,/content/outputs/inference/answersheet/model_finetune_640_results/res_fd1b91c3be474271b47a288e960db1f0_jpg_18.pkl
197,185,229,193,197,185,228,185,228,192,197,192,ssed,breads,0.5185270309448242,0.11056036129593849,0.3731735050678253,/content/outputs/inference/answersheet/model_finetune_640_results/res_fd1b91c3be474271b47a288e960db1f0_jpg_19.pkl
176,138,233,152,178,138,232,138,232,151,178,151,dhhekeeeeeeeeeeee,coffee,0.5850458741188049,0.21352274847381256,0.5173063448497227,/content/outputs/inference/answersheet/model_finetune_640_results/res_fd1b91c3be474271b47a288e960db1f0_jpg_20.pkl
145,183,168,194,145,183,167,183,167,193,145,193,ftthyyytywwwewwwewwww,the,0.6004776358604431,0.1781600813070933,0.5970042608678341,/content/outputs/inference/answersheet/model_finetune_640_results/res_fd1b91c3be474271b47a288e960db1f0_jpg_21.pkl
302,171,326,183,302,171,325,171,325,182,302,182,fffllflfffhffffeeehfeeeeggggappp,the,0.6540920734405518,0.19811427500098944,0.5941849797964096,/content/outputs/inference/answersheet/model_finetune_640_results/res_fd1b91c3be474271b47a288e960db1f0_jpg_22.pkl
297,283,361,295,297,283,360,283,360,294,297,294,paaeeee,sale,0.6050070524215698,0.18788624661309378,0.48743318021297455,/content/outputs/inference/answersheet/model_finetune_640_results/res_fd1b91c3be474271b47a288e960db1f0_jpg_23.pkl
238,328,258,338,238,328,257,328,257,337,238,337,4444466ffeeeeeeeeeeeesooooooooooooooooooooooooo0007077v,for,0.7796517014503479,0.16258255487138576,0.6672744303941727,/content/outputs/inference/answersheet/model_finetune_640_results/res_fd1b91c3be474271b47a288e960db1f0_jpg_24.pkl
94,170,137,183,98,170,136,170,136,182,98,182,aaffnhhhaeeeeeeeeeeeeee,the,0.5123811364173889,0.174027683618276,0.47717459686100483,/content/outputs/inference/answersheet/model_finetune_640_results/res_fd1b91c3be474271b47a288e960db1f0_jpg_25.pkl
280,36,307,48,280,36,306,36,306,47,280,47,fye,from,0.6670516729354858,0.2312315454085668,0.6207560509443283,/content/outputs/inference/answersheet/model_finetune_640_results/res_fd1b91c3be474271b47a288e960db1f0_jpg_26.pkl
181,140,207,153,181,140,206,140,206,152,181,152,aofyyyyyy,from,0.5232673287391663,0.1987719734509786,0.5312769502401352,/content/outputs/inference/answersheet/model_finetune_640_results/res_fd1b91c3be474271b47a288e960db1f0_jpg_27.pkl
160,284,187,294,160,284,186,284,186,293,160,293,p,for,0.5608450770378113,0.0961400717496872,0.5410676449537277,/content/outputs/inference/answersheet/model_finetune_640_results/res_fd1b91c3be474271b47a288e960db1f0_jpg_28.pkl
130,162,145,171,130,162,144,162,144,170,130,170,ddddtddtdtehhhe,the,0.5756587982177734,0.1805964469909668,0.6845386866480112,/content/outputs/inference/answersheet/model_finetune_640_results/res_fd1b91c3be474271b47a288e960db1f0_jpg_29.pkl
164,160,197,173,164,160,196,160,196,172,164,172,aktkfh,the,0.7601814866065979,0.16202222059170404,0.4880497809499502,/content/outputs/inference/answersheet/model_finetune_640_results/res_fd1b91c3be474271b47a288e960db1f0_jpg_30.pkl
104,131,147,146,104,131,146,131,146,145,104,145,eeaeaayht,from,0.5765159726142883,0.17735915879408518,0.6310815051198005,/content/outputs/inference/answersheet/model_finetune_640_results/res_fd1b91c3be474271b47a288e960db1f0_jpg_31.pkl
302,83,324,92,302,83,323,83,323,91,302,91,fgggggfeeeeettttttthhaaaaa,for,0.5222088694572449,0.24769523080724937,0.6538207083940506,/content/outputs/inference/answersheet/model_finetune_640_results/res_fd1b91c3be474271b47a288e960db1f0_jpg_32.pkl
317,42,347,52,317,42,344,42,344,51,317,51,hhaed,the,0.6965646743774414,0.1966552495956421,0.598104115575552,/content/outputs/inference/answersheet/model_finetune_640_results/res_fd1b91c3be474271b47a288e960db1f0_jpg_33.pkl
