159,18,207,28,159,18,205,18,205,26,159,26,sslssfteeeeeeeeee,scoffee,0.5159353017807007,0.3044470180483425,0.5384439714252949,/content/outputs/inference/answersheet/model_finetune_640_results/res_e5d99915856d3c724760e2659042dab4_jpg_0.pkl
217,18,268,29,217,18,267,18,267,28,217,28,aaaaaaaaaedbfaass,offeen,0.5689693689346313,0.2240740897900918,0.5423100218176842,/content/outputs/inference/answersheet/model_finetune_640_results/res_e5d99915856d3c724760e2659042dab4_jpg_1.pkl
86,18,149,29,86,18,148,18,148,28,86,28,ffgoeeeeeeeeeeeeeeeaeeateeeettefeefeeeeeeeeeeaeese,coffee,0.6312988996505737,0.15144279703497887,0.5507861460958209,/content/outputs/inference/answersheet/model_finetune_640_results/res_e5d99915856d3c724760e2659042dab4_jpg_2.pkl
296,273,321,285,296,273,320,273,320,284,296,284,4eddeoooooo,40,0.7304444909095764,0.28611977059732785,0.471004456281662,/content/outputs/inference/answersheet/model_finetune_640_results/res_e5d99915856d3c724760e2659042dab4_jpg_3.pkl
295,6,319,16,295,6,318,6,318,15,295,15,dddddteeeeeeeeeee,the,0.6541044116020203,0.25121935194029527,0.5424659699201584,/content/outputs/inference/answersheet/model_finetune_640_results/res_e5d99915856d3c724760e2659042dab4_jpg_4.pkl
318,3,382,15,320,3,381,3,381,14,320,14,cfaaeeteehe,from,0.5004788637161255,0.1297952891750769,0.5659017220139504,/content/outputs/inference/answersheet/model_finetune_640_results/res_e5d99915856d3c724760e2659042dab4_jpg_5.pkl
81,10,142,18,83,10,141,10,141,17,83,17,dddffdbhbbbectettee,coffee,0.5288485288619995,0.18445122045905968,0.49270789325237274,/content/outputs/inference/answersheet/model_finetune_640_results/res_e5d99915856d3c724760e2659042dab4_jpg_6.pkl
130,18,150,28,130,18,149,18,149,27,130,27,sse,sale,0.5394251346588135,0.15575890243053436,0.589223438501358,/content/outputs/inference/answersheet/model_finetune_640_results/res_e5d99915856d3c724760e2659042dab4_jpg_7.pkl
88,40,169,55,90,40,168,40,168,54,90,54,ktttoooabbeeoeeaessss,food,0.564083993434906,0.21909451803990773,0.42093181759119036,/content/outputs/inference/answersheet/model_finetune_640_results/res_e5d99915856d3c724760e2659042dab4_jpg_8.pkl
151,9,203,18,151,9,201,9,201,16,151,16,syysswegegggtteeeeeeeaeeeeeeeee,come,0.564690113067627,0.11602684434863829,0.3136488482356071,/content/outputs/inference/answersheet/model_finetune_640_results/res_e5d99915856d3c724760e2659042dab4_jpg_9.pkl
242,236,266,248,242,236,265,236,265,247,242,247,ffffffosdddoooto,for,0.5441755056381226,0.3485048832371831,0.7834714502096176,/content/outputs/inference/answersheet/model_finetune_640_results/res_e5d99915856d3c724760e2659042dab4_jpg_10.pkl
379,216,412,227,379,216,409,216,409,226,379,226,fflnnnoeeeeett,from,0.5775997638702393,0.14821224340370723,0.654058775305748,/content/outputs/inference/answersheet/model_finetune_640_results/res_e5d99915856d3c724760e2659042dab4_jpg_11.pkl
30,9,57,17,30,9,56,9,56,16,30,16,aaaatttttttttbtbbbbbbbbbbbbbbbeeeeeereeee,the,0.5489070415496826,0.16608637444129803,0.44998547434806824,/content/outputs/inference/answersheet/model_finetune_640_results/res_e5d99915856d3c724760e2659042dab4_jpg_12.pkl
