56,203,152,216,60,203,151,203,151,215,60,215,faatafaiae,from,0.755760133266449,0.16216471269726754,0.5605082333087921,/content/outputs/inference/answersheet/model_finetune_640_results/res_90144fdee1f1c2f81618dc99a92227b3_jpg_0.pkl
207,25,293,37,207,25,292,25,292,36,207,36,eaaaaadakeeas,sender,0.7401030659675598,0.26054129233727086,0.47040089113371714,/content/outputs/inference/answersheet/model_finetune_640_results/res_90144fdee1f1c2f81618dc99a92227b3_jpg_1.pkl
73,2,136,14,73,2,135,2,135,13,73,13,deseeetttteeeetee,sender,0.5049898028373718,0.15420174905482462,0.5314350766795022,/content/outputs/inference/answersheet/model_finetune_640_results/res_90144fdee1f1c2f81618dc99a92227b3_jpg_2.pkl
0,0,46,10,0,0,44,0,44,8,0,8,aaaaaadaaaeeeeeettte,the,0.5122227668762207,0.13055014610290527,0.6131840422749519,/content/outputs/inference/answersheet/model_finetune_640_results/res_90144fdee1f1c2f81618dc99a92227b3_jpg_3.pkl
89,25,142,37,89,25,141,25,141,36,89,36,tdfeee,date,0.5345597863197327,0.26756378014882404,0.5496842741966248,/content/outputs/inference/answersheet/model_finetune_640_results/res_90144fdee1f1c2f81618dc99a92227b3_jpg_4.pkl
173,47,237,61,173,47,235,47,235,59,173,59,aaa,cour,0.5935119986534119,0.1512786199649175,0.34094630032777784,/content/outputs/inference/answersheet/model_finetune_640_results/res_90144fdee1f1c2f81618dc99a92227b3_jpg_5.pkl
252,4,276,14,252,4,275,4,275,13,252,13,taattattaataathttllaaeaaeeeette,the,0.5815593600273132,0.11852189922525037,0.6432193219661713,/content/outputs/inference/answersheet/model_finetune_640_results/res_90144fdee1f1c2f81618dc99a92227b3_jpg_6.pkl
124,182,189,192,127,182,187,182,187,190,127,190,ttttteeeeeetasddaaaafeess,the,0.5151612162590027,0.23410988807678224,0.3848222605884075,/content/outputs/inference/answersheet/model_finetune_640_results/res_90144fdee1f1c2f81618dc99a92227b3_jpg_7.pkl
157,24,207,37,157,24,204,24,204,36,157,36,ahheeeee,the,0.5945059657096863,0.14379566442221403,0.4708340894430876,/content/outputs/inference/answersheet/model_finetune_640_results/res_90144fdee1f1c2f81618dc99a92227b3_jpg_8.pkl
61,204,93,215,61,204,92,204,92,214,61,214,aahht,from,0.6740752458572388,0.18008128702640533,0.6254881337285042,/content/outputs/inference/answersheet/model_finetune_640_results/res_90144fdee1f1c2f81618dc99a92227b3_jpg_9.pkl
