244,290,326,304,244,290,325,290,325,303,244,303,sssfeyyeetdy,coffee,0.7264884114265442,0.19959652299682298,0.491125579391207,/content/outputs/inference/answersheet/model_finetune_640_results/res_8c8438fc54e62378702bd9077190f78d_jpg_0.pkl
336,293,393,308,336,293,392,293,392,307,336,307,gad,gread,0.8217975497245789,0.20006564011176428,0.40643120805422467,/content/outputs/inference/answersheet/model_finetune_640_results/res_8c8438fc54e62378702bd9077190f78d_jpg_1.pkl
123,272,191,286,123,272,190,272,190,285,123,285,teelta,restration,0.6953381299972534,0.11156252895792325,0.5135335884988308,/content/outputs/inference/answersheet/model_finetune_640_results/res_8c8438fc54e62378702bd9077190f78d_jpg_2.pkl
61,245,138,257,66,245,137,245,137,256,66,256,sioaeoaddl,shop,0.5186811089515686,0.23853049725294112,0.429922753572464,/content/outputs/inference/answersheet/model_finetune_640_results/res_8c8438fc54e62378702bd9077190f78d_jpg_3.pkl
75,378,125,390,75,378,124,378,124,389,75,389,tttttannneeeeeeaaddeeeeeaee,the,0.5953704118728638,0.18419017449573236,0.38757407665252686,/content/outputs/inference/answersheet/model_finetune_640_results/res_8c8438fc54e62378702bd9077190f78d_jpg_4.pkl
138,346,158,355,138,346,157,346,157,354,138,354,gs,as,0.7981858849525452,0.14974870532751083,0.317730575799942,/content/outputs/inference/answersheet/model_finetune_640_results/res_8c8438fc54e62378702bd9077190f78d_jpg_5.pkl
93,135,147,148,93,135,144,135,144,147,93,147,eddde,from,0.5635389089584351,0.15041881799697876,0.5090692102909088,/content/outputs/inference/answersheet/model_finetune_640_results/res_8c8438fc54e62378702bd9077190f78d_jpg_6.pkl
102,293,123,303,102,293,122,293,122,302,102,302,eee,the,0.5062359571456909,0.14367481569449106,0.5960068739950657,/content/outputs/inference/answersheet/model_finetune_640_results/res_8c8438fc54e62378702bd9077190f78d_jpg_7.pkl
66,290,82,299,66,290,81,290,81,298,66,298,tthhooooododd3yyyy,to,0.6876075267791748,0.2305283827914132,0.6429162720839182,/content/outputs/inference/answersheet/model_finetune_640_results/res_8c8438fc54e62378702bd9077190f78d_jpg_8.pkl
63,23,94,33,63,23,93,23,93,32,63,32,aaaaaallltttteeeeedaee,brick,0.5001489520072937,0.10081649334593253,0.3069748654961586,/content/outputs/inference/answersheet/model_finetune_640_results/res_8c8438fc54e62378702bd9077190f78d_jpg_9.pkl
308,277,329,286,308,277,328,277,328,285,308,285,taaaaaaaaaobdbdhhhyhyyyttttt,the,0.8524715900421143,0.126885921162154,0.615009106695652,/content/outputs/inference/answersheet/model_finetune_640_results/res_8c8438fc54e62378702bd9077190f78d_jpg_10.pkl
152,330,170,339,152,330,169,330,169,338,152,338,sstatttattttattaatddohhhhhh,and,0.724818766117096,0.11170770200314345,0.5793776456266642,/content/outputs/inference/answersheet/model_finetune_640_results/res_8c8438fc54e62378702bd9077190f78d_jpg_11.pkl
13,78,66,91,13,78,64,78,64,89,13,89,ssead,screet,0.5472313165664673,0.16275624334812164,0.4125811202185495,/content/outputs/inference/answersheet/model_finetune_640_results/res_8c8438fc54e62378702bd9077190f78d_jpg_12.pkl
159,137,199,149,159,137,198,137,198,148,159,148,a,spe,0.6300667524337769,0.11135786026716232,0.2859993316233158,/content/outputs/inference/answersheet/model_finetune_640_results/res_8c8438fc54e62378702bd9077190f78d_jpg_13.pkl
211,357,263,370,211,357,262,357,262,369,211,369,bslhttjjitaa,sale,0.6680826544761658,0.1859247920413812,0.43481130301952364,/content/outputs/inference/answersheet/model_finetune_640_results/res_8c8438fc54e62378702bd9077190f78d_jpg_14.pkl
134,358,160,368,134,358,159,358,159,367,134,367,thhhhherrbbbeee,the,0.6792340278625488,0.15974398503700893,0.4125017635524273,/content/outputs/inference/answersheet/model_finetune_640_results/res_8c8438fc54e62378702bd9077190f78d_jpg_15.pkl
279,261,299,271,279,261,298,261,298,270,279,270,oo333,60,0.811419665813446,0.07263913378119469,0.3493699828783671,/content/outputs/inference/answersheet/model_finetune_640_results/res_8c8438fc54e62378702bd9077190f78d_jpg_16.pkl
273,361,298,369,273,361,297,361,297,368,273,368,ppppoat,colle,0.5960444211959839,0.15554250883204596,0.3708881090084712,/content/outputs/inference/answersheet/model_finetune_640_results/res_8c8438fc54e62378702bd9077190f78d_jpg_17.pkl
233,370,276,381,233,370,275,370,275,380,233,380,ttftpeyoooostdaeees,from,0.6411263942718506,0.13861543802838577,0.615355771780014,/content/outputs/inference/answersheet/model_finetune_640_results/res_8c8438fc54e62378702bd9077190f78d_jpg_18.pkl
339,385,364,395,339,385,361,385,361,394,339,394,nhs,the,0.5766386985778809,0.07819058994452159,0.4931846596300602,/content/outputs/inference/answersheet/model_finetune_640_results/res_8c8438fc54e62378702bd9077190f78d_jpg_19.pkl
368,360,398,372,368,360,397,360,397,371,368,371,ayyy,from,0.6805956959724426,0.3439197540283203,0.5265903264284134,/content/outputs/inference/answersheet/model_finetune_640_results/res_8c8438fc54e62378702bd9077190f78d_jpg_20.pkl
73,113,132,126,73,113,131,113,131,125,73,125,essaaaddaaeeeeee,from,0.7073912620544434,0.1972494530491531,0.46419725865125655,/content/outputs/inference/answersheet/model_finetune_640_results/res_8c8438fc54e62378702bd9077190f78d_jpg_21.pkl
72,90,106,103,72,90,105,90,105,102,72,102,thaaede,from,0.579685389995575,0.23218705824443273,0.7269954025745392,/content/outputs/inference/answersheet/model_finetune_640_results/res_8c8438fc54e62378702bd9077190f78d_jpg_22.pkl
134,314,153,323,134,314,152,314,152,322,134,322,fsfaaahhaa,sale,0.8283060193061829,0.18582486733794212,0.6434900820255279,/content/outputs/inference/answersheet/model_finetune_640_results/res_8c8438fc54e62378702bd9077190f78d_jpg_23.pkl
229,187,253,200,229,187,252,187,252,199,229,199,t4aaaaaattttttttttthhhhhe,the,0.7355843186378479,0.22515546560287475,0.6209065448492765,/content/outputs/inference/answersheet/model_finetune_640_results/res_8c8438fc54e62378702bd9077190f78d_jpg_24.pkl
