229,3,301,14,229,3,300,3,300,13,229,13,eetesgsssgeee,from,0.6759383082389832,0.14325639892082948,0.487233430147171,/content/outputs/inference/answersheet/model_finetune_640_results/res_a2c55984d45ee2c85cf1dd89f89361b1_jpg_0.pkl
331,1,408,14,331,1,407,1,407,13,331,13,teoyddddttanadee,reference,0.5873371958732605,0.15165440924465656,0.502320048213005,/content/outputs/inference/answersheet/model_finetune_640_results/res_a2c55984d45ee2c85cf1dd89f89361b1_jpg_1.pkl
110,2,170,15,110,2,169,2,169,14,110,14,taeeeee,greater,0.5386862754821777,0.1732446982392243,0.4533940823748708,/content/outputs/inference/answersheet/model_finetune_640_results/res_a2c55984d45ee2c85cf1dd89f89361b1_jpg_2.pkl
336,335,378,348,336,335,377,335,377,347,336,347,aaaaeatteeee,sale,0.5449545979499817,0.21035544077555338,0.5638789638876915,/content/outputs/inference/answersheet/model_finetune_640_results/res_a2c55984d45ee2c85cf1dd89f89361b1_jpg_3.pkl
303,5,329,14,303,5,328,5,328,13,303,13,fffaaaaannneeyeeeee,from,0.6627991199493408,0.18123179752575724,0.6658625721931457,/content/outputs/inference/answersheet/model_finetune_640_results/res_a2c55984d45ee2c85cf1dd89f89361b1_jpg_4.pkl
43,11,69,20,43,11,68,11,68,19,43,19,sbsddseommmmmmmnnoeeeeeeeeeaeeeeeee,sender,0.6058400273323059,0.12306355557271413,0.5325156663145337,/content/outputs/inference/answersheet/model_finetune_640_results/res_a2c55984d45ee2c85cf1dd89f89361b1_jpg_5.pkl
334,2,357,13,334,2,356,2,356,12,334,12,reyeeedddddddd,pay,0.5029826760292053,0.23988690120833261,0.3693799041211605,/content/outputs/inference/answersheet/model_finetune_640_results/res_a2c55984d45ee2c85cf1dd89f89361b1_jpg_6.pkl
96,107,112,117,96,107,111,107,111,116,96,116,th,the,0.5225793719291687,0.225861806422472,0.6348237097263336,/content/outputs/inference/answersheet/model_finetune_640_results/res_a2c55984d45ee2c85cf1dd89f89361b1_jpg_7.pkl
42,7,70,16,42,7,69,7,69,15,42,15,dannnaaaaast,come,0.5851343274116516,0.13390658795833588,0.38024674355983734,/content/outputs/inference/answersheet/model_finetune_640_results/res_a2c55984d45ee2c85cf1dd89f89361b1_jpg_8.pkl
318,25,354,43,318,25,353,25,353,42,318,42,cdey,off,0.75087571144104,0.2223678044974804,0.6015619784593582,/content/outputs/inference/answersheet/model_finetune_640_results/res_a2c55984d45ee2c85cf1dd89f89361b1_jpg_9.pkl
51,104,80,117,51,104,79,104,79,116,51,116,maaddhhs,man,0.6585578918457031,0.27631411887705326,0.5463601835072041,/content/outputs/inference/answersheet/model_finetune_640_results/res_a2c55984d45ee2c85cf1dd89f89361b1_jpg_10.pkl
190,3,219,13,190,3,218,3,218,12,190,12,ooeeeeeeeee,from,0.6656604409217834,0.1635178957473148,0.6308012828230858,/content/outputs/inference/answersheet/model_finetune_640_results/res_a2c55984d45ee2c85cf1dd89f89361b1_jpg_11.pkl
55,78,119,95,55,78,118,78,118,94,55,94,htttteeee,from,0.5070862174034119,0.2921711479624112,0.5450074136257171,/content/outputs/inference/answersheet/model_finetune_640_results/res_a2c55984d45ee2c85cf1dd89f89361b1_jpg_12.pkl
54,182,75,192,54,182,74,182,74,191,54,191,mmmmmmaaaaaat,the,0.6399254202842712,0.2001494031686049,0.5077933948487043,/content/outputs/inference/answersheet/model_finetune_640_results/res_a2c55984d45ee2c85cf1dd89f89361b1_jpg_13.pkl
302,281,325,292,302,281,324,281,324,291,302,291,fffffffffeaaaaaeteddise,from,0.6276057362556458,0.15052466985324156,0.6361341774463654,/content/outputs/inference/answersheet/model_finetune_640_results/res_a2c55984d45ee2c85cf1dd89f89361b1_jpg_14.pkl
77,158,128,171,77,158,127,158,127,170,77,170,aaaaldttttttaiettt,the,0.5820240378379822,0.2516038943496015,0.4682457968592644,/content/outputs/inference/answersheet/model_finetune_640_results/res_a2c55984d45ee2c85cf1dd89f89361b1_jpg_15.pkl
356,0,388,14,356,0,387,0,387,13,356,13,ddtdgg,from,0.5453966856002808,0.15140467261274657,0.5330911010503769,/content/outputs/inference/answersheet/model_finetune_640_results/res_a2c55984d45ee2c85cf1dd89f89361b1_jpg_16.pkl
44,15,81,26,44,15,80,15,80,25,44,25,ssaaaaaaaalaaaeeaaaeadaaaeeeeeee,sender,0.540736198425293,0.1276173124788329,0.5001568049192429,/content/outputs/inference/answersheet/model_finetune_640_results/res_a2c55984d45ee2c85cf1dd89f89361b1_jpg_17.pkl
58,337,101,350,58,337,98,337,98,349,58,349,tloee,for,0.5019533634185791,0.16421298533678055,0.43796123936772346,/content/outputs/inference/answersheet/model_finetune_640_results/res_a2c55984d45ee2c85cf1dd89f89361b1_jpg_18.pkl
89,13,110,24,89,13,109,13,109,23,89,23,eee,the,0.5018129348754883,0.12533744176228842,0.5359172783792019,/content/outputs/inference/answersheet/model_finetune_640_results/res_a2c55984d45ee2c85cf1dd89f89361b1_jpg_19.pkl
