149,0,222,11,149,0,221,0,221,10,149,10,dedeyae,the,0.6751506924629211,0.14150902522461756,0.3531855382025242,/content/outputs/inference/answersheet/model_finetune_640_results/res_c3b188910f7b2ad12efc0415402658ca_jpg_0.pkl
283,11,351,22,283,11,350,11,350,21,283,21,eeeelleeee,coffee,0.5254212617874146,0.11295763179659843,0.47739522797720774,/content/outputs/inference/answersheet/model_finetune_640_results/res_c3b188910f7b2ad12efc0415402658ca_jpg_1.pkl
260,321,285,331,260,321,284,321,284,330,260,330,gddddaeeeooooooe,did,0.7214062213897705,0.22637548996135592,0.4861902445554733,/content/outputs/inference/answersheet/model_finetune_640_results/res_c3b188910f7b2ad12efc0415402658ca_jpg_2.pkl
0,46,44,59,2,46,43,46,43,58,2,58,eaeeeeeeeeeees,come,0.5135122537612915,0.15981968172958919,0.35462715923786164,/content/outputs/inference/answersheet/model_finetune_640_results/res_c3b188910f7b2ad12efc0415402658ca_jpg_3.pkl
313,78,391,93,313,78,390,78,390,92,313,92,sauullaadee,school,0.5130819082260132,0.2162286944010041,0.32404946216515135,/content/outputs/inference/answersheet/model_finetune_640_results/res_c3b188910f7b2ad12efc0415402658ca_jpg_4.pkl
241,1,298,11,241,1,297,1,297,10,241,10,ttteeeettteees,the,0.611868143081665,0.20971195293324335,0.5875848233699799,/content/outputs/inference/answersheet/model_finetune_640_results/res_c3b188910f7b2ad12efc0415402658ca_jpg_5.pkl
222,322,242,331,222,322,241,322,241,330,222,330,kddfddedddddyyyy,and,0.5117257833480835,0.23164457082748413,0.5662083923816681,/content/outputs/inference/answersheet/model_finetune_640_results/res_c3b188910f7b2ad12efc0415402658ca_jpg_6.pkl
226,309,250,318,226,309,249,309,249,317,226,317,g4dddsfeod,for,0.6931911110877991,0.20350030288100243,0.7009583227336407,/content/outputs/inference/answersheet/model_finetune_640_results/res_c3b188910f7b2ad12efc0415402658ca_jpg_7.pkl
128,24,158,34,128,24,157,24,157,33,128,33,eeeeeefeeeeeee,for,0.562930166721344,0.23033307758825167,0.5530196279287338,/content/outputs/inference/answersheet/model_finetune_640_results/res_c3b188910f7b2ad12efc0415402658ca_jpg_8.pkl
193,291,216,301,193,291,215,291,215,300,193,300,4s4,40,0.6616547703742981,0.16458328068256378,0.5781060854593912,/content/outputs/inference/answersheet/model_finetune_640_results/res_c3b188910f7b2ad12efc0415402658ca_jpg_9.pkl
205,22,250,32,205,22,248,22,248,30,205,30,gaadeseeeeeeee,and,0.5132994055747986,0.17651451432279178,0.4660731181502342,/content/outputs/inference/answersheet/model_finetune_640_results/res_c3b188910f7b2ad12efc0415402658ca_jpg_10.pkl
108,13,130,22,108,13,129,13,129,21,108,21,toeoe,the,0.5620971918106079,0.12083411365747451,0.5264169126749039,/content/outputs/inference/answersheet/model_finetune_640_results/res_c3b188910f7b2ad12efc0415402658ca_jpg_11.pkl
210,12,243,22,210,12,242,12,242,21,210,21,totlleteeee,the,0.6218277215957642,0.1780217852104794,0.5296011790633202,/content/outputs/inference/answersheet/model_finetune_640_results/res_c3b188910f7b2ad12efc0415402658ca_jpg_12.pkl
