327,5,366,24,327,5,365,5,365,23,327,23,deyyyyyphhaaaaalllllllllltte,the,0.6218547821044922,0.23843269688742502,0.6294115111231804,/content/outputs/inference/answersheet/model_finetune_640_results/res_9d02265f51048834862bc6f87cee0d3a_jpg_0.pkl
316,32,353,52,316,32,352,32,352,51,316,51,ccceeod,and,0.6557533740997314,0.20500492943184717,0.6435306966304779,/content/outputs/inference/answersheet/model_finetune_640_results/res_9d02265f51048834862bc6f87cee0d3a_jpg_1.pkl
287,260,332,272,287,260,329,260,329,271,287,271,eeeeef,from,0.5442213416099548,0.13916223992904028,0.5707018539309502,/content/outputs/inference/answersheet/model_finetune_640_results/res_9d02265f51048834862bc6f87cee0d3a_jpg_2.pkl
239,0,374,22,239,0,367,0,367,21,239,21,edysdedeeoiieeeeeeale,compersity,0.5017502903938293,0.14715024686995007,0.39602699740366504,/content/outputs/inference/answersheet/model_finetune_640_results/res_9d02265f51048834862bc6f87cee0d3a_jpg_3.pkl
56,98,85,109,56,98,84,98,84,108,56,108,eeeee,the,0.6295788288116455,0.16461258381605148,0.41643111780285835,/content/outputs/inference/answersheet/model_finetune_640_results/res_9d02265f51048834862bc6f87cee0d3a_jpg_4.pkl
274,124,360,141,274,125,359,127,358,140,274,139,eeelhaaye,recharda,0.6935156583786011,0.20865685906675127,0.4197206244700485,/content/outputs/inference/answersheet/model_finetune_640_results/res_9d02265f51048834862bc6f87cee0d3a_jpg_5.pkl
226,2,301,14,226,2,300,2,300,13,226,13,ttttteeeeeeeeoodddyeeeeeeeoooooot,the,0.5346179604530334,0.1297074125120134,0.3835828546434641,/content/outputs/inference/answersheet/model_finetune_640_results/res_9d02265f51048834862bc6f87cee0d3a_jpg_6.pkl
343,313,393,329,343,313,392,313,392,328,343,328,geeeyy,school,0.5394343137741089,0.24820380409558615,0.42404397470610483,/content/outputs/inference/answersheet/model_finetune_640_results/res_9d02265f51048834862bc6f87cee0d3a_jpg_7.pkl
43,12,101,24,45,12,99,12,99,22,45,22,oooosnlloee,coffee,0.5310320854187012,0.113657030869614,0.4636091792157718,/content/outputs/inference/answersheet/model_finetune_640_results/res_9d02265f51048834862bc6f87cee0d3a_jpg_8.pkl
347,74,374,83,347,74,373,74,373,82,347,82,aaeeeeeeee,from,0.6673924922943115,0.16436847150325776,0.6261201575398445,/content/outputs/inference/answersheet/model_finetune_640_results/res_9d02265f51048834862bc6f87cee0d3a_jpg_9.pkl
329,282,352,293,329,284,351,284,351,292,329,292,eeaaattltldlhtrr,sale,0.5626037120819092,0.14618616388179362,0.5267662912607193,/content/outputs/inference/answersheet/model_finetune_640_results/res_9d02265f51048834862bc6f87cee0d3a_jpg_10.pkl
