247,346,295,358,247,346,293,346,293,356,247,356,tttdaee,stever,0.5972864031791687,0.25754123287541525,0.5692287470613208,/content/outputs/inference/answersheet/model_finetune_640_results/res_10ea34bbbaa4487324b80cdd2caac678_jpg_0.pkl
312,209,359,223,314,209,358,209,358,222,314,222,ffgcgereyyyy,coffee,0.5319107174873352,0.23597977682948112,0.5646774598530361,/content/outputs/inference/answersheet/model_finetune_640_results/res_10ea34bbbaa4487324b80cdd2caac678_jpg_1.pkl
250,201,297,213,250,201,296,201,296,212,250,212,eeeslttes,from,0.5698387622833252,0.16631283859411874,0.5761120319366455,/content/outputs/inference/answersheet/model_finetune_640_results/res_10ea34bbbaa4487324b80cdd2caac678_jpg_2.pkl
371,199,414,212,371,199,411,199,411,211,371,211,tse,from,0.5074847340583801,0.14591714491446814,0.651605361700058,/content/outputs/inference/answersheet/model_finetune_640_results/res_10ea34bbbaa4487324b80cdd2caac678_jpg_3.pkl
305,347,376,359,307,347,375,347,375,358,307,358,dheetteeeaaair,from,0.6241390109062195,0.16520636901259422,0.6363354384899139,/content/outputs/inference/answersheet/model_finetune_640_results/res_10ea34bbbaa4487324b80cdd2caac678_jpg_4.pkl
204,149,254,165,206,149,254,153,252,167,204,161,eehhhhhee,from,0.6656122207641602,0.13863490687476265,0.6302800416946411,/content/outputs/inference/answersheet/model_finetune_640_results/res_10ea34bbbaa4487324b80cdd2caac678_jpg_5.pkl
43,144,104,160,45,144,103,144,103,159,45,159,sye,from,0.5777347683906555,0.15016218026479086,0.5222693681716919,/content/outputs/inference/answersheet/model_finetune_640_results/res_10ea34bbbaa4487324b80cdd2caac678_jpg_6.pkl
40,216,84,234,40,218,83,218,83,233,40,233,oeeeeeedddde,sale,0.618025541305542,0.1604126077145338,0.4547204881906509,/content/outputs/inference/answersheet/model_finetune_640_results/res_10ea34bbbaa4487324b80cdd2caac678_jpg_7.pkl
138,135,164,144,138,135,163,135,163,143,138,143,tta,the,0.7171638607978821,0.09542410324017207,0.6675048097968102,/content/outputs/inference/answersheet/model_finetune_640_results/res_10ea34bbbaa4487324b80cdd2caac678_jpg_8.pkl
165,148,190,158,165,148,189,148,189,157,165,157,saanpaee,can,0.5867809653282166,0.1432695249095559,0.4039989933371544,/content/outputs/inference/answersheet/model_finetune_640_results/res_10ea34bbbaa4487324b80cdd2caac678_jpg_9.pkl
301,198,364,211,301,198,363,198,363,210,301,210,lsssedssseseeeeede,rester,0.6583187580108643,0.26749227320154506,0.5565020867756435,/content/outputs/inference/answersheet/model_finetune_640_results/res_10ea34bbbaa4487324b80cdd2caac678_jpg_10.pkl
176,69,206,80,176,69,205,69,205,79,176,79,d,from,0.6817148327827454,0.10451778024435043,0.5488097622990609,/content/outputs/inference/answersheet/model_finetune_640_results/res_10ea34bbbaa4487324b80cdd2caac678_jpg_11.pkl
300,120,394,133,300,120,393,120,393,132,300,132,tseeedpe,the,0.54865962266922,0.19707316253334284,0.4078150764107704,/content/outputs/inference/answersheet/model_finetune_640_results/res_10ea34bbbaa4487324b80cdd2caac678_jpg_12.pkl
