172,12,215,25,172,12,214,12,214,24,172,24,jjjjtteaaaettttvt,teat,0.5206343531608582,0.40249568574568806,0.7126714408397674,/content/outputs/inference/answersheet/model_finetune_640_results/res_086b7543851f1d0242e1aceeacd1bce2_jpg_0.pkl
357,77,413,91,357,77,412,77,412,90,357,90,aeete,from,0.7435954809188843,0.16808278858661652,0.5450575321912765,/content/outputs/inference/answersheet/model_finetune_640_results/res_086b7543851f1d0242e1aceeacd1bce2_jpg_1.pkl
247,56,300,70,247,56,299,56,299,69,247,69,tteeeell,tersity,0.7829887866973877,0.34003594517707825,0.5812017163261771,/content/outputs/inference/answersheet/model_finetune_640_results/res_086b7543851f1d0242e1aceeacd1bce2_jpg_2.pkl
59,13,113,25,59,13,112,13,112,24,59,24,setatrtaee,state,0.8298556804656982,0.20668404251337053,0.619133397936821,/content/outputs/inference/answersheet/model_finetune_640_results/res_086b7543851f1d0242e1aceeacd1bce2_jpg_3.pkl
114,134,176,148,114,134,175,134,175,147,114,147,tddeeeaeet,teater,0.5904858708381653,0.2578532285988331,0.5096915917737144,/content/outputs/inference/answersheet/model_finetune_640_results/res_086b7543851f1d0242e1aceeacd1bce2_jpg_4.pkl
255,158,275,167,255,158,274,158,274,166,255,166,sseeeeaaaaaaaa,from,0.625505805015564,0.1395948034312044,0.5582969360053539,/content/outputs/inference/answersheet/model_finetune_640_results/res_086b7543851f1d0242e1aceeacd1bce2_jpg_5.pkl
63,102,115,116,63,102,114,102,114,115,63,115,saaalee,sale,0.6080960035324097,0.28246544514383587,0.5404419451951981,/content/outputs/inference/answersheet/model_finetune_640_results/res_086b7543851f1d0242e1aceeacd1bce2_jpg_6.pkl
101,35,162,46,101,35,161,35,161,45,101,45,taeeateaay,teath,0.8201977014541626,0.2434001721441746,0.4491855675975482,/content/outputs/inference/answersheet/model_finetune_640_results/res_086b7543851f1d0242e1aceeacd1bce2_jpg_7.pkl
229,156,276,168,229,156,275,156,275,167,229,167,tgetttttttttssdd,for,0.5424364805221558,0.37287571420893073,0.38389794528484344,/content/outputs/inference/answersheet/model_finetune_640_results/res_086b7543851f1d0242e1aceeacd1bce2_jpg_8.pkl
312,389,340,399,312,389,339,389,339,398,312,398,ssstntt,from,0.7147184014320374,0.244234921676772,0.6151435956358909,/content/outputs/inference/answersheet/model_finetune_640_results/res_086b7543851f1d0242e1aceeacd1bce2_jpg_9.pkl
285,34,319,46,285,34,318,34,318,45,285,45,tetaaaatttttttttee,tell,0.6344446539878845,0.4158855775992076,0.6184600770473481,/content/outputs/inference/answersheet/model_finetune_640_results/res_086b7543851f1d0242e1aceeacd1bce2_jpg_10.pkl
274,223,313,236,274,222,312,223,311,235,274,232,teaoa,from,0.5448423027992249,0.12047292143106461,0.6380287945270539,/content/outputs/inference/answersheet/model_finetune_640_results/res_086b7543851f1d0242e1aceeacd1bce2_jpg_11.pkl
268,135,292,145,268,135,291,135,291,144,268,144,fthtttheeeaantl,teat,0.5202093124389648,0.36391311486562095,0.5982324719429016,/content/outputs/inference/answersheet/model_finetune_640_results/res_086b7543851f1d0242e1aceeacd1bce2_jpg_12.pkl
66,158,101,170,66,158,100,158,100,169,66,169,tmdeeeeaaeaaanntt,teat,0.5340979099273682,0.3037327799726935,0.5671813607215881,/content/outputs/inference/answersheet/model_finetune_640_results/res_086b7543851f1d0242e1aceeacd1bce2_jpg_13.pkl
108,59,138,70,108,59,137,59,137,69,108,69,ttsseanlillllllll,the,0.8184363842010498,0.24606169584919424,0.47605305910110474,/content/outputs/inference/answersheet/model_finetune_640_results/res_086b7543851f1d0242e1aceeacd1bce2_jpg_14.pkl
159,391,222,402,162,391,220,391,220,400,162,400,tleodiiieel,teading,0.5947537422180176,0.3574952388351614,0.5008831806480885,/content/outputs/inference/answersheet/model_finetune_640_results/res_086b7543851f1d0242e1aceeacd1bce2_jpg_15.pkl
181,58,209,70,181,58,208,58,208,69,181,69,yttttfellll,for,0.5638223886489868,0.3000973801721226,0.4848788157105446,/content/outputs/inference/answersheet/model_finetune_640_results/res_086b7543851f1d0242e1aceeacd1bce2_jpg_16.pkl
93,391,124,401,93,391,123,391,123,400,93,400,ttteeoel,1991,0.5473344922065735,0.22514026332646608,0.552903562784195,/content/outputs/inference/answersheet/model_finetune_640_results/res_086b7543851f1d0242e1aceeacd1bce2_jpg_17.pkl
366,313,390,322,366,313,389,313,389,321,366,321,tteebbeiiiia,that,0.5371260046958923,0.21435687194267908,0.5824978426098824,/content/outputs/inference/answersheet/model_finetune_640_results/res_086b7543851f1d0242e1aceeacd1bce2_jpg_18.pkl
78,182,117,194,78,182,116,182,116,193,78,193,tttteeeeeeeeeeee,from,0.593820333480835,0.2087570675648749,0.5848699510097504,/content/outputs/inference/answersheet/model_finetune_640_results/res_086b7543851f1d0242e1aceeacd1bce2_jpg_19.pkl
265,288,332,303,265,288,330,288,330,301,265,301,taateaa,teath,0.5776585936546326,0.4034299637590136,0.5698472211758295,/content/outputs/inference/answersheet/model_finetune_640_results/res_086b7543851f1d0242e1aceeacd1bce2_jpg_20.pkl
261,289,295,302,261,289,294,289,294,301,261,301,ttaaattnntttttt,that,0.5624135136604309,0.3913897330562274,0.6471291109919548,/content/outputs/inference/answersheet/model_finetune_640_results/res_086b7543851f1d0242e1aceeacd1bce2_jpg_21.pkl
117,137,143,146,117,137,142,137,142,145,117,145,ttttdeei,town,0.5192640423774719,0.2868669293820858,0.5407817900180817,/content/outputs/inference/answersheet/model_finetune_640_results/res_086b7543851f1d0242e1aceeacd1bce2_jpg_22.pkl
80,228,101,237,80,228,100,228,100,236,80,236,taaeet,but,0.6028067469596863,0.1522315007944902,0.5193552523851395,/content/outputs/inference/answersheet/model_finetune_640_results/res_086b7543851f1d0242e1aceeacd1bce2_jpg_23.pkl
356,154,386,167,356,154,385,154,385,166,356,166,fffff111111e1edy,from,0.5541824102401733,0.2136320024728775,0.6115357458591462,/content/outputs/inference/answersheet/model_finetune_640_results/res_086b7543851f1d0242e1aceeacd1bce2_jpg_24.pkl
367,56,392,65,367,56,391,56,391,64,367,64,ttttttttttaaaeaaaaat,from,0.5334379076957703,0.3203900527209044,0.6092802345752716,/content/outputs/inference/answersheet/model_finetune_640_results/res_086b7543851f1d0242e1aceeacd1bce2_jpg_25.pkl
339,53,399,67,339,53,398,53,398,66,339,66,taettttaaa,tapation,0.6604735851287842,0.3326190635561943,0.5173388024171194,/content/outputs/inference/answersheet/model_finetune_640_results/res_086b7543851f1d0242e1aceeacd1bce2_jpg_26.pkl
74,316,102,324,74,316,101,316,101,323,74,323,ttaaaaaaatttnnnlhl,exit,0.681111752986908,0.2218783770998319,0.6925860285758972,/content/outputs/inference/answersheet/model_finetune_640_results/res_086b7543851f1d0242e1aceeacd1bce2_jpg_27.pkl
123,157,149,168,123,157,148,157,148,167,123,167,tttssaaat,team,0.5245627760887146,0.3707140137751897,0.4698491394519806,/content/outputs/inference/answersheet/model_finetune_640_results/res_086b7543851f1d0242e1aceeacd1bce2_jpg_28.pkl
260,366,314,380,260,366,313,366,313,379,260,379,teattiiaellllllll,tedital,0.6126808524131775,0.3916609138250351,0.6713164458051324,/content/outputs/inference/answersheet/model_finetune_640_results/res_086b7543851f1d0242e1aceeacd1bce2_jpg_29.pkl
