47,15,107,26,47,15,105,15,105,24,47,24,aleetttte,from,0.6445338129997253,0.13560271345906788,0.5932866901159286,/content/outputs/inference/answersheet/model_finetune_640_results/res_14a3aa0426169ebbcfe62fdb3fe983b8_jpg_0.pkl
235,105,282,117,235,105,281,105,281,116,235,116,hade,charden,0.7183749675750732,0.15710349939763546,0.49510473012924194,/content/outputs/inference/answersheet/model_finetune_640_results/res_14a3aa0426169ebbcfe62fdb3fe983b8_jpg_1.pkl
59,115,83,126,59,115,82,115,82,125,59,125,ssassstttt,sale,0.627240777015686,0.23279874548316,0.6580823838710785,/content/outputs/inference/answersheet/model_finetune_640_results/res_14a3aa0426169ebbcfe62fdb3fe983b8_jpg_2.pkl
129,115,148,125,129,115,147,115,147,124,129,124,hhhhhhhheeaeaal,the,0.5590951442718506,0.13848881026109058,0.5334079451858997,/content/outputs/inference/answersheet/model_finetune_640_results/res_14a3aa0426169ebbcfe62fdb3fe983b8_jpg_3.pkl
48,17,77,26,48,17,76,17,76,25,48,25,ee,from,0.5302887558937073,0.11572806909680367,0.6366901651024819,/content/outputs/inference/answersheet/model_finetune_640_results/res_14a3aa0426169ebbcfe62fdb3fe983b8_jpg_4.pkl
140,128,184,141,140,128,183,128,183,140,140,140,taaeeeehaaaaaaaa,date,0.5933817625045776,0.1371648903004825,0.43354448229074477,/content/outputs/inference/answersheet/model_finetune_640_results/res_14a3aa0426169ebbcfe62fdb3fe983b8_jpg_5.pkl
153,96,177,104,153,96,176,96,176,103,153,103,ddaaaaaaaaaaaaaaaae,the,0.5976168513298035,0.14669956149239288,0.37339139729738235,/content/outputs/inference/answersheet/model_finetune_640_results/res_14a3aa0426169ebbcfe62fdb3fe983b8_jpg_6.pkl
94,116,115,127,94,116,114,116,114,126,94,126,oyoyyyyyyyyyyyyyyyff,of,0.5135582089424133,0.24190638884902,0.529857357343038,/content/outputs/inference/answersheet/model_finetune_640_results/res_14a3aa0426169ebbcfe62fdb3fe983b8_jpg_7.pkl
196,105,225,116,196,105,224,105,224,115,196,115,fffe,from,0.7025485038757324,0.33285790868103504,0.5994608581066132,/content/outputs/inference/answersheet/model_finetune_640_results/res_14a3aa0426169ebbcfe62fdb3fe983b8_jpg_8.pkl
37,83,55,94,37,83,54,83,54,93,37,93,aaa,and,0.5867619514465332,0.14394640922546387,0.6185081228613853,/content/outputs/inference/answersheet/model_finetune_640_results/res_14a3aa0426169ebbcfe62fdb3fe983b8_jpg_9.pkl
