141,44,176,55,141,44,175,44,175,54,141,54,taaaasntpaptppeeeee,the,0.6848270297050476,0.29176320292447744,0.6499957665801048,/content/outputs/inference/answersheet/model_finetune_640_results/res_0c99b3298bf137b44ced86821b3cf2ae_jpg_0.pkl
341,266,407,280,341,266,406,266,406,279,341,279,gessaseeeee,come,0.5582839846611023,0.1880746070634235,0.3254062831401825,/content/outputs/inference/answersheet/model_finetune_640_results/res_0c99b3298bf137b44ced86821b3cf2ae_jpg_1.pkl
94,149,111,158,94,149,110,149,110,157,94,157,ffffffffhhhhhheeee,from,0.5737992525100708,0.2538566022283501,0.5988992750644684,/content/outputs/inference/answersheet/model_finetune_640_results/res_0c99b3298bf137b44ced86821b3cf2ae_jpg_2.pkl
189,124,231,134,189,124,229,124,229,132,189,132,wed,come,0.6499011516571045,0.1998217056194941,0.3613269716501236,/content/outputs/inference/answersheet/model_finetune_640_results/res_0c99b3298bf137b44ced86821b3cf2ae_jpg_3.pkl
36,1,108,13,38,1,107,1,107,12,38,12,sssstfnefrrffrrrrrrotttd,sender,0.8256434202194214,0.16484999687721333,0.5450413227081299,/content/outputs/inference/answersheet/model_finetune_640_results/res_0c99b3298bf137b44ced86821b3cf2ae_jpg_4.pkl
162,12,203,22,162,12,202,12,202,21,162,21,ttaare,date,0.7922213077545166,0.2348009211321672,0.5607625842094421,/content/outputs/inference/answersheet/model_finetune_640_results/res_0c99b3298bf137b44ced86821b3cf2ae_jpg_5.pkl
35,44,133,55,40,44,132,44,132,54,40,54,bessdlllueseeeee,beckers,0.5930271744728088,0.21888456540182233,0.44561775401234627,/content/outputs/inference/answersheet/model_finetune_640_results/res_0c99b3298bf137b44ced86821b3cf2ae_jpg_6.pkl
257,100,271,111,257,100,270,100,270,110,257,110,ttttttttttttttttttttt,the,0.6145745515823364,0.3746730990353085,0.695476621389389,/content/outputs/inference/answersheet/model_finetune_640_results/res_0c99b3298bf137b44ced86821b3cf2ae_jpg_7.pkl
386,267,413,279,386,267,412,267,412,278,386,278,tfet,the,0.5233017206192017,0.2192339263856411,0.6094673182815313,/content/outputs/inference/answersheet/model_finetune_640_results/res_0c99b3298bf137b44ced86821b3cf2ae_jpg_8.pkl
41,91,65,102,41,91,64,91,64,101,41,101,ttaaaaaaheeeee,the,0.5219058394432068,0.19431601464748383,0.6863557696342468,/content/outputs/inference/answersheet/model_finetune_640_results/res_0c99b3298bf137b44ced86821b3cf2ae_jpg_9.pkl
335,291,360,302,335,291,359,291,359,301,335,301,ayy,from,0.6519116163253784,0.23357602953910828,0.658202038705349,/content/outputs/inference/answersheet/model_finetune_640_results/res_0c99b3298bf137b44ced86821b3cf2ae_jpg_10.pkl
130,2,155,13,130,2,154,2,154,12,130,12,aat,the,0.6914175748825073,0.13888958096504211,0.680566493421793,/content/outputs/inference/answersheet/model_finetune_640_results/res_0c99b3298bf137b44ced86821b3cf2ae_jpg_11.pkl
115,147,165,159,115,147,163,147,163,157,115,157,lte,from,0.6269663572311401,0.1281231865286827,0.5144438832998276,/content/outputs/inference/answersheet/model_finetune_640_results/res_0c99b3298bf137b44ced86821b3cf2ae_jpg_12.pkl
289,188,312,197,289,188,311,188,311,196,289,196,llloyyeeeeeeeeeeee,for,0.6106657385826111,0.2189253568649292,0.5586278820410371,/content/outputs/inference/answersheet/model_finetune_640_results/res_0c99b3298bf137b44ced86821b3cf2ae_jpg_13.pkl
68,267,92,279,68,267,91,267,91,278,68,278,eecaaeerrr,come,0.5468258857727051,0.14706641659140587,0.3542898893356323,/content/outputs/inference/answersheet/model_finetune_640_results/res_0c99b3298bf137b44ced86821b3cf2ae_jpg_14.pkl
19,145,46,160,19,145,45,145,45,159,19,159,a91t1iiydddddddddddy,19,0.5186057686805725,0.2799790047109127,0.3905569165945053,/content/outputs/inference/answersheet/model_finetune_640_results/res_0c99b3298bf137b44ced86821b3cf2ae_jpg_15.pkl
88,11,169,23,93,11,167,11,167,21,93,21,goaadeeaddd,from,0.5356615781784058,0.18494338474490427,0.633558101952076,/content/outputs/inference/answersheet/model_finetune_640_results/res_0c99b3298bf137b44ced86821b3cf2ae_jpg_16.pkl
44,59,216,80,44,59,215,59,215,79,44,79,ssdsalaaaaeeeneeeeeeeaeannieeeeee,collect,0.5031178593635559,0.16565073891119522,0.40797668136656284,/content/outputs/inference/answersheet/model_finetune_640_results/res_0c99b3298bf137b44ced86821b3cf2ae_jpg_17.pkl
100,13,134,26,100,13,133,13,133,25,100,25,flccaodye,cand,0.6723055243492126,0.23683798395925099,0.31470255851745604,/content/outputs/inference/answersheet/model_finetune_640_results/res_0c99b3298bf137b44ced86821b3cf2ae_jpg_18.pkl
275,170,319,180,275,170,318,170,318,179,275,179,ftltaettttt,from,0.5573235154151917,0.21003084900704297,0.4550145387649536,/content/outputs/inference/answersheet/model_finetune_640_results/res_0c99b3298bf137b44ced86821b3cf2ae_jpg_19.pkl
39,257,65,270,39,257,64,257,64,269,39,269,te,the,0.6421276330947876,0.16848184913396835,0.6868001967668533,/content/outputs/inference/answersheet/model_finetune_640_results/res_0c99b3298bf137b44ced86821b3cf2ae_jpg_20.pkl
378,290,401,300,378,290,400,290,400,299,378,299,ssssssssssssafttttttttaaaaaaeeseeessse,for,0.5151129961013794,0.2384401771583055,0.471029307693243,/content/outputs/inference/answersheet/model_finetune_640_results/res_0c99b3298bf137b44ced86821b3cf2ae_jpg_21.pkl
117,149,147,159,117,149,146,149,146,158,117,158,aee,from,0.526259183883667,0.1951176499327024,0.506892716884613,/content/outputs/inference/answersheet/model_finetune_640_results/res_0c99b3298bf137b44ced86821b3cf2ae_jpg_22.pkl
273,120,373,135,275,120,372,120,372,134,275,134,ooeeeaedaaa,comparkan,0.6263502240180969,0.20393358848311685,0.39133665561676023,/content/outputs/inference/answersheet/model_finetune_640_results/res_0c99b3298bf137b44ced86821b3cf2ae_jpg_23.pkl
