180,188,228,200,180,188,227,188,227,199,180,199,eesfaaeeeedd,the,0.7834584712982178,0.33491685924430686,0.4785495586693287,/content/outputs/inference/answersheet/model_finetune_640_results/res_c515443e1de70aab7d3d672c04d538fc_jpg_0.pkl
233,242,277,255,233,242,275,242,275,253,233,253,oaanykkkoo,subjay,0.6934922933578491,0.20308518707752227,0.3799980602094105,/content/outputs/inference/answersheet/model_finetune_640_results/res_c515443e1de70aab7d3d672c04d538fc_jpg_1.pkl
231,233,273,243,231,233,271,233,271,241,231,241,uatltlreeteeeeee,but,0.7703025341033936,0.17554005049169064,0.41088269744068384,/content/outputs/inference/answersheet/model_finetune_640_results/res_c515443e1de70aab7d3d672c04d538fc_jpg_2.pkl
145,43,184,55,145,43,183,43,183,54,145,54,tiiieey,the,0.5068681836128235,0.15731111488171987,0.5186767056584358,/content/outputs/inference/answersheet/model_finetune_640_results/res_c515443e1de70aab7d3d672c04d538fc_jpg_3.pkl
331,12,402,22,331,12,399,12,399,21,331,21,sae,sender,0.6151631474494934,0.14013606061538061,0.4392680280974933,/content/outputs/inference/answersheet/model_finetune_640_results/res_c515443e1de70aab7d3d672c04d538fc_jpg_4.pkl
120,363,211,378,120,363,210,363,210,377,120,377,eaayeeaaeeaaee,coffee,0.6035666465759277,0.24279805618737424,0.47385076539857046,/content/outputs/inference/answersheet/model_finetune_640_results/res_c515443e1de70aab7d3d672c04d538fc_jpg_5.pkl
69,10,110,21,69,10,109,10,109,20,69,20,aasat,sale,0.6659033298492432,0.29668841063976287,0.39967159181833267,/content/outputs/inference/answersheet/model_finetune_640_results/res_c515443e1de70aab7d3d672c04d538fc_jpg_6.pkl
292,44,359,57,292,44,358,44,358,56,292,56,tggatttnattt,greater,0.6142329573631287,0.19881518495579562,0.4873861847445369,/content/outputs/inference/answersheet/model_finetune_640_results/res_c515443e1de70aab7d3d672c04d538fc_jpg_7.pkl
203,343,276,357,203,343,275,343,275,356,203,356,taayyaaaaaaaallllaesss,from,0.6832970976829529,0.28038526698946953,0.6264791935682297,/content/outputs/inference/answersheet/model_finetune_640_results/res_c515443e1de70aab7d3d672c04d538fc_jpg_8.pkl
56,12,68,21,56,12,67,12,67,20,56,20,ttttbbbo,to,0.6972864270210266,0.302129415795207,0.6525060534477234,/content/outputs/inference/answersheet/model_finetune_640_results/res_c515443e1de70aab7d3d672c04d538fc_jpg_9.pkl
50,43,67,56,50,43,66,43,66,55,50,55,ttdoe,to,0.6356410384178162,0.23419714570045472,0.6139920403560003,/content/outputs/inference/answersheet/model_finetune_640_results/res_c515443e1de70aab7d3d672c04d538fc_jpg_10.pkl
131,211,155,223,131,211,154,211,154,222,131,222,at,the,0.784987211227417,0.28883522003889084,0.7739633619785309,/content/outputs/inference/answersheet/model_finetune_640_results/res_c515443e1de70aab7d3d672c04d538fc_jpg_11.pkl
72,89,110,101,72,89,107,89,107,100,72,100,aa,sale,0.5672419667243958,0.12827177345752716,0.35096846520900726,/content/outputs/inference/answersheet/model_finetune_640_results/res_c515443e1de70aab7d3d672c04d538fc_jpg_12.pkl
270,245,288,255,270,245,285,245,285,254,270,254,eaossyysssss,the,0.5036391615867615,0.16263965827723345,0.5156992431730032,/content/outputs/inference/answersheet/model_finetune_640_results/res_c515443e1de70aab7d3d672c04d538fc_jpg_13.pkl
196,54,260,70,196,56,256,56,256,68,196,68,efeeeeeidaady,collers,0.5626324415206909,0.2751264984791095,0.41463360004127026,/content/outputs/inference/answersheet/model_finetune_640_results/res_c515443e1de70aab7d3d672c04d538fc_jpg_14.pkl
319,23,372,34,319,23,371,23,371,33,319,33,dbllasstdleeeppo,date,0.7033405900001526,0.17388747399672866,0.48060712963342667,/content/outputs/inference/answersheet/model_finetune_640_results/res_c515443e1de70aab7d3d672c04d538fc_jpg_15.pkl
152,220,173,230,152,220,172,220,172,229,152,229,saeaaeeeeeeeeeeeeeeeeseeeeeeeeeeeeee,sale,0.5815150141716003,0.18786771471301714,0.5416974782943725,/content/outputs/inference/answersheet/model_finetune_640_results/res_c515443e1de70aab7d3d672c04d538fc_jpg_16.pkl
298,44,328,55,298,44,327,44,327,54,298,54,dggbbeaae,come,0.5717183351516724,0.11286127153370115,0.3073547422885895,/content/outputs/inference/answersheet/model_finetune_640_results/res_c515443e1de70aab7d3d672c04d538fc_jpg_17.pkl
228,25,258,35,228,25,257,25,257,34,228,34,ecccceaawvwwvww,course,0.5519903898239136,0.13646772901217144,0.3991658410855702,/content/outputs/inference/answersheet/model_finetune_640_results/res_c515443e1de70aab7d3d672c04d538fc_jpg_18.pkl
179,110,224,121,179,110,223,110,223,120,179,120,ddagaaaaaaaeeeeoooo,date,0.5468498468399048,0.1810991022931902,0.45773517787456514,/content/outputs/inference/answersheet/model_finetune_640_results/res_c515443e1de70aab7d3d672c04d538fc_jpg_19.pkl
73,56,141,68,73,56,140,56,140,67,73,67,aaaaaa,subject,0.581250011920929,0.1771796221534411,0.4799430724233389,/content/outputs/inference/answersheet/model_finetune_640_results/res_c515443e1de70aab7d3d672c04d538fc_jpg_20.pkl
126,365,151,375,126,365,150,365,150,374,126,374,aaaaa,the,0.5045018792152405,0.1454940915107727,0.45686349645256996,/content/outputs/inference/answersheet/model_finetune_640_results/res_c515443e1de70aab7d3d672c04d538fc_jpg_21.pkl
132,227,153,236,132,227,152,227,152,235,132,235,aaaaaaeeaaaaeaaaeaaeeaaaaaaddddddddddye,have,0.6431280970573425,0.16289482208398673,0.4746589258313179,/content/outputs/inference/answersheet/model_finetune_640_results/res_c515443e1de70aab7d3d672c04d538fc_jpg_22.pkl
270,48,298,58,270,48,297,48,297,57,270,57,efssoaaaaaae,from,0.5537137389183044,0.08485198331375916,0.5504708364605904,/content/outputs/inference/answersheet/model_finetune_640_results/res_c515443e1de70aab7d3d672c04d538fc_jpg_23.pkl
134,21,161,32,134,21,160,21,160,31,134,31,sthhhhhddddd,the,0.5420289635658264,0.20411442841092745,0.542161962017417,/content/outputs/inference/answersheet/model_finetune_640_results/res_c515443e1de70aab7d3d672c04d538fc_jpg_24.pkl
133,133,159,144,133,133,158,133,158,143,133,143,attttttahhddddtt,the,0.5246066451072693,0.16353286849334836,0.5042835474014282,/content/outputs/inference/answersheet/model_finetune_640_results/res_c515443e1de70aab7d3d672c04d538fc_jpg_25.pkl
234,14,257,22,234,14,256,14,256,21,234,21,tdt1,the,0.5441333055496216,0.2126043476164341,0.5013943314552307,/content/outputs/inference/answersheet/model_finetune_640_results/res_c515443e1de70aab7d3d672c04d538fc_jpg_26.pkl
