276,312,363,328,276,312,362,312,362,327,276,327,yeeeaaeeaaataeaeaa,compers,0.5484898090362549,0.17207234932316673,0.361037727445364,/content/outputs/inference/answersheet/model_finetune_640_results/res_DM21380_pdf_4_jpg_0.pkl
272,82,337,96,272,82,336,82,336,95,272,95,aasfeee,from,0.6816489100456238,0.1812622733414173,0.5626107424497604,/content/outputs/inference/answersheet/model_finetune_640_results/res_DM21380_pdf_4_jpg_1.pkl
288,110,349,124,288,110,348,110,348,123,288,123,tee,the,0.6738613247871399,0.49124348163604736,0.39960888773202896,/content/outputs/inference/answersheet/model_finetune_640_results/res_DM21380_pdf_4_jpg_2.pkl
160,284,214,296,160,284,213,284,213,295,160,295,eefeeeeee,the,0.7470190525054932,0.35933514932791394,0.495157478377223,/content/outputs/inference/answersheet/model_finetune_640_results/res_DM21380_pdf_4_jpg_3.pkl
171,203,220,216,171,203,219,203,219,215,171,215,ffegaddd,from,0.6199103593826294,0.20942604914307594,0.5212095379829407,/content/outputs/inference/answersheet/model_finetune_640_results/res_DM21380_pdf_4_jpg_4.pkl
340,155,384,165,340,155,383,155,383,164,340,164,aeeeppee,sale,0.7031493782997131,0.15755671169608831,0.5459213078022003,/content/outputs/inference/answersheet/model_finetune_640_results/res_DM21380_pdf_4_jpg_5.pkl
212,292,249,305,212,292,248,292,248,304,212,304,coaeeess,come,0.6983955502510071,0.18144938349723816,0.4393252968788147,/content/outputs/inference/answersheet/model_finetune_640_results/res_DM21380_pdf_4_jpg_6.pkl
366,219,413,230,366,219,412,219,412,229,366,229,ea,from,0.6955426931381226,0.09770653024315834,0.5797382086515427,/content/outputs/inference/answersheet/model_finetune_640_results/res_DM21380_pdf_4_jpg_7.pkl
100,122,140,134,100,122,139,122,139,133,100,133,sopoeappttee,come,0.7157558798789978,0.1674947397162517,0.3953517496585846,/content/outputs/inference/answersheet/model_finetune_640_results/res_DM21380_pdf_4_jpg_8.pkl
318,295,363,306,318,295,362,295,362,305,318,305,safadeee,the,0.6715754270553589,0.1499763187021017,0.4882800951600075,/content/outputs/inference/answersheet/model_finetune_640_results/res_DM21380_pdf_4_jpg_9.pkl
174,148,215,161,174,148,214,148,214,160,174,160,e,from,0.7402005791664124,0.1195712611079216,0.5310731828212738,/content/outputs/inference/answersheet/model_finetune_640_results/res_DM21380_pdf_4_jpg_10.pkl
156,94,192,104,156,94,191,94,191,103,156,103,eteeeeeeeeeeeeeeeeee,the,0.5295563340187073,0.3283627167344093,0.5686919689178467,/content/outputs/inference/answersheet/model_finetune_640_results/res_DM21380_pdf_4_jpg_11.pkl
146,301,208,314,146,301,207,301,207,313,146,313,eefaaeeeepfee,subject,0.5880045294761658,0.19313030002208856,0.43677043356001377,/content/outputs/inference/answersheet/model_finetune_640_results/res_DM21380_pdf_4_jpg_12.pkl
178,363,234,376,178,362,233,366,232,377,178,373,cffeeeee,coffee,0.6315652132034302,0.15974957961589098,0.6171503833362034,/content/outputs/inference/answersheet/model_finetune_640_results/res_DM21380_pdf_4_jpg_13.pkl
81,351,144,363,83,351,143,351,143,362,83,362,glleaatate,coffee,0.6922791600227356,0.11468076780438423,0.530669378382819,/content/outputs/inference/answersheet/model_finetune_640_results/res_DM21380_pdf_4_jpg_14.pkl
205,119,257,133,205,121,256,121,256,132,205,132,saaeeeeee,from,0.5328388214111328,0.1874049256245295,0.5657795011997223,/content/outputs/inference/answersheet/model_finetune_640_results/res_DM21380_pdf_4_jpg_15.pkl
226,386,285,398,228,386,283,386,283,396,228,396,oegyeppoeaeeeee,spe,0.5428445935249329,0.14461348205804825,0.32597266137599945,/content/outputs/inference/answersheet/model_finetune_640_results/res_DM21380_pdf_4_jpg_16.pkl
326,167,378,179,328,167,377,167,377,178,328,178,mdrfeeeaaaa,from,0.6107873320579529,0.13992011479356073,0.5598320066928864,/content/outputs/inference/answersheet/model_finetune_640_results/res_DM21380_pdf_4_jpg_17.pkl
265,202,310,214,265,202,309,202,309,213,265,213,aaaa4444eeehheaeeaeeeeee,the,0.5196771025657654,0.19241885840892792,0.46877528447657824,/content/outputs/inference/answersheet/model_finetune_640_results/res_DM21380_pdf_4_jpg_18.pkl
149,121,202,134,149,121,201,121,201,133,149,133,aeeeeee,the,0.5816110372543335,0.38721779201711926,0.5945843663066626,/content/outputs/inference/answersheet/model_finetune_640_results/res_DM21380_pdf_4_jpg_19.pkl
276,391,391,402,282,391,390,391,390,401,282,401,yeeooleedneeee,price,0.5251306295394897,0.15282981949193136,0.3137408023079236,/content/outputs/inference/answersheet/model_finetune_640_results/res_DM21380_pdf_4_jpg_20.pkl
283,219,356,231,283,219,355,219,355,230,283,230,dsee,sender,0.7929669618606567,0.12662084959447384,0.5049914824111121,/content/outputs/inference/answersheet/model_finetune_640_results/res_DM21380_pdf_4_jpg_21.pkl
170,385,200,395,170,385,199,385,199,394,170,394,yeftttttttttttf,from,0.6172105073928833,0.22243659148613612,0.613056555390358,/content/outputs/inference/answersheet/model_finetune_640_results/res_DM21380_pdf_4_jpg_22.pkl
266,295,309,311,268,295,308,295,308,310,268,310,toeaeaeey,the,0.6741172075271606,0.13338111423783833,0.4052002392709255,/content/outputs/inference/answersheet/model_finetune_640_results/res_DM21380_pdf_4_jpg_23.pkl
207,93,234,102,207,93,233,93,233,101,207,101,eeeeeeeeee,sender,0.6176744103431702,0.16326943188905715,0.5529108153922218,/content/outputs/inference/answersheet/model_finetune_640_results/res_DM21380_pdf_4_jpg_24.pkl
148,366,165,374,148,366,164,366,164,373,148,373,httteeeeeeeeeee,from,0.547379732131958,0.20265284031629563,0.6451904594898223,/content/outputs/inference/answersheet/model_finetune_640_results/res_DM21380_pdf_4_jpg_25.pkl
121,373,138,383,121,373,137,373,137,382,121,382,bhhheehddddddooddsee,the,0.5632086992263794,0.13507904335856438,0.6389603782445192,/content/outputs/inference/answersheet/model_finetune_640_results/res_DM21380_pdf_4_jpg_26.pkl
283,379,364,391,283,379,363,379,363,390,283,390,eetatttttpnennffffffeeeee,the,0.6101617217063904,0.16687672406435014,0.31762280594557524,/content/outputs/inference/answersheet/model_finetune_640_results/res_DM21380_pdf_4_jpg_27.pkl
267,305,326,315,267,305,324,305,324,313,267,313,lbbaeeeeeafeee,come,0.5532266497612,0.13927955340061868,0.32979282438755037,/content/outputs/inference/answersheet/model_finetune_640_results/res_DM21380_pdf_4_jpg_28.pkl
163,314,190,324,163,314,189,314,189,323,163,323,eaaopppeee,come,0.5887380242347717,0.13105244785547257,0.33707592487335203,/content/outputs/inference/answersheet/model_finetune_640_results/res_DM21380_pdf_4_jpg_29.pkl
84,282,140,295,84,282,139,282,139,294,84,294,cetstt,coffee,0.7321920990943909,0.20411834120750427,0.5602809063025883,/content/outputs/inference/answersheet/model_finetune_640_results/res_DM21380_pdf_4_jpg_30.pkl
104,96,139,108,104,96,138,96,138,107,104,107,heaeeeeee,the,0.6855345964431763,0.3086141025026639,0.6179817020893097,/content/outputs/inference/answersheet/model_finetune_640_results/res_DM21380_pdf_4_jpg_31.pkl
151,350,183,362,151,350,182,350,182,361,151,361,ttttdddddtte,that,0.7398138046264648,0.16801401476065317,0.6085302531719208,/content/outputs/inference/answersheet/model_finetune_640_results/res_DM21380_pdf_4_jpg_32.pkl
276,386,404,408,276,386,403,390,402,409,276,404,seaeeneeee,compering,0.6279146075248718,0.15857263058423995,0.4519707329571247,/content/outputs/inference/answersheet/model_finetune_640_results/res_DM21380_pdf_4_jpg_33.pkl
75,281,226,298,83,283,222,283,222,295,83,295,esttnafe,coffee,0.5755708813667297,0.16503657307475805,0.5483381790774209,/content/outputs/inference/answersheet/model_finetune_640_results/res_DM21380_pdf_4_jpg_34.pkl
