2,322,60,335,2,322,59,322,59,334,2,334,eeotaaeee4fe,for,0.6136184334754944,0.20753882825374603,0.372275996953249,/content/outputs/inference/answersheet/model_finetune_640_results/res_8ac5fcbeebd2a5ce400f46fb766dd553_jpg_0.pkl
123,265,167,280,123,265,166,265,166,279,123,279,efoa,from,0.5692897439002991,0.16632118076086044,0.5587500780820847,/content/outputs/inference/answersheet/model_finetune_640_results/res_8ac5fcbeebd2a5ce400f46fb766dd553_jpg_1.pkl
329,322,377,335,329,322,374,322,374,334,329,334,jdiigaad,jight,0.6454499959945679,0.21268581226468086,0.5150986611843109,/content/outputs/inference/answersheet/model_finetune_640_results/res_8ac5fcbeebd2a5ce400f46fb766dd553_jpg_2.pkl
235,146,257,155,235,146,256,146,256,154,235,154,4fffo3333330377vv,for,0.6794945001602173,0.1262081414461136,0.5657827388495207,/content/outputs/inference/answersheet/model_finetune_640_results/res_8ac5fcbeebd2a5ce400f46fb766dd553_jpg_3.pkl
122,398,193,411,122,398,192,398,192,410,122,410,geprett,coffeen,0.5836216807365417,0.1062827855348587,0.47205653600394726,/content/outputs/inference/answersheet/model_finetune_640_results/res_8ac5fcbeebd2a5ce400f46fb766dd553_jpg_4.pkl
111,13,205,23,114,13,204,13,204,22,114,22,deedae,the,0.538194477558136,0.11894570415218671,0.4213033393025398,/content/outputs/inference/answersheet/model_finetune_640_results/res_8ac5fcbeebd2a5ce400f46fb766dd553_jpg_5.pkl
122,234,144,243,122,234,143,234,143,242,122,242,ttadhss,do,0.669975221157074,0.20091213285923004,0.528125653664271,/content/outputs/inference/answersheet/model_finetune_640_results/res_8ac5fcbeebd2a5ce400f46fb766dd553_jpg_6.pkl
365,100,387,112,365,100,386,100,386,111,365,111,41db399d933,10,0.5954300761222839,0.12610155005346646,0.40197887023289997,/content/outputs/inference/answersheet/model_finetune_640_results/res_8ac5fcbeebd2a5ce400f46fb766dd553_jpg_7.pkl
215,59,231,67,215,59,230,59,230,66,215,66,ddddddd,4,0.5289779901504517,0.1824177982551711,0.24136027693748474,/content/outputs/inference/answersheet/model_finetune_640_results/res_8ac5fcbeebd2a5ce400f46fb766dd553_jpg_8.pkl
338,170,360,180,338,170,359,170,359,179,338,179,aaaaaaaaaaadaannpppyyyy,and,0.5448340773582458,0.21151951117360074,0.5327177979052067,/content/outputs/inference/answersheet/model_finetune_640_results/res_8ac5fcbeebd2a5ce400f46fb766dd553_jpg_9.pkl
259,55,277,64,259,55,276,55,276,63,259,63,tt4448883433eee99999993339933993399399,for,0.5287666320800781,0.14158610783909498,0.6044919919222593,/content/outputs/inference/answersheet/model_finetune_640_results/res_8ac5fcbeebd2a5ce400f46fb766dd553_jpg_10.pkl
186,35,209,44,186,35,208,35,208,43,186,43,fooooogogdd77777777tlll,for,0.5376117825508118,0.18096995483274045,0.6028313226997852,/content/outputs/inference/answersheet/model_finetune_640_results/res_8ac5fcbeebd2a5ce400f46fb766dd553_jpg_11.pkl
5,12,42,21,5,12,41,12,41,20,5,20,eesnsnnsnnnnaaaade,see,0.5804697871208191,0.2392311899198426,0.5542481057345867,/content/outputs/inference/answersheet/model_finetune_640_results/res_8ac5fcbeebd2a5ce400f46fb766dd553_jpg_12.pkl
112,13,156,23,114,13,155,13,155,22,114,22,toheee,the,0.5137056112289429,0.1721733659505844,0.5298629477620125,/content/outputs/inference/answersheet/model_finetune_640_results/res_8ac5fcbeebd2a5ce400f46fb766dd553_jpg_13.pkl
245,187,261,194,245,187,260,187,260,193,245,193,sasossssgss9s9ydyddyddd,and,0.6633621454238892,0.160675884588905,0.574418818578124,/content/outputs/inference/answersheet/model_finetune_640_results/res_8ac5fcbeebd2a5ce400f46fb766dd553_jpg_14.pkl
217,45,242,54,217,45,241,45,241,53,217,53,d33aa3aatt,and,0.7554876208305359,0.0997538011521101,0.5797079727053642,/content/outputs/inference/answersheet/model_finetune_640_results/res_8ac5fcbeebd2a5ce400f46fb766dd553_jpg_15.pkl
56,12,88,23,56,12,87,12,87,22,56,22,stppd99311ggggg,1990,0.5999837517738342,0.21287865092357,0.5377799868583679,/content/outputs/inference/answersheet/model_finetune_640_results/res_8ac5fcbeebd2a5ce400f46fb766dd553_jpg_16.pkl
282,336,331,347,282,336,330,336,330,346,282,346,dddddffffas,gread,0.5258784294128418,0.1517005657607859,0.3525722858806451,/content/outputs/inference/answersheet/model_finetune_640_results/res_8ac5fcbeebd2a5ce400f46fb766dd553_jpg_17.pkl
167,233,190,244,167,233,189,233,189,243,167,243,ffdddlldlddsss9s,do,0.5375661253929138,0.17551354551687837,0.49210484822591144,/content/outputs/inference/answersheet/model_finetune_640_results/res_8ac5fcbeebd2a5ce400f46fb766dd553_jpg_18.pkl
