225,172,286,185,225,172,285,172,285,184,225,184,eaaadott,rechards,0.7621421217918396,0.2595822010189295,0.5097918808460236,/content/outputs/inference/answersheet/model_finetune_640_results/res_cd28e7145a2e8050e6a38704de1da2ab_jpg_0.pkl
225,194,279,207,225,194,278,194,278,206,225,206,aallasr,from,0.740391194820404,0.222041089619909,0.4918376013636589,/content/outputs/inference/answersheet/model_finetune_640_results/res_cd28e7145a2e8050e6a38704de1da2ab_jpg_1.pkl
307,27,378,40,307,27,377,27,377,39,307,39,onaaa,repersity,0.5714026689529419,0.16894012987613677,0.49898096546530724,/content/outputs/inference/answersheet/model_finetune_640_results/res_cd28e7145a2e8050e6a38704de1da2ab_jpg_2.pkl
106,3,173,15,106,3,172,3,172,14,106,14,fyigiiiiiasnyy,spication,0.6553658246994019,0.305427685379982,0.5389973178505898,/content/outputs/inference/answersheet/model_finetune_640_results/res_cd28e7145a2e8050e6a38704de1da2ab_jpg_3.pkl
350,50,383,63,350,50,382,50,382,62,350,62,aefettrmmmee,date,0.7128812074661255,0.24487571542461714,0.5342920452356339,/content/outputs/inference/answersheet/model_finetune_640_results/res_cd28e7145a2e8050e6a38704de1da2ab_jpg_4.pkl
226,183,282,194,226,183,279,183,279,193,226,193,esseeeasnaaanmeaaeoooooooaay,school,0.7166844010353088,0.16363972797989845,0.48522904941013884,/content/outputs/inference/answersheet/model_finetune_640_results/res_cd28e7145a2e8050e6a38704de1da2ab_jpg_5.pkl
227,206,280,218,227,206,279,206,279,217,227,217,faennaot,compost,0.5933186411857605,0.15009450633078814,0.4224303662776947,/content/outputs/inference/answersheet/model_finetune_640_results/res_cd28e7145a2e8050e6a38704de1da2ab_jpg_6.pkl
267,69,368,94,273,70,367,72,366,93,272,92,eaaegyaaaaasaee,restage,0.6087599992752075,0.2383610705534617,0.3649449050426483,/content/outputs/inference/answersheet/model_finetune_640_results/res_cd28e7145a2e8050e6a38704de1da2ab_jpg_7.pkl
131,82,180,94,131,82,177,82,177,93,131,93,ddneebggctayyyyyyyyy,coffee,0.6253429651260376,0.13842570427805184,0.4803614744118282,/content/outputs/inference/answersheet/model_finetune_640_results/res_cd28e7145a2e8050e6a38704de1da2ab_jpg_8.pkl
280,72,338,92,280,71,337,75,336,93,279,88,aaeegggaayaaaae,and,0.5977522730827332,0.2329614167412122,0.40576275810599327,/content/outputs/inference/answersheet/model_finetune_640_results/res_cd28e7145a2e8050e6a38704de1da2ab_jpg_9.pkl
205,27,274,39,205,27,273,27,273,38,205,38,ueertaetdddeesep,coffee,0.530779242515564,0.13399375043809414,0.4236467863832201,/content/outputs/inference/answersheet/model_finetune_640_results/res_cd28e7145a2e8050e6a38704de1da2ab_jpg_10.pkl
205,4,254,16,205,4,253,4,253,15,205,15,puhhhhhhd,public,0.6296013593673706,0.1411125601993667,0.45249935133116587,/content/outputs/inference/answersheet/model_finetune_640_results/res_cd28e7145a2e8050e6a38704de1da2ab_jpg_11.pkl
112,80,141,94,112,80,140,80,140,93,112,93,sstppeeff,date,0.5016766786575317,0.31422090695963967,0.6254805259406566,/content/outputs/inference/answersheet/model_finetune_640_results/res_cd28e7145a2e8050e6a38704de1da2ab_jpg_12.pkl
150,159,173,171,150,159,172,159,172,170,150,170,aaa,can,0.5934598445892334,0.15000874797503153,0.3826311342418194,/content/outputs/inference/answersheet/model_finetune_640_results/res_cd28e7145a2e8050e6a38704de1da2ab_jpg_13.pkl
302,4,334,16,302,4,333,4,333,15,302,15,bhba,from,0.7292181849479675,0.19257385283708572,0.6214385658502579,/content/outputs/inference/answersheet/model_finetune_640_results/res_cd28e7145a2e8050e6a38704de1da2ab_jpg_14.pkl
183,185,208,195,183,185,207,185,207,194,183,194,ttfetccccccggaaddtttttde,tack,0.6739221811294556,0.17455367712924877,0.45928763747215273,/content/outputs/inference/answersheet/model_finetune_640_results/res_cd28e7145a2e8050e6a38704de1da2ab_jpg_15.pkl
108,26,128,37,108,26,127,26,127,36,108,36,aaatt,all,0.7934580445289612,0.33284429609775545,0.7508322149515152,/content/outputs/inference/answersheet/model_finetune_640_results/res_cd28e7145a2e8050e6a38704de1da2ab_jpg_16.pkl
266,5,298,15,266,5,297,5,297,14,266,14,thhe,the,0.6644299030303955,0.21221240982413292,0.3693169355392456,/content/outputs/inference/answersheet/model_finetune_640_results/res_cd28e7145a2e8050e6a38704de1da2ab_jpg_17.pkl
206,164,223,173,206,164,222,164,222,172,206,172,btttbbbee,the,0.741888701915741,0.16793782512346903,0.6673639863729477,/content/outputs/inference/answersheet/model_finetune_640_results/res_cd28e7145a2e8050e6a38704de1da2ab_jpg_18.pkl
303,29,324,39,303,29,323,29,323,38,303,38,tt,from,0.5726021528244019,0.19639282673597336,0.5549690946936607,/content/outputs/inference/answersheet/model_finetune_640_results/res_cd28e7145a2e8050e6a38704de1da2ab_jpg_19.pkl
180,160,206,171,180,160,205,160,205,170,180,170,ttttthtthaaaeeee,from,0.6486225128173828,0.19340422749519348,0.6030696332454681,/content/outputs/inference/answersheet/model_finetune_640_results/res_cd28e7145a2e8050e6a38704de1da2ab_jpg_20.pkl
184,39,212,49,184,39,211,39,211,48,184,48,deeeddyf,offee,0.637262225151062,0.1326573882251978,0.49819565564393997,/content/outputs/inference/answersheet/model_finetune_640_results/res_cd28e7145a2e8050e6a38704de1da2ab_jpg_21.pkl
181,179,230,193,183,181,229,181,229,192,183,192,ttttgdddyrheeeeeeeeeeese,sche,0.6442359685897827,0.24298893318821987,0.29819828271865845,/content/outputs/inference/answersheet/model_finetune_640_results/res_cd28e7145a2e8050e6a38704de1da2ab_jpg_22.pkl
179,160,222,174,179,159,221,161,220,173,179,170,tttihtthae,from,0.585814893245697,0.2720462754368782,0.5864305555820465,/content/outputs/inference/answersheet/model_finetune_640_results/res_cd28e7145a2e8050e6a38704de1da2ab_jpg_23.pkl
226,196,253,207,226,196,252,196,252,206,226,206,aaaaaaaaaaeeeeeeal,from,0.6560399532318115,0.22593028470873833,0.59600999802351,/content/outputs/inference/answersheet/model_finetune_640_results/res_cd28e7145a2e8050e6a38704de1da2ab_jpg_24.pkl
147,28,189,40,147,28,188,28,188,39,147,39,pleeess,the,0.7605302929878235,0.190485058086259,0.5159095022827387,/content/outputs/inference/answersheet/model_finetune_640_results/res_cd28e7145a2e8050e6a38704de1da2ab_jpg_25.pkl
183,174,224,186,185,174,223,174,223,183,185,183,adohheeeeeeeeeee,come,0.6079755425453186,0.21072501968592405,0.4383461982011795,/content/outputs/inference/answersheet/model_finetune_640_results/res_cd28e7145a2e8050e6a38704de1da2ab_jpg_26.pkl
99,116,129,127,99,116,128,116,128,126,99,126,ast,for,0.6006745100021362,0.2126233329375585,0.5434486735612154,/content/outputs/inference/answersheet/model_finetune_640_results/res_cd28e7145a2e8050e6a38704de1da2ab_jpg_27.pkl
280,28,304,39,280,28,303,28,303,38,280,38,ltppaaaaeaaaa,from,0.5599851608276367,0.18034981764279878,0.6069264352321625,/content/outputs/inference/answersheet/model_finetune_640_results/res_cd28e7145a2e8050e6a38704de1da2ab_jpg_28.pkl
251,73,280,83,251,73,277,73,277,82,251,82,eeee,the,0.6192408800125122,0.15874571725726128,0.4305958840996027,/content/outputs/inference/answersheet/model_finetune_640_results/res_cd28e7145a2e8050e6a38704de1da2ab_jpg_29.pkl
183,181,213,192,183,181,212,181,212,191,183,191,ttfcctdy,from,0.7845863103866577,0.19614732917398214,0.5222209468483925,/content/outputs/inference/answersheet/model_finetune_640_results/res_cd28e7145a2e8050e6a38704de1da2ab_jpg_30.pkl
219,169,286,197,221,172,285,172,285,194,221,194,saseeaeeooysstt,school,0.5392760038375854,0.23977063844601312,0.4000069328716823,/content/outputs/inference/answersheet/model_finetune_640_results/res_cd28e7145a2e8050e6a38704de1da2ab_jpg_31.pkl
