272,258,316,269,272,258,315,258,315,268,272,268,eed,for,0.6734316945075989,0.22535102566083273,0.40636705607175827,/content/outputs/inference/answersheet/model_finetune_640_results/res_a5eec43b21eaa5bb86743fcf0d5bbab5_jpg_0.pkl
79,257,122,269,79,257,121,257,121,268,79,268,aaeteeey,gate,0.6678714156150818,0.23544550128281116,0.48175059258937836,/content/outputs/inference/answersheet/model_finetune_640_results/res_a5eec43b21eaa5bb86743fcf0d5bbab5_jpg_1.pkl
119,340,140,348,119,340,139,340,139,347,119,347,aaahhahhhhhhnddddeaeyy,and,0.5864882469177246,0.15468516403978522,0.6027550958096981,/content/outputs/inference/answersheet/model_finetune_640_results/res_a5eec43b21eaa5bb86743fcf0d5bbab5_jpg_2.pkl
198,26,225,36,198,26,224,26,224,35,198,35,eaaaaai,ed,0.5302897095680237,0.2529161146708897,0.30998028814792633,/content/outputs/inference/answersheet/model_finetune_640_results/res_a5eec43b21eaa5bb86743fcf0d5bbab5_jpg_3.pkl
75,338,101,347,75,338,100,338,100,346,75,346,fkfsge,can,0.8165673613548279,0.18089397872487703,0.3344273380935192,/content/outputs/inference/answersheet/model_finetune_640_results/res_a5eec43b21eaa5bb86743fcf0d5bbab5_jpg_4.pkl
106,273,135,282,106,273,134,273,134,281,106,281,aanarteeeeeeeee,and,0.5528525710105896,0.1631995901465416,0.5448435824364424,/content/outputs/inference/answersheet/model_finetune_640_results/res_a5eec43b21eaa5bb86743fcf0d5bbab5_jpg_5.pkl
247,280,276,290,247,280,275,280,275,289,247,289,taartto,from,0.7759780287742615,0.1443749346903392,0.6494226962327957,/content/outputs/inference/answersheet/model_finetune_640_results/res_a5eec43b21eaa5bb86743fcf0d5bbab5_jpg_6.pkl
89,324,120,334,89,324,119,324,119,333,89,333,ttttn,st,0.8035549521446228,0.21910904943943024,0.44309177498022717,/content/outputs/inference/answersheet/model_finetune_640_results/res_a5eec43b21eaa5bb86743fcf0d5bbab5_jpg_7.pkl
154,191,176,199,154,191,175,191,175,198,154,198,2a3ahhhtdddd,the,0.6029644012451172,0.0981314443051815,0.53200588747859,/content/outputs/inference/answersheet/model_finetune_640_results/res_a5eec43b21eaa5bb86743fcf0d5bbab5_jpg_8.pkl
120,204,148,215,120,204,147,204,147,214,120,214,a,the,0.7524215579032898,0.11146046966314316,0.596914779394865,/content/outputs/inference/answersheet/model_finetune_640_results/res_a5eec43b21eaa5bb86743fcf0d5bbab5_jpg_9.pkl
230,108,252,115,230,108,251,108,251,114,230,114,2ahaaaaaaadnddoa,and,0.672389566898346,0.11308408295735717,0.6638715676963329,/content/outputs/inference/answersheet/model_finetune_640_results/res_a5eec43b21eaa5bb86743fcf0d5bbab5_jpg_10.pkl
239,315,267,324,239,315,266,315,266,323,239,323,sshttto,sale,0.6408703327178955,0.19679422889436995,0.5745989739894867,/content/outputs/inference/answersheet/model_finetune_640_results/res_a5eec43b21eaa5bb86743fcf0d5bbab5_jpg_11.pkl
156,14,183,24,156,14,182,14,182,23,156,23,fggggggoddddsss,did,0.7553145289421082,0.22876368661721547,0.3865607678890228,/content/outputs/inference/answersheet/model_finetune_640_results/res_a5eec43b21eaa5bb86743fcf0d5bbab5_jpg_12.pkl
111,306,147,316,111,306,146,306,146,315,111,315,ssd,sale,0.8088559508323669,0.2309764251112938,0.5620946437120438,/content/outputs/inference/answersheet/model_finetune_640_results/res_a5eec43b21eaa5bb86743fcf0d5bbab5_jpg_13.pkl
215,332,248,342,215,332,247,332,247,341,215,341,fggsdss,spe,0.5107617378234863,0.12921535330159323,0.33394061028957367,/content/outputs/inference/answersheet/model_finetune_640_results/res_a5eec43b21eaa5bb86743fcf0d5bbab5_jpg_14.pkl
95,354,122,364,95,354,121,354,121,363,95,363,ececceeteyaindyyyyyy,coury,0.5346145629882812,0.2318210979923606,0.5312641089161237,/content/outputs/inference/answersheet/model_finetune_640_results/res_a5eec43b21eaa5bb86743fcf0d5bbab5_jpg_15.pkl
