73,18,124,28,73,18,120,18,120,26,73,26,tfsfffffffnne,from,0.7672663927078247,0.21720761748460624,0.46869225800037384,/content/outputs/inference/answersheet/model_finetune_640_results/res_c92f4340857aa1f35410dd58676eb73d_jpg_0.pkl
178,59,211,71,178,59,210,59,210,70,178,70,4aan,4th,0.8196752071380615,0.16544906981289387,0.4926310572773218,/content/outputs/inference/answersheet/model_finetune_640_results/res_c92f4340857aa1f35410dd58676eb73d_jpg_1.pkl
353,24,391,36,353,24,390,24,390,35,353,35,ttbrrrraateehellllh,that,0.602891206741333,0.19547244906425476,0.50968769043684,/content/outputs/inference/answersheet/model_finetune_640_results/res_c92f4340857aa1f35410dd58676eb73d_jpg_2.pkl
120,17,205,28,124,17,204,17,204,27,124,27,eaffeedhhseeuoee,the,0.5058844685554504,0.1615062728524208,0.3383034039288759,/content/outputs/inference/answersheet/model_finetune_640_results/res_c92f4340857aa1f35410dd58676eb73d_jpg_3.pkl
158,17,236,28,160,17,235,17,235,27,160,27,heekeebettt,subject,0.5130451917648315,0.21367399055849423,0.46046909596771,/content/outputs/inference/answersheet/model_finetune_640_results/res_c92f4340857aa1f35410dd58676eb73d_jpg_4.pkl
280,174,336,187,280,174,334,174,334,185,280,185,ooadddsenngggdssddsssssnyyy,offer,0.5786911845207214,0.14260662760999468,0.42799587547779083,/content/outputs/inference/answersheet/model_finetune_640_results/res_c92f4340857aa1f35410dd58676eb73d_jpg_5.pkl
272,100,371,115,278,100,366,100,366,113,278,113,eydodedrs,for,0.7587369084358215,0.2726932333575355,0.38457416370511055,/content/outputs/inference/answersheet/model_finetune_640_results/res_c92f4340857aa1f35410dd58676eb73d_jpg_6.pkl
229,173,283,188,231,173,279,173,279,186,231,186,kkonuudhaaa,from,0.5712701082229614,0.22811291434548117,0.6488754495978355,/content/outputs/inference/answersheet/model_finetune_640_results/res_c92f4340857aa1f35410dd58676eb73d_jpg_7.pkl
277,103,298,115,279,103,297,103,297,114,279,114,ttaappppddddyy,for,0.5678139328956604,0.38068462695394245,0.5933869928121567,/content/outputs/inference/answersheet/model_finetune_640_results/res_c92f4340857aa1f35410dd58676eb73d_jpg_8.pkl
328,24,352,34,328,24,351,24,351,33,328,33,aafaftannnnaneeee,the,0.5773633718490601,0.19371814981979482,0.4852736182510853,/content/outputs/inference/answersheet/model_finetune_640_results/res_c92f4340857aa1f35410dd58676eb73d_jpg_9.pkl
85,194,109,203,85,194,108,194,108,202,85,202,tehtt,the,0.5309085845947266,0.1985570102930069,0.5361054763197899,/content/outputs/inference/answersheet/model_finetune_640_results/res_c92f4340857aa1f35410dd58676eb73d_jpg_10.pkl
253,81,287,95,255,81,286,81,286,94,255,94,aaaaahttttdddrdddod,from,0.7937182188034058,0.1541098317033366,0.5181208342313767,/content/outputs/inference/answersheet/model_finetune_640_results/res_c92f4340857aa1f35410dd58676eb73d_jpg_11.pkl
195,84,214,95,195,84,213,84,213,94,195,94,411111tthht,the,0.614820659160614,0.23763339018279855,0.6428083889186382,/content/outputs/inference/answersheet/model_finetune_640_results/res_c92f4340857aa1f35410dd58676eb73d_jpg_12.pkl
193,16,244,26,193,16,243,16,243,25,193,25,ebbettt,but,0.54120934009552,0.24405965421880996,0.2325926050543785,/content/outputs/inference/answersheet/model_finetune_640_results/res_c92f4340857aa1f35410dd58676eb73d_jpg_13.pkl
285,174,305,185,285,174,304,174,304,184,285,184,ohhaaoe,off,0.6567308902740479,0.10143648726599556,0.5003108158707619,/content/outputs/inference/answersheet/model_finetune_640_results/res_c92f4340857aa1f35410dd58676eb73d_jpg_14.pkl
176,103,254,119,179,105,253,105,253,118,179,118,teyykaaddrrde,from,0.5886062979698181,0.16249142931057856,0.5766843274235726,/content/outputs/inference/answersheet/model_finetune_640_results/res_c92f4340857aa1f35410dd58676eb73d_jpg_15.pkl
234,25,345,38,241,25,344,25,344,37,241,37,sstettettteeeseenenen,coffeen,0.5131226778030396,0.19421449729374476,0.5153708099387586,/content/outputs/inference/answersheet/model_finetune_640_results/res_c92f4340857aa1f35410dd58676eb73d_jpg_16.pkl
159,18,181,27,161,18,180,18,180,26,161,26,httale,the,0.6185958981513977,0.13027968754371008,0.40972884371876717,/content/outputs/inference/answersheet/model_finetune_640_results/res_c92f4340857aa1f35410dd58676eb73d_jpg_17.pkl
354,234,391,248,354,234,390,234,390,247,354,247,aas,for,0.5765350461006165,0.2600952809055646,0.45938354916870594,/content/outputs/inference/answersheet/model_finetune_640_results/res_c92f4340857aa1f35410dd58676eb73d_jpg_18.pkl
68,17,165,27,68,17,159,17,159,26,68,26,satfttttsfffnmeeed,reference,0.5758606791496277,0.1803422545393308,0.5031141191720963,/content/outputs/inference/answersheet/model_finetune_640_results/res_c92f4340857aa1f35410dd58676eb73d_jpg_19.pkl
306,14,356,24,306,14,354,14,354,22,306,22,ttttteeennneeeee,the,0.5320177674293518,0.16296979691833258,0.5695218686014414,/content/outputs/inference/answersheet/model_finetune_640_results/res_c92f4340857aa1f35410dd58676eb73d_jpg_20.pkl
76,227,118,241,76,227,117,227,117,240,76,240,aanauuueeyyye,sale,0.5299693942070007,0.21362531872896048,0.4241890490055084,/content/outputs/inference/answersheet/model_finetune_640_results/res_c92f4340857aa1f35410dd58676eb73d_jpg_21.pkl
118,227,145,238,118,227,144,227,144,237,118,237,fffa,and,0.5851160287857056,0.24380088970065117,0.38768893852829933,/content/outputs/inference/answersheet/model_finetune_640_results/res_c92f4340857aa1f35410dd58676eb73d_jpg_22.pkl
73,105,164,119,73,105,163,105,163,118,73,118,grrdddddddikeeede,gred,0.7835520505905151,0.3053869719014448,0.45192156732082367,/content/outputs/inference/answersheet/model_finetune_640_results/res_c92f4340857aa1f35410dd58676eb73d_jpg_23.pkl
133,40,170,50,133,40,169,40,169,49,133,49,aaateeee,collers,0.5939037799835205,0.1633405932225287,0.3926627365872264,/content/outputs/inference/answersheet/model_finetune_640_results/res_c92f4340857aa1f35410dd58676eb73d_jpg_24.pkl
299,158,317,169,299,158,316,158,316,168,299,168,fffffffftfffffffffe,for,0.7231069803237915,0.31430657992237493,0.7500587552785873,/content/outputs/inference/answersheet/model_finetune_640_results/res_c92f4340857aa1f35410dd58676eb73d_jpg_25.pkl
131,19,162,29,131,19,161,19,161,28,131,28,affeeeaannneeeeeed,from,0.7910299897193909,0.16498983237478468,0.6381122052669526,/content/outputs/inference/answersheet/model_finetune_640_results/res_c92f4340857aa1f35410dd58676eb73d_jpg_26.pkl
169,219,194,227,169,219,193,219,193,226,169,226,e,sale,0.5034171938896179,0.09872957319021225,0.4865837454795837,/content/outputs/inference/answersheet/model_finetune_640_results/res_c92f4340857aa1f35410dd58676eb73d_jpg_27.pkl
116,84,146,95,116,84,145,84,145,94,116,94,ffffananmnmneeneettttt,from,0.6877668499946594,0.17493919452483003,0.6255557268857956,/content/outputs/inference/answersheet/model_finetune_640_results/res_c92f4340857aa1f35410dd58676eb73d_jpg_28.pkl
