250,43,300,55,250,43,297,43,297,54,250,54,tt,from,0.6521902084350586,0.19510935246944427,0.5168384492397309,/content/outputs/inference/answersheet/model_finetune_640_results/res_3e9faf2c23c7b7e2ee78ce1552bfe063_jpg_0.pkl
166,44,209,55,166,44,206,44,206,54,166,54,e,sprive,0.7229450941085815,0.09171558916568756,0.4177058743579047,/content/outputs/inference/answersheet/model_finetune_640_results/res_3e9faf2c23c7b7e2ee78ce1552bfe063_jpg_1.pkl
156,354,208,366,156,354,207,354,207,365,156,365,ttrrneetwwattt,the,0.7466545701026917,0.30603260334048954,0.5180159136652946,/content/outputs/inference/answersheet/model_finetune_640_results/res_3e9faf2c23c7b7e2ee78ce1552bfe063_jpg_2.pkl
208,44,250,55,208,44,249,44,249,54,208,54,ee,from,0.6562111377716064,0.12651432305574417,0.5037214875221252,/content/outputs/inference/answersheet/model_finetune_640_results/res_3e9faf2c23c7b7e2ee78ce1552bfe063_jpg_3.pkl
141,377,212,392,146,377,211,377,211,391,146,391,ganeaad,great,0.6700581312179565,0.29255928099155426,0.5253996253013611,/content/outputs/inference/answersheet/model_finetune_640_results/res_3e9faf2c23c7b7e2ee78ce1552bfe063_jpg_4.pkl
297,44,330,55,297,44,329,44,329,54,297,54,fadt,for,0.5451099276542664,0.1931470986455679,0.5782922171056271,/content/outputs/inference/answersheet/model_finetune_640_results/res_3e9faf2c23c7b7e2ee78ce1552bfe063_jpg_5.pkl
72,12,121,23,72,12,120,12,120,22,72,22,tosueee,from,0.6087092757225037,0.21084775349923543,0.5398639976978302,/content/outputs/inference/answersheet/model_finetune_640_results/res_3e9faf2c23c7b7e2ee78ce1552bfe063_jpg_6.pkl
174,77,223,89,174,77,222,77,222,88,174,88,eteee,from,0.5626114010810852,0.1413740873336792,0.5678659915924072,/content/outputs/inference/answersheet/model_finetune_640_results/res_3e9faf2c23c7b7e2ee78ce1552bfe063_jpg_7.pkl
215,332,239,342,215,332,238,332,238,341,215,341,ta,from,0.6567474007606506,0.17839668691158295,0.6244644850492478,/content/outputs/inference/answersheet/model_finetune_640_results/res_3e9faf2c23c7b7e2ee78ce1552bfe063_jpg_8.pkl
78,36,116,46,78,36,115,36,115,45,78,45,nyarrtteeeeee,fre,0.5920315980911255,0.17779597009603793,0.26716694235801697,/content/outputs/inference/answersheet/model_finetune_640_results/res_3e9faf2c23c7b7e2ee78ce1552bfe063_jpg_9.pkl
178,67,201,78,178,67,200,67,200,77,178,77,taaaaaaaaaaae,the,0.5614863038063049,0.2502863842707414,0.7254567593336105,/content/outputs/inference/answersheet/model_finetune_640_results/res_3e9faf2c23c7b7e2ee78ce1552bfe063_jpg_10.pkl
112,69,163,80,112,69,162,69,162,79,112,79,fffeeeeee,from,0.5339884161949158,0.13400245706240335,0.5689342796802521,/content/outputs/inference/answersheet/model_finetune_640_results/res_3e9faf2c23c7b7e2ee78ce1552bfe063_jpg_11.pkl
