55,93,107,105,55,93,106,93,106,104,55,104,aaaaaahdaaaataaaae,from,0.6767950654029846,0.21569518289632267,0.45656218081712724,/content/outputs/inference/answersheet/model_finetune_640_results/res_61a8d682e2467d591f032ddc901b4f90_jpg_0.pkl
38,18,65,27,38,18,64,18,64,26,38,26,effeeeeeiaattltllaaaaaaa,sender,0.6120222806930542,0.10679871278504531,0.5196402817964554,/content/outputs/inference/answersheet/model_finetune_640_results/res_61a8d682e2467d591f032ddc901b4f90_jpg_1.pkl
233,93,275,105,233,93,274,93,274,104,233,104,ehaaaaaphp,the,0.6520134210586548,0.17934833765029906,0.4793532770127058,/content/outputs/inference/answersheet/model_finetune_640_results/res_61a8d682e2467d591f032ddc901b4f90_jpg_2.pkl
37,6,60,16,37,6,59,6,59,15,37,15,seeeeeeeyyy,can,0.5045313835144043,0.10234800658442757,0.37400367110967636,/content/outputs/inference/answersheet/model_finetune_640_results/res_61a8d682e2467d591f032ddc901b4f90_jpg_3.pkl
309,4,355,18,309,4,354,4,354,17,309,17,sppaeeee,schops,0.5508948564529419,0.23226548731327057,0.41905235605580465,/content/outputs/inference/answersheet/model_finetune_640_results/res_61a8d682e2467d591f032ddc901b4f90_jpg_4.pkl
313,202,376,216,313,202,375,204,374,217,313,213,sndee,collect,0.6436483860015869,0.10023425668478012,0.4031702037900686,/content/outputs/inference/answersheet/model_finetune_640_results/res_61a8d682e2467d591f032ddc901b4f90_jpg_5.pkl
171,93,223,104,173,93,222,93,222,103,173,103,aaahhda,the,0.6223759055137634,0.11603672802448273,0.35358626022934914,/content/outputs/inference/answersheet/model_finetune_640_results/res_61a8d682e2467d591f032ddc901b4f90_jpg_6.pkl
316,223,386,238,319,223,385,223,385,237,319,237,aedaa,breadian,0.5182501673698425,0.17759204357862474,0.38125843637519413,/content/outputs/inference/answersheet/model_finetune_640_results/res_61a8d682e2467d591f032ddc901b4f90_jpg_7.pkl
212,14,234,23,212,14,233,14,233,22,212,22,a,apr,0.5092158317565918,0.09154700487852097,0.2745989318937063,/content/outputs/inference/answersheet/model_finetune_640_results/res_61a8d682e2467d591f032ddc901b4f90_jpg_8.pkl
275,93,339,104,275,93,337,93,337,102,275,102,eee,from,0.5340451002120972,0.2150769035021464,0.5636216938495636,/content/outputs/inference/answersheet/model_finetune_640_results/res_61a8d682e2467d591f032ddc901b4f90_jpg_9.pkl
118,93,162,104,118,93,160,93,160,102,118,102,eaeaae,from,0.5138155221939087,0.16827728847662607,0.6089944481849671,/content/outputs/inference/answersheet/model_finetune_640_results/res_61a8d682e2467d591f032ddc901b4f90_jpg_10.pkl
201,380,216,389,201,380,215,380,215,388,201,388,atthtthttt,the,0.6131294369697571,0.2109384283423424,0.746101625263691,/content/outputs/inference/answersheet/model_finetune_640_results/res_61a8d682e2467d591f032ddc901b4f90_jpg_11.pkl
209,336,281,347,209,336,280,336,280,346,209,346,aeeeeeee,subject,0.6653590202331543,0.15741074923425913,0.5071237962692976,/content/outputs/inference/answersheet/model_finetune_640_results/res_61a8d682e2467d591f032ddc901b4f90_jpg_12.pkl
