303,42,356,54,306,42,355,42,355,53,306,53,hhaddaaaeeaee,from,0.6829286813735962,0.16666051000356674,0.5715982839465141,/content/outputs/inference/answersheet/model_finetune_640_results/res_96f62cad7b0256086ba7d4cda8d6f583_jpg_0.pkl
87,21,133,31,87,21,132,21,132,30,87,30,trrattee,the,0.773453950881958,0.2924307193607092,0.5609851256012917,/content/outputs/inference/answersheet/model_finetune_640_results/res_96f62cad7b0256086ba7d4cda8d6f583_jpg_1.pkl
308,56,363,67,308,56,362,56,362,66,308,66,eeeesseii,from,0.7004680633544922,0.1236964621477657,0.5222435906529427,/content/outputs/inference/answersheet/model_finetune_640_results/res_96f62cad7b0256086ba7d4cda8d6f583_jpg_2.pkl
235,254,293,266,235,254,292,254,292,265,235,265,seeatee,schotel,0.8519372940063477,0.2862932266933577,0.5307602006942034,/content/outputs/inference/answersheet/model_finetune_640_results/res_96f62cad7b0256086ba7d4cda8d6f583_jpg_3.pkl
196,306,242,321,196,306,241,306,241,320,196,320,ssfmtts,stated,0.6795390844345093,0.18825630311455047,0.5526850947311946,/content/outputs/inference/answersheet/model_finetune_640_results/res_96f62cad7b0256086ba7d4cda8d6f583_jpg_4.pkl
159,19,211,33,159,19,210,19,210,32,159,32,fliitgaaet,fifter,0.9009543061256409,0.23295616656541823,0.5099588419709887,/content/outputs/inference/answersheet/model_finetune_640_results/res_96f62cad7b0256086ba7d4cda8d6f583_jpg_5.pkl
199,176,245,190,199,176,244,176,244,189,199,189,eeeeeaaaaaaaehye,from,0.7087315917015076,0.15003579249605536,0.5644719064235687,/content/outputs/inference/answersheet/model_finetune_640_results/res_96f62cad7b0256086ba7d4cda8d6f583_jpg_6.pkl
315,276,386,289,315,276,385,276,385,288,315,288,sslcfesssstate,for,0.5606580972671509,0.3879041863339288,0.31879008561372757,/content/outputs/inference/answersheet/model_finetune_640_results/res_96f62cad7b0256086ba7d4cda8d6f583_jpg_7.pkl
281,47,307,56,281,47,306,47,306,55,281,55,feeeeeeeeeeeee,from,0.5034500360488892,0.21154161649090902,0.6188707262277603,/content/outputs/inference/answersheet/model_finetune_640_results/res_96f62cad7b0256086ba7d4cda8d6f583_jpg_8.pkl
209,35,276,45,212,35,274,35,274,43,212,43,phbbpoeoyyywnywmyyywyaee,prive,0.5994479060173035,0.2489265895759066,0.3818283925453822,/content/outputs/inference/answersheet/model_finetune_640_results/res_96f62cad7b0256086ba7d4cda8d6f583_jpg_9.pkl
115,254,143,265,115,254,142,254,142,264,115,264,att,you,0.8680719137191772,0.16260376075903574,0.5890463888645172,/content/outputs/inference/answersheet/model_finetune_640_results/res_96f62cad7b0256086ba7d4cda8d6f583_jpg_10.pkl
144,282,170,293,144,282,169,282,169,290,144,290,ahaaaaaaaaaaaad,sale,0.5595252513885498,0.20625715404748918,0.412944495677948,/content/outputs/inference/answersheet/model_finetune_640_results/res_96f62cad7b0256086ba7d4cda8d6f583_jpg_11.pkl
166,255,227,268,166,255,226,255,226,267,166,267,eaaag,from,0.6048910617828369,0.1411328509449959,0.5528118222951889,/content/outputs/inference/answersheet/model_finetune_640_results/res_96f62cad7b0256086ba7d4cda8d6f583_jpg_12.pkl
176,332,239,344,176,332,238,332,238,343,176,343,aattteattad,from,0.6953094601631165,0.24597171626307748,0.5702118575572968,/content/outputs/inference/answersheet/model_finetune_640_results/res_96f62cad7b0256086ba7d4cda8d6f583_jpg_13.pkl
256,34,280,44,256,34,279,34,279,43,256,43,aateeeeeeeeeeeeeeec,the,0.5052569508552551,0.2916441889185655,0.6808397471904755,/content/outputs/inference/answersheet/model_finetune_640_results/res_96f62cad7b0256086ba7d4cda8d6f583_jpg_14.pkl
262,277,309,289,262,277,305,277,305,287,262,287,ttgeeeaat,from,0.6099399924278259,0.28964152766598594,0.5666840463876724,/content/outputs/inference/answersheet/model_finetune_640_results/res_96f62cad7b0256086ba7d4cda8d6f583_jpg_15.pkl
200,377,259,389,200,377,257,377,257,387,200,387,ssssopioyyy,restap,0.5854511260986328,0.31626221673055127,0.48090677921261105,/content/outputs/inference/answersheet/model_finetune_640_results/res_96f62cad7b0256086ba7d4cda8d6f583_jpg_16.pkl
301,22,324,32,301,22,323,22,323,31,301,31,ttttdtdttdtae,the,0.5738480091094971,0.19945227870574364,0.6781441643834114,/content/outputs/inference/answersheet/model_finetune_640_results/res_96f62cad7b0256086ba7d4cda8d6f583_jpg_17.pkl
145,278,171,289,145,278,170,278,170,288,145,288,aaaaallt,date,0.6713845729827881,0.20555621571838856,0.4782284863293171,/content/outputs/inference/answersheet/model_finetune_640_results/res_96f62cad7b0256086ba7d4cda8d6f583_jpg_18.pkl
10,19,63,32,10,19,62,19,62,31,10,31,ssiamn,seem,0.8050966858863831,0.3151775697867076,0.4757938086986542,/content/outputs/inference/answersheet/model_finetune_640_results/res_96f62cad7b0256086ba7d4cda8d6f583_jpg_19.pkl
199,354,269,367,199,354,265,354,265,366,199,366,esssyeeaated,messageid,0.5178639888763428,0.2394454957296451,0.6276228778064251,/content/outputs/inference/answersheet/model_finetune_640_results/res_96f62cad7b0256086ba7d4cda8d6f583_jpg_20.pkl
278,21,301,31,278,21,300,21,300,30,278,30,fttttteali,the,0.6057310104370117,0.2223346158862114,0.5594586543738842,/content/outputs/inference/answersheet/model_finetune_640_results/res_96f62cad7b0256086ba7d4cda8d6f583_jpg_21.pkl
124,101,146,110,124,101,145,101,145,109,124,109,eeeeee,the,0.6463711857795715,0.2946576376756032,0.7793586775660515,/content/outputs/inference/answersheet/model_finetune_640_results/res_96f62cad7b0256086ba7d4cda8d6f583_jpg_22.pkl
141,307,189,321,141,307,188,307,188,320,141,320,asssaaatttteyys,from,0.5192738175392151,0.15767389684915542,0.5448723569512367,/content/outputs/inference/answersheet/model_finetune_640_results/res_96f62cad7b0256086ba7d4cda8d6f583_jpg_23.pkl
193,47,215,56,193,47,214,47,214,55,193,55,aeeeeeededd,rest,0.601730465888977,0.13174208998680115,0.3564295172691345,/content/outputs/inference/answersheet/model_finetune_640_results/res_96f62cad7b0256086ba7d4cda8d6f583_jpg_24.pkl
228,24,257,34,228,24,256,24,256,33,228,33,fffffffftdgdsfffeteekekekkkkddttdt,for,0.577222466468811,0.1496153736815733,0.5539099723100662,/content/outputs/inference/answersheet/model_finetune_640_results/res_96f62cad7b0256086ba7d4cda8d6f583_jpg_25.pkl
280,41,306,52,280,41,305,41,305,51,280,51,fssssseeaa,from,0.5723121762275696,0.1401658445596695,0.6153235495090484,/content/outputs/inference/answersheet/model_finetune_640_results/res_96f62cad7b0256086ba7d4cda8d6f583_jpg_26.pkl
338,20,364,32,338,20,363,20,363,31,338,31,ttttraraoaa,for,0.7594843506813049,0.3199295455759222,0.6107043474912643,/content/outputs/inference/answersheet/model_finetune_640_results/res_96f62cad7b0256086ba7d4cda8d6f583_jpg_27.pkl
218,98,268,112,218,98,267,98,267,111,218,111,ffarrgeaaaeeeee,from,0.56379234790802,0.18542057077089946,0.5020049989223481,/content/outputs/inference/answersheet/model_finetune_640_results/res_96f62cad7b0256086ba7d4cda8d6f583_jpg_28.pkl
256,65,295,77,256,65,294,65,294,76,256,76,hpttapeeddee,from,0.5012111663818359,0.17591924406588078,0.5773754000663758,/content/outputs/inference/answersheet/model_finetune_640_results/res_96f62cad7b0256086ba7d4cda8d6f583_jpg_29.pkl
292,110,317,121,292,110,316,110,316,120,292,120,lggaeee,from,0.6819507479667664,0.13499483466148376,0.5865596130490303,/content/outputs/inference/answersheet/model_finetune_640_results/res_96f62cad7b0256086ba7d4cda8d6f583_jpg_30.pkl
305,34,339,44,305,34,338,34,338,43,305,43,ahtfyeeeesetll,coffee,0.637706995010376,0.1811324336699077,0.45723249124629156,/content/outputs/inference/answersheet/model_finetune_640_results/res_96f62cad7b0256086ba7d4cda8d6f583_jpg_31.pkl
96,133,117,144,96,133,116,133,116,143,96,143,tnnnnne,the,0.5850269794464111,0.12249846756458282,0.523577906191349,/content/outputs/inference/answersheet/model_finetune_640_results/res_96f62cad7b0256086ba7d4cda8d6f583_jpg_32.pkl
336,34,363,44,336,34,362,34,362,43,336,43,tlllllllllllllkklllaaaaaaaaaaaeaaeanannwnwnnnsaasaeeeeeeeese,lines,0.537520706653595,0.16158172786235808,0.5861710458993912,/content/outputs/inference/answersheet/model_finetune_640_results/res_96f62cad7b0256086ba7d4cda8d6f583_jpg_33.pkl
317,101,343,110,317,101,342,101,342,109,317,109,ahheeeeeeeee,the,0.6811501383781433,0.27653303866585094,0.6749741360545158,/content/outputs/inference/answersheet/model_finetune_640_results/res_96f62cad7b0256086ba7d4cda8d6f583_jpg_34.pkl
190,158,210,167,190,158,209,158,209,166,190,166,jjjyhhygggggggggggggse,grease,0.5239062905311584,0.1465638049624183,0.4470791199377605,/content/outputs/inference/answersheet/model_finetune_640_results/res_96f62cad7b0256086ba7d4cda8d6f583_jpg_35.pkl
117,156,147,166,117,156,146,156,146,165,117,165,yaeee,spe,0.5741965770721436,0.33527149111032484,0.2884281054139137,/content/outputs/inference/answersheet/model_finetune_640_results/res_96f62cad7b0256086ba7d4cda8d6f583_jpg_36.pkl
333,298,359,308,333,298,358,298,358,307,333,307,fttaaeeeeeee,from,0.5050418972969055,0.2615370446195205,0.5731790333986282,/content/outputs/inference/answersheet/model_finetune_640_results/res_96f62cad7b0256086ba7d4cda8d6f583_jpg_37.pkl
209,40,277,51,214,40,276,40,276,50,214,50,opehhpeeosaneeeeaeea,change,0.5319756865501404,0.1499042183160782,0.31910005637577604,/content/outputs/inference/answersheet/model_finetune_640_results/res_96f62cad7b0256086ba7d4cda8d6f583_jpg_38.pkl
145,43,177,52,145,43,176,43,176,51,145,51,aatllltiiengoogonnnaalleeee,the,0.5423058867454529,0.13798043297396767,0.4595582112669945,/content/outputs/inference/answersheet/model_finetune_640_results/res_96f62cad7b0256086ba7d4cda8d6f583_jpg_39.pkl
150,176,197,189,150,176,194,176,194,188,150,188,ppadltdeldddeee,you,0.5703734159469604,0.13115234822034835,0.49691343307495117,/content/outputs/inference/answersheet/model_finetune_640_results/res_96f62cad7b0256086ba7d4cda8d6f583_jpg_40.pkl
142,201,166,211,142,201,165,201,165,210,142,210,sdtnns,from,0.5557670593261719,0.09453934306899707,0.6506251960992813,/content/outputs/inference/answersheet/model_finetune_640_results/res_96f62cad7b0256086ba7d4cda8d6f583_jpg_41.pkl
