64,20,133,32,64,20,132,20,132,31,64,31,dassaeteae,starthar,0.7937609553337097,0.1348669320344925,0.43923241562313503,/content/outputs/inference/answersheet/model_finetune_640_results/res_169220c192324256d9315103504266a7_jpg_0.pkl
235,192,277,207,235,192,276,192,276,206,235,206,efeeeted,from,0.7120077610015869,0.1760837659239769,0.628995543718338,/content/outputs/inference/answersheet/model_finetune_640_results/res_169220c192324256d9315103504266a7_jpg_1.pkl
224,125,315,140,224,125,314,127,313,141,224,138,eteelaaeiit,from,0.7479473352432251,0.1790758953853087,0.4014765590429306,/content/outputs/inference/answersheet/model_finetune_640_results/res_169220c192324256d9315103504266a7_jpg_2.pkl
337,331,376,343,337,331,375,331,375,342,337,342,a,from,0.7566221952438354,0.13277257978916168,0.5574458792805672,/content/outputs/inference/answersheet/model_finetune_640_results/res_169220c192324256d9315103504266a7_jpg_3.pkl
311,352,363,365,311,352,362,352,362,364,311,364,aeee,the,0.5998383164405823,0.29222199879586697,0.5077151544392109,/content/outputs/inference/answersheet/model_finetune_640_results/res_169220c192324256d9315103504266a7_jpg_4.pkl
183,193,221,208,183,193,220,193,220,207,183,207,tttthtaattttt,that,0.5580397248268127,0.3811889737844467,0.642227727174759,/content/outputs/inference/answersheet/model_finetune_640_results/res_169220c192324256d9315103504266a7_jpg_5.pkl
191,230,213,241,191,230,212,230,212,240,191,240,ttttdddddpttttttthhtt,the,0.7573485970497131,0.11469411956412452,0.6364815048873425,/content/outputs/inference/answersheet/model_finetune_640_results/res_169220c192324256d9315103504266a7_jpg_6.pkl
62,65,105,77,62,65,104,65,104,76,62,76,ffgsssaiir,from,0.6335853338241577,0.15384621545672417,0.5079390376806259,/content/outputs/inference/answersheet/model_finetune_640_results/res_169220c192324256d9315103504266a7_jpg_7.pkl
187,298,240,310,187,298,239,298,239,309,187,309,anhhaah,coffee,0.6164756417274475,0.1311048407639776,0.5129000012363706,/content/outputs/inference/answersheet/model_finetune_640_results/res_169220c192324256d9315103504266a7_jpg_8.pkl
222,63,272,75,224,63,269,63,269,74,224,74,eedd,coffee,0.527437686920166,0.18433301895856857,0.4315992593765259,/content/outputs/inference/answersheet/model_finetune_640_results/res_169220c192324256d9315103504266a7_jpg_9.pkl
228,250,244,258,228,250,243,250,243,257,228,257,tttfeeeeeppeennennt,for,0.7322942614555359,0.15944151305838636,0.676755964756012,/content/outputs/inference/answersheet/model_finetune_640_results/res_169220c192324256d9315103504266a7_jpg_10.pkl
211,173,229,183,211,173,228,173,228,182,211,182,t000h7hh07hhhhnhoonnnnnnnn,the,0.8357452154159546,0.15294968508757079,0.7439901381731033,/content/outputs/inference/answersheet/model_finetune_640_results/res_169220c192324256d9315103504266a7_jpg_11.pkl
146,319,189,330,146,319,188,319,188,329,146,329,asssssgt,subject,0.629819929599762,0.10468483716249466,0.4654562212526798,/content/outputs/inference/answersheet/model_finetune_640_results/res_169220c192324256d9315103504266a7_jpg_12.pkl
271,331,315,342,273,331,314,331,314,341,273,341,omntnnseeeeeddde,from,0.5806592106819153,0.16813674150034785,0.5261321976780892,/content/outputs/inference/answersheet/model_finetune_640_results/res_169220c192324256d9315103504266a7_jpg_13.pkl
196,108,217,118,196,108,216,108,216,117,196,117,rrrrttrrttttttptfptprnnnnnnnnnnnnnnnnnnhnhhhh,the,0.5772081017494202,0.1777566315399276,0.5619132667779922,/content/outputs/inference/answersheet/model_finetune_640_results/res_169220c192324256d9315103504266a7_jpg_14.pkl
301,298,349,309,301,298,348,298,348,308,301,308,bhhbnnlyteeaatttt,bight,0.6369419097900391,0.2592366022222182,0.4970003714164098,/content/outputs/inference/answersheet/model_finetune_640_results/res_169220c192324256d9315103504266a7_jpg_15.pkl
297,55,315,64,297,55,314,55,314,63,297,63,teeeeeee,the,0.5738610625267029,0.32773077487945557,0.8028537333011627,/content/outputs/inference/answersheet/model_finetune_640_results/res_169220c192324256d9315103504266a7_jpg_16.pkl
60,98,93,111,60,98,92,98,92,110,60,110,te,from,0.6790626645088196,0.10971913114190102,0.6304105997085572,/content/outputs/inference/answersheet/model_finetune_640_results/res_169220c192324256d9315103504266a7_jpg_17.pkl
63,330,90,342,63,330,89,330,89,341,63,341,faaaaaaaae,from,0.5157628655433655,0.31611998975276945,0.6369739949703217,/content/outputs/inference/answersheet/model_finetune_640_results/res_169220c192324256d9315103504266a7_jpg_18.pkl
209,268,225,277,209,268,224,268,224,276,209,276,fffffffffffffffffftthhhyssyssssyyy,for,0.5822136402130127,0.21737456036841168,0.728985995054245,/content/outputs/inference/answersheet/model_finetune_640_results/res_169220c192324256d9315103504266a7_jpg_19.pkl
101,56,129,66,101,56,128,56,128,65,101,65,aaaaaaaaaaaanssaada,from,0.6696746349334717,0.0952663884351128,0.5487813264131546,/content/outputs/inference/answersheet/model_finetune_640_results/res_169220c192324256d9315103504266a7_jpg_20.pkl
67,33,101,43,67,33,100,33,100,42,67,42,thnfaaaeye,from,0.6789882779121399,0.18527086973190307,0.6510651111602783,/content/outputs/inference/answersheet/model_finetune_640_results/res_169220c192324256d9315103504266a7_jpg_21.pkl
107,298,128,307,107,298,127,298,127,306,107,306,ttfffke,the,0.5448011159896851,0.24727707036903926,0.7834892198443413,/content/outputs/inference/answersheet/model_finetune_640_results/res_169220c192324256d9315103504266a7_jpg_22.pkl
339,22,357,33,339,22,356,22,356,32,339,32,4ae,the,0.663536548614502,0.19158959885438284,0.7178000845015049,/content/outputs/inference/answersheet/model_finetune_640_results/res_169220c192324256d9315103504266a7_jpg_23.pkl
210,88,229,97,210,88,228,88,228,96,210,96,tttttn,the,0.500228226184845,0.12582038963834444,0.5752382427453995,/content/outputs/inference/answersheet/model_finetune_640_results/res_169220c192324256d9315103504266a7_jpg_24.pkl
143,299,168,308,143,299,167,299,167,307,143,307,flfffffffhfaeeeeeeeeeeeeeeeeeee,the,0.6482453942298889,0.3647622631922845,0.6414755135774612,/content/outputs/inference/answersheet/model_finetune_640_results/res_169220c192324256d9315103504266a7_jpg_25.pkl
227,55,248,63,227,55,247,55,247,62,227,62,taaateteee,the,0.7581656575202942,0.15078516229987143,0.6457110606133938,/content/outputs/inference/answersheet/model_finetune_640_results/res_169220c192324256d9315103504266a7_jpg_26.pkl
147,21,177,34,147,21,176,21,176,33,147,33,ttee,the,0.5336034893989563,0.37564751878380775,0.6367361545562744,/content/outputs/inference/answersheet/model_finetune_640_results/res_169220c192324256d9315103504266a7_jpg_27.pkl
347,298,369,308,347,298,368,298,368,307,347,307,aheeeee,the,0.7110391855239868,0.29535000026226044,0.7288539987057447,/content/outputs/inference/answersheet/model_finetune_640_results/res_169220c192324256d9315103504266a7_jpg_28.pkl
63,31,140,44,67,33,139,33,139,43,67,43,fenaeaeetteee,from,0.5517561435699463,0.22647779033734247,0.5895465910434723,/content/outputs/inference/answersheet/model_finetune_640_results/res_169220c192324256d9315103504266a7_jpg_29.pkl
61,319,87,329,61,319,86,319,86,328,61,328,hhhhhtaaasssee,the,0.5420612096786499,0.19007145081247603,0.6464004591107368,/content/outputs/inference/answersheet/model_finetune_640_results/res_169220c192324256d9315103504266a7_jpg_30.pkl
258,298,277,307,258,298,276,298,276,306,258,306,444tdd44444eeeee,the,0.7043539881706238,0.21558665111660957,0.8323303461074829,/content/outputs/inference/answersheet/model_finetune_640_results/res_169220c192324256d9315103504266a7_jpg_31.pkl
264,320,318,331,266,320,317,320,317,330,266,330,teeeeeee,the,0.5873402953147888,0.1858124602586031,0.48128701746463776,/content/outputs/inference/answersheet/model_finetune_640_results/res_169220c192324256d9315103504266a7_jpg_32.pkl
245,267,259,273,245,267,258,267,258,272,245,272,aaaaaeeeeeeeeeeeeeeeeeeeeeeee,and,0.5165122747421265,0.10904987772990918,0.6017920710146427,/content/outputs/inference/answersheet/model_finetune_640_results/res_169220c192324256d9315103504266a7_jpg_33.pkl
327,55,354,64,327,55,353,55,353,63,327,63,aaaaaaenneeeeeeeeee,the,0.6136996150016785,0.22950949676726995,0.6415250971913338,/content/outputs/inference/answersheet/model_finetune_640_results/res_169220c192324256d9315103504266a7_jpg_34.pkl
