256,271,309,284,256,271,308,271,308,283,256,283,laire,lines,0.6201149225234985,0.20430830717086793,0.6109955087304115,/content/outputs/inference/answersheet/model_finetune_640_results/res_4555cff97d2090f69b4a8be0a631a877_jpg_0.pkl
137,217,163,227,137,217,162,217,162,226,137,226,tpnneff,the,0.8191463351249695,0.1672013604215213,0.5184326395392418,/content/outputs/inference/answersheet/model_finetune_640_results/res_4555cff97d2090f69b4a8be0a631a877_jpg_1.pkl
62,192,98,206,64,192,97,192,97,205,64,205,tgaaaeeee,the,0.6764712929725647,0.30467679185999763,0.6211101040244102,/content/outputs/inference/answersheet/model_finetune_640_results/res_4555cff97d2090f69b4a8be0a631a877_jpg_2.pkl
309,380,356,392,309,380,355,380,355,391,309,391,aaeee,the,0.5761324167251587,0.13707397282123565,0.5808088183403015,/content/outputs/inference/answersheet/model_finetune_640_results/res_4555cff97d2090f69b4a8be0a631a877_jpg_3.pkl
296,339,355,351,296,339,354,339,354,350,296,350,satee,from,0.7535122632980347,0.14757222682237625,0.598000594228506,/content/outputs/inference/answersheet/model_finetune_640_results/res_4555cff97d2090f69b4a8be0a631a877_jpg_4.pkl
196,270,310,284,198,270,308,270,308,282,198,282,faeelere,from,0.5357879400253296,0.21097800601273775,0.48619028329849245,/content/outputs/inference/answersheet/model_finetune_640_results/res_4555cff97d2090f69b4a8be0a631a877_jpg_5.pkl
281,351,338,362,281,351,337,351,337,361,281,361,yyytysaaaaanaaaemneee,comporia,0.52599036693573,0.19981412784684272,0.35304028789202374,/content/outputs/inference/answersheet/model_finetune_640_results/res_4555cff97d2090f69b4a8be0a631a877_jpg_6.pkl
108,384,138,395,108,384,137,384,137,394,108,394,mlmhhese,the,0.5897608399391174,0.14071878790855408,0.5301390886306763,/content/outputs/inference/answersheet/model_finetune_640_results/res_4555cff97d2090f69b4a8be0a631a877_jpg_7.pkl
250,316,288,328,252,316,287,316,287,327,252,327,ilddtttdd,ity,0.8379283547401428,0.303612823287646,0.3576449155807495,/content/outputs/inference/answersheet/model_finetune_640_results/res_4555cff97d2090f69b4a8be0a631a877_jpg_8.pkl
132,216,205,228,136,216,204,216,204,227,136,227,aanweeeeeeeteeppd,the,0.6159759759902954,0.22039586963022456,0.4454598091542721,/content/outputs/inference/answersheet/model_finetune_640_results/res_4555cff97d2090f69b4a8be0a631a877_jpg_9.pkl
300,340,328,349,300,340,327,340,327,348,300,348,fatt,from,0.5970577597618103,0.12423243559896946,0.6145989432930946,/content/outputs/inference/answersheet/model_finetune_640_results/res_4555cff97d2090f69b4a8be0a631a877_jpg_10.pkl
61,193,139,207,63,193,138,193,138,206,63,206,tateeeeeeeeeaeeeeeeeeaaaad,from,0.5329994559288025,0.2271556341304229,0.5825390845537186,/content/outputs/inference/answersheet/model_finetune_640_results/res_4555cff97d2090f69b4a8be0a631a877_jpg_11.pkl
328,381,355,392,328,381,354,381,354,391,328,391,taaaaoeeeeeeeo,the,0.6325938105583191,0.17427578302366392,0.6391655616462231,/content/outputs/inference/answersheet/model_finetune_640_results/res_4555cff97d2090f69b4a8be0a631a877_jpg_12.pkl
15,382,55,395,15,382,54,382,54,394,15,394,atrtntttt,sale,0.5481184720993042,0.1574742024143537,0.4697532594203949,/content/outputs/inference/answersheet/model_finetune_640_results/res_4555cff97d2090f69b4a8be0a631a877_jpg_13.pkl
109,196,163,206,109,196,162,196,162,205,109,205,dadaahh,from,0.7110263109207153,0.15314673738820211,0.5265613853931427,/content/outputs/inference/answersheet/model_finetune_640_results/res_4555cff97d2090f69b4a8be0a631a877_jpg_14.pkl
