306,275,360,286,306,275,359,275,359,285,306,285,aaeratt,from,0.6642991900444031,0.2684621789625713,0.3500463247299194,/content/outputs/inference/answersheet/model_finetune_640_results/res_ee7a92486c2635f97b578476d02e327c_jpg_0.pkl
324,19,377,31,324,19,376,19,376,30,324,30,aaaeee,subject,0.6017296314239502,0.2603808616598447,0.42247283831238747,/content/outputs/inference/answersheet/model_finetune_640_results/res_ee7a92486c2635f97b578476d02e327c_jpg_1.pkl
257,276,302,287,257,276,301,276,301,286,257,286,earee,from,0.6794033050537109,0.1140330672264099,0.5509753867983818,/content/outputs/inference/answersheet/model_finetune_640_results/res_ee7a92486c2635f97b578476d02e327c_jpg_2.pkl
64,27,107,38,64,27,106,27,106,37,64,37,f,from,0.6710875034332275,0.10775449872016907,0.7010637640953064,/content/outputs/inference/answersheet/model_finetune_640_results/res_ee7a92486c2635f97b578476d02e327c_jpg_3.pkl
199,290,246,300,199,290,245,290,245,299,199,299,deee,bright,0.5182758569717407,0.16713606752455235,0.3190323518855231,/content/outputs/inference/answersheet/model_finetune_640_results/res_ee7a92486c2635f97b578476d02e327c_jpg_4.pkl
268,22,314,33,268,22,313,22,313,32,268,32,aaeeheeeee,price,0.5799620151519775,0.2737950511276722,0.31722863515218097,/content/outputs/inference/answersheet/model_finetune_640_results/res_ee7a92486c2635f97b578476d02e327c_jpg_5.pkl
105,72,123,82,105,72,122,72,122,81,105,81,lyytylleeaeeadaeddeeddeeeeeee,from,0.6553345322608948,0.10143634394325059,0.6259254351258278,/content/outputs/inference/answersheet/model_finetune_640_results/res_ee7a92486c2635f97b578476d02e327c_jpg_6.pkl
219,68,243,77,219,68,242,68,242,76,219,76,fseeeeeeeeeeeeeeeeee,from,0.5564440488815308,0.29367706887423994,0.5573425114154815,/content/outputs/inference/answersheet/model_finetune_640_results/res_ee7a92486c2635f97b578476d02e327c_jpg_7.pkl
232,25,258,33,232,25,257,25,257,32,232,32,sosoaaaape,from,0.5120621919631958,0.10753026455640793,0.6783858820796013,/content/outputs/inference/answersheet/model_finetune_640_results/res_ee7a92486c2635f97b578476d02e327c_jpg_8.pkl
38,27,61,39,38,27,60,27,60,38,38,38,taaa,that,0.5066155791282654,0.27260107547044754,0.6565598696470261,/content/outputs/inference/answersheet/model_finetune_640_results/res_ee7a92486c2635f97b578476d02e327c_jpg_9.pkl
250,66,302,76,250,66,301,66,301,75,250,75,teefyadddeaaaee,from,0.5375245213508606,0.13814178258180618,0.5129119843244553,/content/outputs/inference/answersheet/model_finetune_640_results/res_ee7a92486c2635f97b578476d02e327c_jpg_10.pkl
155,112,195,124,155,112,194,112,194,123,155,123,aaatas,the,0.5415403246879578,0.1922434742252032,0.33396029472351074,/content/outputs/inference/answersheet/model_finetune_640_results/res_ee7a92486c2635f97b578476d02e327c_jpg_11.pkl
64,60,99,71,64,60,98,60,98,70,64,70,tttttaaa,from,0.5452026724815369,0.09500223025679588,0.5701150089502335,/content/outputs/inference/answersheet/model_finetune_640_results/res_ee7a92486c2635f97b578476d02e327c_jpg_12.pkl
149,92,176,101,149,92,175,92,175,100,149,100,ssdttaaaadaadeaattttee,from,0.5368032455444336,0.1269210229881785,0.6182634994387627,/content/outputs/inference/answersheet/model_finetune_640_results/res_ee7a92486c2635f97b578476d02e327c_jpg_13.pkl
156,188,208,202,156,188,207,188,207,201,156,201,aneeeeeeeaeaaatddddddd,sender,0.5234071016311646,0.284734039821408,0.4957357070275715,/content/outputs/inference/answersheet/model_finetune_640_results/res_ee7a92486c2635f97b578476d02e327c_jpg_14.pkl
