312,32,394,47,312,32,393,32,393,46,312,46,aaaaaeaaty,coffeen,0.8129188418388367,0.16577530801296234,0.49885336123406887,/content/outputs/inference/answersheet/model_finetune_640_results/res_804554ad1c4fd6e0ef1094d922d8d53e_jpg_0.pkl
95,14,144,24,95,14,143,14,143,23,95,23,ht,from,0.7008758783340454,0.12206548824906349,0.600975227355957,/content/outputs/inference/answersheet/model_finetune_640_results/res_804554ad1c4fd6e0ef1094d922d8d53e_jpg_1.pkl
182,300,245,314,182,300,244,300,244,313,182,313,teeeotttttted,restated,0.5622574090957642,0.2372184877212231,0.5444772922330432,/content/outputs/inference/answersheet/model_finetune_640_results/res_804554ad1c4fd6e0ef1094d922d8d53e_jpg_2.pkl
210,223,248,235,210,223,247,223,247,234,210,234,ftffaetet,the,0.7477487921714783,0.18887865957286623,0.4682830721139908,/content/outputs/inference/answersheet/model_finetune_640_results/res_804554ad1c4fd6e0ef1094d922d8d53e_jpg_3.pkl
292,90,360,103,292,90,356,90,356,102,292,102,ssyyaeeleee,compers,0.5635718703269958,0.1330400820482861,0.4273201357573271,/content/outputs/inference/answersheet/model_finetune_640_results/res_804554ad1c4fd6e0ef1094d922d8d53e_jpg_4.pkl
108,279,150,291,108,279,149,279,149,290,108,290,tttteesaatteeeeeeee,from,0.5595567226409912,0.2745420626903835,0.5716449081897735,/content/outputs/inference/answersheet/model_finetune_640_results/res_804554ad1c4fd6e0ef1094d922d8d53e_jpg_5.pkl
49,17,76,27,49,17,75,17,75,26,49,26,ffa,can,0.7645407915115356,0.2117922529578209,0.3823341317474842,/content/outputs/inference/answersheet/model_finetune_640_results/res_804554ad1c4fd6e0ef1094d922d8d53e_jpg_6.pkl
294,15,357,25,294,15,352,15,352,23,294,23,cssssgeee,cition,0.5540235042572021,0.10958137528763877,0.40818277427128385,/content/outputs/inference/answersheet/model_finetune_640_results/res_804554ad1c4fd6e0ef1094d922d8d53e_jpg_7.pkl
282,36,309,46,282,36,308,36,308,45,282,45,ffhhhaaaee,the,0.7058278322219849,0.2213718429207802,0.6550847738981247,/content/outputs/inference/answersheet/model_finetune_640_results/res_804554ad1c4fd6e0ef1094d922d8d53e_jpg_8.pkl
214,330,298,344,214,330,297,330,297,343,214,343,tfeeedaos,from,0.5670205950737,0.16478287842538622,0.5254573702812195,/content/outputs/inference/answersheet/model_finetune_640_results/res_804554ad1c4fd6e0ef1094d922d8d53e_jpg_9.pkl
204,245,238,256,204,245,237,245,237,255,204,255,ttathtttaaad,the,0.7352877855300903,0.2801542604962985,0.5633950456976891,/content/outputs/inference/answersheet/model_finetune_640_results/res_804554ad1c4fd6e0ef1094d922d8d53e_jpg_10.pkl
332,92,357,102,332,92,356,92,356,101,332,101,eaeeee,the,0.748103678226471,0.15312073876460394,0.5046332776546478,/content/outputs/inference/answersheet/model_finetune_640_results/res_804554ad1c4fd6e0ef1094d922d8d53e_jpg_11.pkl
251,71,273,80,251,71,272,71,272,79,251,79,sse,sale,0.5351130962371826,0.1644221842288971,0.5044064283370971,/content/outputs/inference/answersheet/model_finetune_640_results/res_804554ad1c4fd6e0ef1094d922d8d53e_jpg_12.pkl
175,276,246,290,175,276,245,276,245,289,175,289,tteaaaaefaeattao,from,0.578481912612915,0.1403075885027647,0.5822811454534531,/content/outputs/inference/answersheet/model_finetune_640_results/res_804554ad1c4fd6e0ef1094d922d8d53e_jpg_13.pkl
169,225,192,236,169,225,191,225,191,235,169,235,dptppeeoooooooyyy,apr,0.5378540754318237,0.18633554262273452,0.6107243821024895,/content/outputs/inference/answersheet/model_finetune_640_results/res_804554ad1c4fd6e0ef1094d922d8d53e_jpg_14.pkl
100,42,135,53,100,42,134,42,134,52,100,52,fffahaaaesse,from,0.5407217741012573,0.11796924658119678,0.5914418786764145,/content/outputs/inference/answersheet/model_finetune_640_results/res_804554ad1c4fd6e0ef1094d922d8d53e_jpg_15.pkl
190,167,233,178,190,167,232,167,232,177,190,177,awtaaaaaeeddd,and,0.5413536429405212,0.2192914984547175,0.50904655829072,/content/outputs/inference/answersheet/model_finetune_640_results/res_804554ad1c4fd6e0ef1094d922d8d53e_jpg_16.pkl
154,16,187,25,154,16,186,16,186,24,154,24,ydiietftttttt,the,0.6894955635070801,0.20417975175839204,0.632111057639122,/content/outputs/inference/answersheet/model_finetune_640_results/res_804554ad1c4fd6e0ef1094d922d8d53e_jpg_17.pkl
266,17,290,25,266,17,289,17,289,24,266,24,aaataandddttt,the,0.7072844505310059,0.12665846370733702,0.5497298613190651,/content/outputs/inference/answersheet/model_finetune_640_results/res_804554ad1c4fd6e0ef1094d922d8d53e_jpg_18.pkl
