127,298,173,310,127,298,171,298,171,308,127,308,aaeoootftttteeerrsy,from,0.6311116814613342,0.15999901529989743,0.5145980551838875,/content/outputs/inference/answersheet/model_finetune_640_results/res_76cfa4e6da2a03bf7c89ed306bfae603_jpg_0.pkl
160,53,183,66,160,53,182,53,182,65,160,65,tattgohe,the,0.6642297506332397,0.13240199256688356,0.5897580534219742,/content/outputs/inference/answersheet/model_finetune_640_results/res_76cfa4e6da2a03bf7c89ed306bfae603_jpg_1.pkl
257,165,293,182,257,168,291,166,292,180,257,181,ttteaoodl,and,0.5345779061317444,0.23256192107995352,0.5276315659284592,/content/outputs/inference/answersheet/model_finetune_640_results/res_76cfa4e6da2a03bf7c89ed306bfae603_jpg_2.pkl
236,152,271,168,236,154,270,154,270,167,236,167,eayayyd,from,0.5951191782951355,0.26337797726903645,0.5901406973600387,/content/outputs/inference/answersheet/model_finetune_640_results/res_76cfa4e6da2a03bf7c89ed306bfae603_jpg_3.pkl
165,19,202,33,165,19,201,19,201,32,165,32,deesesea,off,0.7063709497451782,0.25752721540629864,0.48968582414090633,/content/outputs/inference/answersheet/model_finetune_640_results/res_76cfa4e6da2a03bf7c89ed306bfae603_jpg_4.pkl
124,99,155,111,124,99,154,99,154,110,124,110,etttdde,for,0.6783152222633362,0.22981934355837957,0.5079228840768337,/content/outputs/inference/answersheet/model_finetune_640_results/res_76cfa4e6da2a03bf7c89ed306bfae603_jpg_5.pkl
170,265,191,274,170,265,190,265,190,273,170,273,dddggo,do,0.7149542570114136,0.2080544332663218,0.35280455152193707,/content/outputs/inference/answersheet/model_finetune_640_results/res_76cfa4e6da2a03bf7c89ed306bfae603_jpg_6.pkl
245,74,272,87,245,74,271,74,271,86,245,86,geee6ea22a222232ae3yyyyyyy,for,0.6557131409645081,0.19836722543606392,0.680914344266057,/content/outputs/inference/answersheet/model_finetune_640_results/res_76cfa4e6da2a03bf7c89ed306bfae603_jpg_7.pkl
61,320,106,332,61,320,104,320,104,330,61,330,tealtttttlttttlttttttettee,from,0.6390532851219177,0.27364279759617954,0.57431810349226,/content/outputs/inference/answersheet/model_finetune_640_results/res_76cfa4e6da2a03bf7c89ed306bfae603_jpg_8.pkl
109,153,152,169,111,155,148,155,148,168,111,168,s,restrice,0.5612391233444214,0.08607814460992813,0.46065659324328107,/content/outputs/inference/answersheet/model_finetune_640_results/res_76cfa4e6da2a03bf7c89ed306bfae603_jpg_9.pkl
65,97,118,111,65,97,117,97,117,110,65,110,aaeaee,ambia,0.7887356877326965,0.3310752933224042,0.3361194059252739,/content/outputs/inference/answersheet/model_finetune_640_results/res_76cfa4e6da2a03bf7c89ed306bfae603_jpg_10.pkl
102,301,126,311,102,301,125,301,125,310,102,310,eea,can,0.5290184020996094,0.17977404594421387,0.4011105112731457,/content/outputs/inference/answersheet/model_finetune_640_results/res_76cfa4e6da2a03bf7c89ed306bfae603_jpg_11.pkl
203,38,230,54,203,38,229,38,229,53,203,53,eebe33333ff,get,0.7716382741928101,0.15940118242393841,0.5252217054367065,/content/outputs/inference/answersheet/model_finetune_640_results/res_76cfa4e6da2a03bf7c89ed306bfae603_jpg_12.pkl
198,78,225,91,198,78,224,78,224,90,198,90,oeeeoooyoy,gay,0.7230284810066223,0.2409715548157692,0.5047619640827179,/content/outputs/inference/answersheet/model_finetune_640_results/res_76cfa4e6da2a03bf7c89ed306bfae603_jpg_13.pkl
288,181,313,192,288,181,312,181,312,191,288,191,stfgaao,from,0.5367874503135681,0.1923153123685292,0.6570497214794159,/content/outputs/inference/answersheet/model_finetune_640_results/res_76cfa4e6da2a03bf7c89ed306bfae603_jpg_14.pkl
251,299,282,311,251,299,281,299,281,310,251,310,t,that,0.665469229221344,0.13539589941501617,0.48733932375907896,/content/outputs/inference/answersheet/model_finetune_640_results/res_76cfa4e6da2a03bf7c89ed306bfae603_jpg_15.pkl
140,39,161,51,140,39,158,39,158,50,140,50,gggggfeh,of,0.5239799618721008,0.2075742967426777,0.5200392156839371,/content/outputs/inference/answersheet/model_finetune_640_results/res_76cfa4e6da2a03bf7c89ed306bfae603_jpg_16.pkl
133,287,175,297,133,287,173,287,173,295,133,295,teeeeeeeeeeeeeed,from,0.5440109968185425,0.14922626223415136,0.5512860476970672,/content/outputs/inference/answersheet/model_finetune_640_results/res_76cfa4e6da2a03bf7c89ed306bfae603_jpg_17.pkl
229,59,250,70,229,59,249,59,249,69,229,69,eeeeeeyy,and,0.5542377829551697,0.36296337470412254,0.5815890803933144,/content/outputs/inference/answersheet/model_finetune_640_results/res_76cfa4e6da2a03bf7c89ed306bfae603_jpg_18.pkl
113,50,146,70,114,56,143,48,147,63,118,71,g,city,0.5985878109931946,0.08510706573724747,0.614978489279747,/content/outputs/inference/answersheet/model_finetune_640_results/res_76cfa4e6da2a03bf7c89ed306bfae603_jpg_19.pkl
120,251,171,264,123,251,170,251,170,263,123,263,aeeekk,sale,0.5363618731498718,0.23598875353733698,0.47677957117557523,/content/outputs/inference/answersheet/model_finetune_640_results/res_76cfa4e6da2a03bf7c89ed306bfae603_jpg_20.pkl
113,319,183,330,113,319,182,319,182,329,113,329,eeaststaaae,best,0.5413142442703247,0.2330694401806051,0.46968233585357666,/content/outputs/inference/answersheet/model_finetune_640_results/res_76cfa4e6da2a03bf7c89ed306bfae603_jpg_21.pkl
186,62,211,74,186,62,210,62,210,73,186,73,cggyyl,can,0.564513087272644,0.18779093151291212,0.4063256159424782,/content/outputs/inference/answersheet/model_finetune_640_results/res_76cfa4e6da2a03bf7c89ed306bfae603_jpg_22.pkl
111,288,133,297,111,288,132,288,132,296,111,296,aaataatttettt,the,0.5772898197174072,0.24653603079227301,0.7044332176446915,/content/outputs/inference/answersheet/model_finetune_640_results/res_76cfa4e6da2a03bf7c89ed306bfae603_jpg_23.pkl
115,328,186,343,115,328,185,328,185,342,115,342,eaeewnnn,menter,0.6745577454566956,0.2069865334779024,0.47278919496706556,/content/outputs/inference/answersheet/model_finetune_640_results/res_76cfa4e6da2a03bf7c89ed306bfae603_jpg_24.pkl
64,288,92,299,64,288,91,288,91,298,64,298,essnnntnnnnfei,the,0.5072011947631836,0.165969047163214,0.6648580450564623,/content/outputs/inference/answersheet/model_finetune_640_results/res_76cfa4e6da2a03bf7c89ed306bfae603_jpg_25.pkl
201,139,237,155,201,139,236,142,234,155,200,150,ne,can,0.7090732455253601,0.1169157400727272,0.4861997738480568,/content/outputs/inference/answersheet/model_finetune_640_results/res_76cfa4e6da2a03bf7c89ed306bfae603_jpg_26.pkl
136,144,151,154,136,144,150,144,150,153,136,153,ttttddddoooodnttt,do,0.585515022277832,0.1845008275088142,0.5517831792434057,/content/outputs/inference/answersheet/model_finetune_640_results/res_76cfa4e6da2a03bf7c89ed306bfae603_jpg_27.pkl
62,286,128,299,62,286,127,286,127,298,62,298,neeiieeeeaa,suchers,0.6455329060554504,0.19453236325220627,0.5011398978531361,/content/outputs/inference/answersheet/model_finetune_640_results/res_76cfa4e6da2a03bf7c89ed306bfae603_jpg_28.pkl
