235,13,299,24,235,13,297,13,297,22,235,22,nfefess,restaging,0.663762092590332,0.15928189988647187,0.5743892282247544,/content/outputs/inference/answersheet/model_finetune_640_results/res_7bfb24d2f8063a468d51661fb3c19886_jpg_0.pkl
117,12,178,23,117,12,177,12,177,22,117,22,eeeeeeaaen,compers,0.7184078693389893,0.15898455157876015,0.4267136212438345,/content/outputs/inference/answersheet/model_finetune_640_results/res_7bfb24d2f8063a468d51661fb3c19886_jpg_1.pkl
62,399,150,411,62,399,149,399,149,410,62,410,bssylaioe,barking,0.729256272315979,0.21264904075198704,0.5057932762429118,/content/outputs/inference/answersheet/model_finetune_640_results/res_7bfb24d2f8063a468d51661fb3c19886_jpg_2.pkl
208,205,226,214,208,205,225,205,225,213,208,213,ffee333doponn,the,0.7555627822875977,0.20642255991697311,0.5082423519343138,/content/outputs/inference/answersheet/model_finetune_640_results/res_7bfb24d2f8063a468d51661fb3c19886_jpg_3.pkl
142,255,169,271,142,255,168,255,168,270,142,270,ddrpppowhe,apr,0.6847252249717712,0.21015136763453485,0.5906249713152647,/content/outputs/inference/answersheet/model_finetune_640_results/res_7bfb24d2f8063a468d51661fb3c19886_jpg_4.pkl
65,234,113,247,65,234,112,234,112,246,65,246,aleeeee,and,0.5385963916778564,0.26247703603335787,0.5930353030562401,/content/outputs/inference/answersheet/model_finetune_640_results/res_7bfb24d2f8063a468d51661fb3c19886_jpg_5.pkl
267,91,311,104,267,91,310,91,310,103,267,103,ee,sale,0.6635226011276245,0.16494149714708328,0.450483837723732,/content/outputs/inference/answersheet/model_finetune_640_results/res_7bfb24d2f8063a468d51661fb3c19886_jpg_6.pkl
297,12,364,26,297,12,363,12,363,25,297,25,eenseieeeee,sender,0.5653981566429138,0.1373459662903439,0.47755890233176096,/content/outputs/inference/answersheet/model_finetune_640_results/res_7bfb24d2f8063a468d51661fb3c19886_jpg_7.pkl
316,57,358,70,316,57,357,57,357,69,316,69,fckgrooemmeee,from,0.5911421179771423,0.15243492218164298,0.5727436542510986,/content/outputs/inference/answersheet/model_finetune_640_results/res_7bfb24d2f8063a468d51661fb3c19886_jpg_8.pkl
145,287,178,303,145,287,177,287,177,302,145,302,eehh,for,0.6512092351913452,0.1474331971257925,0.5139717794954777,/content/outputs/inference/answersheet/model_finetune_640_results/res_7bfb24d2f8063a468d51661fb3c19886_jpg_9.pkl
77,321,135,337,77,321,133,321,133,335,77,335,waaaee,aution,0.6439505219459534,0.24109313016136488,0.551091981785638,/content/outputs/inference/answersheet/model_finetune_640_results/res_7bfb24d2f8063a468d51661fb3c19886_jpg_10.pkl
283,399,369,410,286,399,367,399,367,408,286,408,goeeessecall,coffee,0.5888828635215759,0.16539921114842096,0.5233745936836515,/content/outputs/inference/answersheet/model_finetune_640_results/res_7bfb24d2f8063a468d51661fb3c19886_jpg_11.pkl
38,79,58,95,38,79,57,79,57,94,38,94,adddddddddddddd,and,0.5571438670158386,0.33195424179236094,0.6980276852846146,/content/outputs/inference/answersheet/model_finetune_640_results/res_7bfb24d2f8063a468d51661fb3c19886_jpg_12.pkl
296,217,323,231,296,217,322,217,322,230,296,230,c2223nn393333dd,the,0.6104819178581238,0.151344629128774,0.5592049611732364,/content/outputs/inference/answersheet/model_finetune_640_results/res_7bfb24d2f8063a468d51661fb3c19886_jpg_13.pkl
269,285,292,297,269,285,291,285,291,296,269,296,ggggggooyayay,for,0.6875414252281189,0.20284687383816793,0.5689905844628811,/content/outputs/inference/answersheet/model_finetune_640_results/res_7bfb24d2f8063a468d51661fb3c19886_jpg_14.pkl
275,268,313,280,275,268,312,268,312,279,275,279,ftdaaaaakkkk11111ee,for,0.7845265865325928,0.24385778135374972,0.539309922605753,/content/outputs/inference/answersheet/model_finetune_640_results/res_7bfb24d2f8063a468d51661fb3c19886_jpg_15.pkl
191,12,224,23,191,12,223,12,223,22,191,22,eeeoageeeeee,the,0.8240112662315369,0.17988359307249388,0.44454051181674004,/content/outputs/inference/answersheet/model_finetune_640_results/res_7bfb24d2f8063a468d51661fb3c19886_jpg_16.pkl
54,15,101,25,56,15,99,15,99,23,56,23,aakenyyeedyeey,from,0.6144596338272095,0.19862254655786923,0.5714028492569924,/content/outputs/inference/answersheet/model_finetune_640_results/res_7bfb24d2f8063a468d51661fb3c19886_jpg_17.pkl
184,182,208,194,184,182,207,182,207,193,184,193,ff4f4fttttttoos,for,0.6277646422386169,0.265210405488809,0.6580287590622902,/content/outputs/inference/answersheet/model_finetune_640_results/res_7bfb24d2f8063a468d51661fb3c19886_jpg_18.pkl
181,146,205,159,181,146,204,146,204,158,181,158,fftf1ttttpoeeeeouuu,10,0.6954126358032227,0.21447444824795975,0.6437187294165293,/content/outputs/inference/answersheet/model_finetune_640_results/res_7bfb24d2f8063a468d51661fb3c19886_jpg_19.pkl
117,236,138,246,117,236,137,236,137,245,117,245,beeeeeee,from,0.5156174302101135,0.38504619617015123,0.6077086165547371,/content/outputs/inference/answersheet/model_finetune_640_results/res_7bfb24d2f8063a468d51661fb3c19886_jpg_20.pkl
163,203,187,216,163,203,186,203,186,215,163,215,4tto9y,for,0.6068524122238159,0.24447812139987946,0.6895652394741774,/content/outputs/inference/answersheet/model_finetune_640_results/res_7bfb24d2f8063a468d51661fb3c19886_jpg_21.pkl
152,92,174,102,152,92,173,92,173,101,152,101,aeee,sale,0.6178227066993713,0.27079123817384243,0.5404732704162598,/content/outputs/inference/answersheet/model_finetune_640_results/res_7bfb24d2f8063a468d51661fb3c19886_jpg_22.pkl
117,50,136,61,117,50,135,50,135,60,117,60,o,come,0.5569412112236023,0.10713668912649155,0.41371266543865204,/content/outputs/inference/answersheet/model_finetune_640_results/res_7bfb24d2f8063a468d51661fb3c19886_jpg_23.pkl
154,363,181,377,154,363,180,363,180,376,154,376,ffttgossst,for,0.7037822008132935,0.3510961964726448,0.573381882160902,/content/outputs/inference/answersheet/model_finetune_640_results/res_7bfb24d2f8063a468d51661fb3c19886_jpg_24.pkl
206,167,227,176,206,167,226,167,226,175,206,175,fffffde0ee,for,0.6179190278053284,0.2260523706674576,0.6111142821609974,/content/outputs/inference/answersheet/model_finetune_640_results/res_7bfb24d2f8063a468d51661fb3c19886_jpg_25.pkl
75,105,120,117,75,105,117,105,117,116,75,116,ttyfyyeooeeennadeeas,yourge,0.5290222764015198,0.15045498348772526,0.4352618652795042,/content/outputs/inference/answersheet/model_finetune_640_results/res_7bfb24d2f8063a468d51661fb3c19886_jpg_26.pkl
162,274,185,284,162,274,184,274,184,283,162,283,ffffffftfeeyy,from,0.6121243834495544,0.48723314645198673,0.7255017399787903,/content/outputs/inference/answersheet/model_finetune_640_results/res_7bfb24d2f8063a468d51661fb3c19886_jpg_27.pkl
70,92,109,102,70,92,108,92,108,101,70,101,eesethnmnmaeaattt,from,0.6926406025886536,0.21676099168903687,0.5333442941308022,/content/outputs/inference/answersheet/model_finetune_640_results/res_7bfb24d2f8063a468d51661fb3c19886_jpg_28.pkl
