42,295,130,309,42,295,129,295,129,308,42,308,djdtktaekkkkdiykpa,colly,0.7272827625274658,0.31202127577530014,0.3244168261686961,/content/outputs/inference/answersheet/model_finetune_640_results/res_99931eaa36d7d4a0643cc79b7a204a8a_jpg_0.pkl
74,69,271,90,86,69,270,69,270,89,86,89,oonsnneyyesse,constribution,0.562222421169281,0.1653809891297267,0.45927224308252335,/content/outputs/inference/answersheet/model_finetune_640_results/res_99931eaa36d7d4a0643cc79b7a204a8a_jpg_1.pkl
228,207,271,220,228,207,268,207,268,219,228,219,fffettafeeeee,from,0.7554783225059509,0.2778586716606067,0.6251428961753845,/content/outputs/inference/answersheet/model_finetune_640_results/res_99931eaa36d7d4a0643cc79b7a204a8a_jpg_2.pkl
304,41,366,55,304,41,362,41,362,54,304,54,tttttdeeeet,the,0.6928204894065857,0.2762735282832926,0.446203988045454,/content/outputs/inference/answersheet/model_finetune_640_results/res_99931eaa36d7d4a0643cc79b7a204a8a_jpg_3.pkl
223,0,276,10,223,0,275,0,275,9,223,9,bbottttetttyhdddekheeeeeeaseee,the,0.6351003646850586,0.11283337598045667,0.4114995487034321,/content/outputs/inference/answersheet/model_finetune_640_results/res_99931eaa36d7d4a0643cc79b7a204a8a_jpg_4.pkl
297,10,339,21,297,10,338,10,338,20,297,20,lllldaddt,for,0.9002828598022461,0.2408601442972819,0.2992095686495304,/content/outputs/inference/answersheet/model_finetune_640_results/res_99931eaa36d7d4a0643cc79b7a204a8a_jpg_5.pkl
112,186,153,200,112,186,152,186,152,199,112,199,4ttt1ddikkkkkkkkkkessssss,like,0.7914722561836243,0.30115096509456635,0.4602337539196014,/content/outputs/inference/answersheet/model_finetune_640_results/res_99931eaa36d7d4a0643cc79b7a204a8a_jpg_6.pkl
271,0,314,9,271,0,313,0,313,8,271,8,oaaeeeeadn,shop,0.510963499546051,0.076227568089962,0.35927121341228485,/content/outputs/inference/answersheet/model_finetune_640_results/res_99931eaa36d7d4a0643cc79b7a204a8a_jpg_7.pkl
0,0,42,10,2,0,41,0,41,9,2,9,heaeoooo,from,0.5360308289527893,0.20334631484001875,0.6700249701738358,/content/outputs/inference/answersheet/model_finetune_640_results/res_99931eaa36d7d4a0643cc79b7a204a8a_jpg_8.pkl
140,297,155,307,140,297,154,297,154,306,140,306,ggfgffeoo,for,0.753969669342041,0.23285660478803846,0.7244933024048805,/content/outputs/inference/answersheet/model_finetune_640_results/res_99931eaa36d7d4a0643cc79b7a204a8a_jpg_9.pkl
106,386,175,397,106,386,174,386,174,396,106,396,tpawwnwnoymmmmeeeeg,the,0.553534746170044,0.16675008480486117,0.3848605081439018,/content/outputs/inference/answersheet/model_finetune_640_results/res_99931eaa36d7d4a0643cc79b7a204a8a_jpg_10.pkl
271,209,290,217,271,209,289,209,289,216,271,216,o,and,0.645746648311615,0.15834780037403107,0.6282519362866879,/content/outputs/inference/answersheet/model_finetune_640_results/res_99931eaa36d7d4a0643cc79b7a204a8a_jpg_11.pkl
233,42,288,55,235,42,287,42,287,54,235,54,deettaee,date,0.5799212455749512,0.17248853482306004,0.38278759121894834,/content/outputs/inference/answersheet/model_finetune_640_results/res_99931eaa36d7d4a0643cc79b7a204a8a_jpg_12.pkl
322,320,361,332,322,320,360,320,360,331,322,331,eeenlikdddd,liked,0.6641747355461121,0.2790054299614646,0.596183846394221,/content/outputs/inference/answersheet/model_finetune_640_results/res_99931eaa36d7d4a0643cc79b7a204a8a_jpg_13.pkl
39,319,59,329,39,319,58,319,58,328,39,328,ffaaerrd,for,0.63023442029953,0.1439992906525731,0.6606701761484146,/content/outputs/inference/answersheet/model_finetune_640_results/res_99931eaa36d7d4a0643cc79b7a204a8a_jpg_14.pkl
106,298,131,307,106,298,130,298,130,306,106,306,yykkkkkkkkfffppddddddy,ke,0.5648764371871948,0.36382083933461795,0.4918860544761022,/content/outputs/inference/answersheet/model_finetune_640_results/res_99931eaa36d7d4a0643cc79b7a204a8a_jpg_15.pkl
292,319,310,328,292,319,309,319,309,327,292,327,ffftt33oh,for,0.6701798439025879,0.18663198169734743,0.6417244002223015,/content/outputs/inference/answersheet/model_finetune_640_results/res_99931eaa36d7d4a0643cc79b7a204a8a_jpg_16.pkl
330,206,386,221,332,206,385,207,384,220,331,217,fggggggaaraattdd,greads,0.8130296468734741,0.2752141086384654,0.44271811842918396,/content/outputs/inference/answersheet/model_finetune_640_results/res_99931eaa36d7d4a0643cc79b7a204a8a_jpg_17.pkl
242,274,259,283,242,274,258,274,258,282,242,282,tsstepspsppspsppsoo00000nnn,to,0.7775543928146362,0.19216685079865986,0.5963835020860037,/content/outputs/inference/answersheet/model_finetune_640_results/res_99931eaa36d7d4a0643cc79b7a204a8a_jpg_18.pkl
268,296,282,306,268,296,281,296,281,305,268,305,4aoooooy,3,0.5963042378425598,0.2711928002536297,0.3159443289041519,/content/outputs/inference/answersheet/model_finetune_640_results/res_99931eaa36d7d4a0643cc79b7a204a8a_jpg_19.pkl
325,30,369,43,325,30,368,30,368,42,325,42,tdeeteheeaa,the,0.7302639484405518,0.14176444980231198,0.4407418966293335,/content/outputs/inference/answersheet/model_finetune_640_results/res_99931eaa36d7d4a0643cc79b7a204a8a_jpg_20.pkl
78,273,131,286,78,273,130,273,130,285,78,285,fgdwnenneecdd,for,0.7849814295768738,0.17619707320745176,0.49020103365182877,/content/outputs/inference/answersheet/model_finetune_640_results/res_99931eaa36d7d4a0643cc79b7a204a8a_jpg_21.pkl
202,320,215,326,202,320,214,320,214,325,202,325,tttttaddsd9dd9ddddddddddd,to,0.5613102316856384,0.2573699402809143,0.5588988761107127,/content/outputs/inference/answersheet/model_finetune_640_results/res_99931eaa36d7d4a0643cc79b7a204a8a_jpg_22.pkl
240,298,257,306,240,298,256,298,256,305,240,305,aattttttttttttttttttttttttttttttttttd,to,0.6595973372459412,0.3461056561083407,0.4925700823465983,/content/outputs/inference/answersheet/model_finetune_640_results/res_99931eaa36d7d4a0643cc79b7a204a8a_jpg_23.pkl
236,10,253,19,236,10,252,10,252,18,236,18,sffffsssese,come,0.5613674521446228,0.11027339033105156,0.37995927035808563,/content/outputs/inference/answersheet/model_finetune_640_results/res_99931eaa36d7d4a0643cc79b7a204a8a_jpg_24.pkl
115,4,138,11,115,4,137,4,137,10,115,10,fssssskksksfkfoeoooaahhhhhhh,from,0.5995044708251953,0.12948015012911387,0.6341893374919891,/content/outputs/inference/answersheet/model_finetune_640_results/res_99931eaa36d7d4a0643cc79b7a204a8a_jpg_25.pkl
322,296,407,309,324,296,403,296,403,308,324,308,yptdloaaaad,from,0.6238648891448975,0.1796142655340108,0.5240554243326188,/content/outputs/inference/answersheet/model_finetune_640_results/res_99931eaa36d7d4a0643cc79b7a204a8a_jpg_26.pkl
200,275,221,285,200,275,220,275,220,284,200,284,ftdddtddddddd,for,0.8298123478889465,0.18774967010204607,0.7453877627849579,/content/outputs/inference/answersheet/model_finetune_640_results/res_99931eaa36d7d4a0643cc79b7a204a8a_jpg_27.pkl
249,230,266,239,249,230,265,230,265,238,249,238,tkkktktktttooooyyyyyyy,to,0.7052351236343384,0.3301228078251535,0.8570316235224406,/content/outputs/inference/answersheet/model_finetune_640_results/res_99931eaa36d7d4a0643cc79b7a204a8a_jpg_28.pkl
134,363,156,374,134,363,155,363,155,373,134,373,eeepdddd90,for,0.621545672416687,0.1666546232998371,0.5999937765300274,/content/outputs/inference/answersheet/model_finetune_640_results/res_99931eaa36d7d4a0643cc79b7a204a8a_jpg_29.pkl
105,343,122,352,105,343,121,343,121,351,105,351,siffffssstttttddatttrtr,so,0.6151913404464722,0.2246501753511636,0.541837066411972,/content/outputs/inference/answersheet/model_finetune_640_results/res_99931eaa36d7d4a0643cc79b7a204a8a_jpg_30.pkl
345,230,386,241,345,230,385,230,385,240,345,240,tttsooyyytttttos,the,0.7516591548919678,0.209257485345006,0.5948293283581734,/content/outputs/inference/answersheet/model_finetune_640_results/res_99931eaa36d7d4a0643cc79b7a204a8a_jpg_31.pkl
150,10,191,19,152,10,190,10,190,18,152,18,aaddsnnlteeeeeeeeeeee,from,0.6444202661514282,0.17423907419045767,0.5711452439427376,/content/outputs/inference/answersheet/model_finetune_640_results/res_99931eaa36d7d4a0643cc79b7a204a8a_jpg_32.pkl
211,29,266,43,213,29,264,29,264,41,213,41,tsssesseee,coffee,0.5246961116790771,0.21837833896279335,0.542045611355986,/content/outputs/inference/answersheet/model_finetune_640_results/res_99931eaa36d7d4a0643cc79b7a204a8a_jpg_33.pkl
80,275,99,285,80,275,98,275,98,284,80,284,ffggoy,for,0.529578685760498,0.2842448328932126,0.7946584969758987,/content/outputs/inference/answersheet/model_finetune_640_results/res_99931eaa36d7d4a0643cc79b7a204a8a_jpg_34.pkl
192,163,218,175,192,163,217,163,217,174,192,174,kteeet9d,to,0.5645745396614075,0.19104104675352573,0.4589330355326335,/content/outputs/inference/answersheet/model_finetune_640_results/res_99931eaa36d7d4a0643cc79b7a204a8a_jpg_35.pkl
84,11,104,19,84,11,101,11,101,18,84,18,yyyyyyyyaattatttttttttttttttttttttttttteee,the,0.5017258524894714,0.3839359726934206,0.5383362546563148,/content/outputs/inference/answersheet/model_finetune_640_results/res_99931eaa36d7d4a0643cc79b7a204a8a_jpg_36.pkl
332,207,351,219,332,207,350,207,350,218,332,218,ffffffgfggggffffffffa,for,0.7408302426338196,0.3480041502487092,0.7213731780648232,/content/outputs/inference/answersheet/model_finetune_640_results/res_99931eaa36d7d4a0643cc79b7a204a8a_jpg_37.pkl
109,0,181,10,112,0,180,0,180,9,112,9,kfkooyypeeeeeddddddlyhpe,from,0.6005494594573975,0.16399205351869264,0.5563310414552689,/content/outputs/inference/answersheet/model_finetune_640_results/res_99931eaa36d7d4a0643cc79b7a204a8a_jpg_38.pkl
183,298,231,309,185,298,228,298,228,308,185,308,dfeeeegeeeeeeeonnnttttttteeede,from,0.6896573901176453,0.2419193332393964,0.5304260551929474,/content/outputs/inference/answersheet/model_finetune_640_results/res_99931eaa36d7d4a0643cc79b7a204a8a_jpg_39.pkl
194,11,220,19,194,11,219,11,219,18,194,18,awweeety,was,0.5677708983421326,0.08825220167636871,0.33835520781576633,/content/outputs/inference/answersheet/model_finetune_640_results/res_99931eaa36d7d4a0643cc79b7a204a8a_jpg_40.pkl
66,385,85,395,66,385,84,385,84,394,66,394,gggoonnn,get,0.6389838457107544,0.24057136941701174,0.5495493412017822,/content/outputs/inference/answersheet/model_finetune_640_results/res_99931eaa36d7d4a0643cc79b7a204a8a_jpg_41.pkl
98,253,115,262,98,253,114,253,114,261,98,261,1111ttttt11t111d1d1191999dddddd,11,0.5249939560890198,0.23385214841654223,0.5590052505334219,/content/outputs/inference/answersheet/model_finetune_640_results/res_99931eaa36d7d4a0643cc79b7a204a8a_jpg_42.pkl
369,275,387,285,369,275,386,275,386,284,369,284,fsddsyyyyyyyyyyyy,for,0.7029006481170654,0.14123834318974438,0.7016714252531528,/content/outputs/inference/answersheet/model_finetune_640_results/res_99931eaa36d7d4a0643cc79b7a204a8a_jpg_43.pkl
64,385,126,395,67,385,124,385,124,393,67,393,ggoeeeetep,come,0.6429172158241272,0.2739685758948326,0.4324466198682785,/content/outputs/inference/answersheet/model_finetune_640_results/res_99931eaa36d7d4a0643cc79b7a204a8a_jpg_44.pkl
349,253,366,261,349,253,365,253,365,260,349,260,fftooo,for,0.6257728934288025,0.24453101803859076,0.6594549417495728,/content/outputs/inference/answersheet/model_finetune_640_results/res_99931eaa36d7d4a0643cc79b7a204a8a_jpg_45.pkl
139,210,158,217,139,210,157,210,157,216,139,216,44444444444ffdddllll,the,0.5444100499153137,0.36655390411615374,0.6206510728225112,/content/outputs/inference/answersheet/model_finetune_640_results/res_99931eaa36d7d4a0643cc79b7a204a8a_jpg_46.pkl
318,364,338,374,318,364,337,364,337,373,318,373,tttftttftffeeeeeea,the,0.6241866946220398,0.2023489727742142,0.6652282029390335,/content/outputs/inference/answersheet/model_finetune_640_results/res_99931eaa36d7d4a0643cc79b7a204a8a_jpg_47.pkl
115,275,131,283,115,275,130,275,130,282,115,282,osssdooossssdddd0d1111nn,of,0.6553057432174683,0.1983365130921205,0.4462866286436717,/content/outputs/inference/answersheet/model_finetune_640_results/res_99931eaa36d7d4a0643cc79b7a204a8a_jpg_48.pkl
86,364,106,373,86,364,103,364,103,372,86,372,ffffffeeeooohsfsfyyyyy,for,0.5845905542373657,0.3033945452083241,0.7728649862110615,/content/outputs/inference/answersheet/model_finetune_640_results/res_99931eaa36d7d4a0643cc79b7a204a8a_jpg_49.pkl
125,35,153,43,125,35,152,35,152,42,125,42,lllfaiaaaee,from,0.5517368912696838,0.2728978124531833,0.5071097046136857,/content/outputs/inference/answersheet/model_finetune_640_results/res_99931eaa36d7d4a0643cc79b7a204a8a_jpg_50.pkl
260,363,278,372,260,363,277,363,277,371,260,371,o,for,0.564446747303009,0.13489839434623718,0.613506592810154,/content/outputs/inference/answersheet/model_finetune_640_results/res_99931eaa36d7d4a0643cc79b7a204a8a_jpg_51.pkl
209,229,231,241,211,229,230,229,230,240,211,240,fftttfhieeeeeoes,for,0.751041829586029,0.21027373056858778,0.6495009288191795,/content/outputs/inference/answersheet/model_finetune_640_results/res_99931eaa36d7d4a0643cc79b7a204a8a_jpg_52.pkl
114,10,139,17,114,10,138,10,138,16,114,16,nnnnssnnnnnnhneeeee,the,0.6198290586471558,0.11715050708306463,0.5896260114386678,/content/outputs/inference/answersheet/model_finetune_640_results/res_99931eaa36d7d4a0643cc79b7a204a8a_jpg_53.pkl
172,318,217,330,172,318,216,318,216,329,172,329,ggsyyyyyyyyyyeeeeeeeeeet,the,0.5273621082305908,0.3467916961138447,0.4947737976908684,/content/outputs/inference/answersheet/model_finetune_640_results/res_99931eaa36d7d4a0643cc79b7a204a8a_jpg_54.pkl
247,186,265,195,247,186,264,186,264,194,247,194,ssssfffffffffffffttttdddddddddd,st,0.6108236312866211,0.24815877454896126,0.43847798307736713,/content/outputs/inference/answersheet/model_finetune_640_results/res_99931eaa36d7d4a0643cc79b7a204a8a_jpg_55.pkl
202,43,219,51,202,43,218,43,218,50,202,50,ttteeeeee,the,0.5480284094810486,0.16090894573264652,0.6591331288218498,/content/outputs/inference/answersheet/model_finetune_640_results/res_99931eaa36d7d4a0643cc79b7a204a8a_jpg_56.pkl
75,7,102,17,75,7,101,7,101,16,75,16,ooddtttttred,the,0.5384315848350525,0.27174118906259537,0.5715143978595734,/content/outputs/inference/answersheet/model_finetune_640_results/res_99931eaa36d7d4a0643cc79b7a204a8a_jpg_57.pkl
337,65,364,75,337,65,363,65,363,74,337,74,teaaas,the,0.5454748868942261,0.2655000872910023,0.5402585826814175,/content/outputs/inference/answersheet/model_finetune_640_results/res_99931eaa36d7d4a0643cc79b7a204a8a_jpg_58.pkl
74,0,103,10,74,0,102,0,102,9,74,9,dddddddeee,the,0.6777566075325012,0.18501606956124306,0.6189079787582159,/content/outputs/inference/answersheet/model_finetune_640_results/res_99931eaa36d7d4a0643cc79b7a204a8a_jpg_59.pkl
317,290,410,317,317,295,405,295,405,316,317,316,aafrtyad,from,0.5771921873092651,0.21448673866689205,0.5476354897022248,/content/outputs/inference/answersheet/model_finetune_640_results/res_99931eaa36d7d4a0643cc79b7a204a8a_jpg_60.pkl
71,65,369,95,89,66,368,68,367,90,88,89,ntsseseeee,restrister,0.5591815710067749,0.15869393423199654,0.4390761222351681,/content/outputs/inference/answersheet/model_finetune_640_results/res_99931eaa36d7d4a0643cc79b7a204a8a_jpg_61.pkl
