339,23,407,35,339,23,406,23,406,34,339,34,saaaaaeellame,sale,0.6246199607849121,0.27486567485790986,0.4711538374423981,/content/outputs/inference/answersheet/model_finetune_640_results/res_6c10acec816f9c2764e6a45956bfba3c_jpg_0.pkl
366,90,410,103,366,90,409,90,409,102,366,102,aaaae,that,0.6832042932510376,0.34066654443740846,0.5245435565710068,/content/outputs/inference/answersheet/model_finetune_640_results/res_6c10acec816f9c2764e6a45956bfba3c_jpg_1.pkl
217,58,267,70,217,58,266,58,266,69,217,69,alldtaaae,and,0.7122603058815002,0.20479101522101295,0.2602747082710266,/content/outputs/inference/answersheet/model_finetune_640_results/res_6c10acec816f9c2764e6a45956bfba3c_jpg_2.pkl
315,66,386,80,319,66,384,66,384,78,319,78,adseadaaasatttaaaae,collers,0.7018321752548218,0.1331928209646752,0.3727862909436226,/content/outputs/inference/answersheet/model_finetune_640_results/res_6c10acec816f9c2764e6a45956bfba3c_jpg_3.pkl
226,25,284,36,226,25,283,25,283,35,226,35,eaaueyaaae,colleade,0.5552013516426086,0.14413406625390052,0.3633305761549208,/content/outputs/inference/answersheet/model_finetune_640_results/res_6c10acec816f9c2764e6a45956bfba3c_jpg_4.pkl
158,33,229,47,164,33,227,33,227,45,164,45,denoeee,greater,0.5821030735969543,0.22189717207636153,0.46572614274919033,/content/outputs/inference/answersheet/model_finetune_640_results/res_6c10acec816f9c2764e6a45956bfba3c_jpg_5.pkl
294,25,333,36,294,25,332,25,332,35,294,35,the,you,0.7981230616569519,0.29912320027748746,0.6582078635692596,/content/outputs/inference/answersheet/model_finetune_640_results/res_6c10acec816f9c2764e6a45956bfba3c_jpg_6.pkl
360,122,406,136,360,122,405,122,405,135,360,135,ootattttttteeeeesaa,youth,0.62709641456604,0.30168919265270233,0.5310395509004593,/content/outputs/inference/answersheet/model_finetune_640_results/res_6c10acec816f9c2764e6a45956bfba3c_jpg_7.pkl
163,35,206,46,163,35,205,35,205,45,163,45,ddeaannnyyo,come,0.5630971193313599,0.21541097286072644,0.37971699237823486,/content/outputs/inference/answersheet/model_finetune_640_results/res_6c10acec816f9c2764e6a45956bfba3c_jpg_8.pkl
305,58,374,68,305,58,372,58,372,66,305,66,ttabiahhd,brice,0.5892506241798401,0.15138088249497944,0.3429383511344592,/content/outputs/inference/answersheet/model_finetune_640_results/res_6c10acec816f9c2764e6a45956bfba3c_jpg_9.pkl
105,58,153,70,105,58,152,58,152,69,105,69,sssekekkkssaittttttttttehhee,state,0.5102041363716125,0.2367653905280999,0.5061762034893036,/content/outputs/inference/answersheet/model_finetune_640_results/res_6c10acec816f9c2764e6a45956bfba3c_jpg_10.pkl
71,235,152,248,71,235,151,235,151,247,71,247,eeeeeeseg,from,0.5685014724731445,0.13044420298602846,0.40811956077814104,/content/outputs/inference/answersheet/model_finetune_640_results/res_6c10acec816f9c2764e6a45956bfba3c_jpg_11.pkl
329,179,355,191,329,179,354,179,354,190,329,190,tttthhaeedeeee,they,0.774381160736084,0.23217628789799555,0.6919557094573975,/content/outputs/inference/answersheet/model_finetune_640_results/res_6c10acec816f9c2764e6a45956bfba3c_jpg_12.pkl
65,157,106,170,65,157,105,157,105,169,65,169,rieeea,from,0.6520628333091736,0.24710037435094515,0.5924189776182175,/content/outputs/inference/answersheet/model_finetune_640_results/res_6c10acec816f9c2764e6a45956bfba3c_jpg_13.pkl
278,225,303,234,278,225,302,225,302,233,278,233,tttttttaeteeeeyte,from,0.6094772815704346,0.18505852888612187,0.5780425027012825,/content/outputs/inference/answersheet/model_finetune_640_results/res_6c10acec816f9c2764e6a45956bfba3c_jpg_14.pkl
65,115,91,124,65,115,90,115,90,123,65,123,kkkkkkkkkkkkkkkeeecaccccocoooooaaaaaaaaeeeaat,come,0.6416707038879395,0.32775395760933557,0.4886802345514297,/content/outputs/inference/answersheet/model_finetune_640_results/res_6c10acec816f9c2764e6a45956bfba3c_jpg_15.pkl
5,112,58,126,5,112,57,112,57,125,5,125,ffararaaaae,from,0.5557330250740051,0.17732145434076135,0.5121418505907058,/content/outputs/inference/answersheet/model_finetune_640_results/res_6c10acec816f9c2764e6a45956bfba3c_jpg_16.pkl
328,199,407,212,332,199,406,199,406,211,332,211,aaldaeee,the,0.5602037906646729,0.2261927928775549,0.30133867636322975,/content/outputs/inference/answersheet/model_finetune_640_results/res_6c10acec816f9c2764e6a45956bfba3c_jpg_17.pkl
233,202,263,212,233,202,262,202,262,211,233,211,fttttatappn,from,0.5387532114982605,0.15232159265063025,0.5476244077086448,/content/outputs/inference/answersheet/model_finetune_640_results/res_6c10acec816f9c2764e6a45956bfba3c_jpg_18.pkl
66,27,95,36,66,27,94,27,94,35,66,35,tiiieee,the,0.5682162046432495,0.187386939568179,0.6506314873695374,/content/outputs/inference/answersheet/model_finetune_640_results/res_6c10acec816f9c2764e6a45956bfba3c_jpg_19.pkl
27,25,98,38,27,25,97,25,97,37,27,37,oeattnee,offee,0.6162286996841431,0.20634232368320227,0.5894727309544882,/content/outputs/inference/answersheet/model_finetune_640_results/res_6c10acec816f9c2764e6a45956bfba3c_jpg_20.pkl
65,37,93,47,65,37,92,37,92,46,65,46,tnssssssssaaataataaatttatatttt,neat,0.6314215064048767,0.38768403107921284,0.5000462591648102,/content/outputs/inference/answersheet/model_finetune_640_results/res_6c10acec816f9c2764e6a45956bfba3c_jpg_21.pkl
73,191,130,204,73,191,129,191,129,203,73,203,neete,the,0.5649428963661194,0.12074878662824631,0.39587652310729027,/content/outputs/inference/answersheet/model_finetune_640_results/res_6c10acec816f9c2764e6a45956bfba3c_jpg_22.pkl
264,66,306,79,264,66,305,66,305,78,264,78,tttteeeeee,the,0.502985954284668,0.26463647857308387,0.36996952816843987,/content/outputs/inference/answersheet/model_finetune_640_results/res_6c10acec816f9c2764e6a45956bfba3c_jpg_23.pkl
334,113,364,123,334,113,363,113,363,122,334,122,ttaieieh,the,0.7322027087211609,0.19712324533611536,0.5632962286472321,/content/outputs/inference/answersheet/model_finetune_640_results/res_6c10acec816f9c2764e6a45956bfba3c_jpg_24.pkl
166,26,197,36,166,26,196,26,196,35,166,35,adellleieaeaeaaee,from,0.695589542388916,0.1294537256745731,0.5719003140926361,/content/outputs/inference/answersheet/model_finetune_640_results/res_6c10acec816f9c2764e6a45956bfba3c_jpg_25.pkl
187,191,235,203,187,191,234,191,234,202,187,202,eccneaeeeeeee,from,0.6280640959739685,0.17358705286796278,0.5309858970344067,/content/outputs/inference/answersheet/model_finetune_640_results/res_6c10acec816f9c2764e6a45956bfba3c_jpg_26.pkl
