295,198,371,211,295,198,370,198,370,210,295,210,etttttsaiaalttee,the,0.6029384732246399,0.2366924718953669,0.3148442916572094,/content/outputs/inference/answersheet/model_finetune_640_results/res_9a559dbc887d32f3168c26276430c759_jpg_0.pkl
200,154,295,170,200,156,294,156,294,169,200,169,aalneewatoes,from,0.6630058884620667,0.1638608562449614,0.4914321407675743,/content/outputs/inference/answersheet/model_finetune_640_results/res_9a559dbc887d32f3168c26276430c759_jpg_1.pkl
232,234,281,248,232,234,280,234,280,247,232,247,dtta,and,0.6090306639671326,0.156144293025136,0.3721205089241266,/content/outputs/inference/answersheet/model_finetune_640_results/res_9a559dbc887d32f3168c26276430c759_jpg_2.pkl
138,288,235,304,138,288,234,288,234,303,138,303,tertttttttsttisaaaaaatt,bettestial,0.7122868895530701,0.32559549452170083,0.5624937225471843,/content/outputs/inference/answersheet/model_finetune_640_results/res_9a559dbc887d32f3168c26276430c759_jpg_3.pkl
134,148,190,158,134,148,188,148,188,156,134,156,llaadddeaaeeee,from,0.5370653867721558,0.2042889440698283,0.5688554212450981,/content/outputs/inference/answersheet/model_finetune_640_results/res_9a559dbc887d32f3168c26276430c759_jpg_4.pkl
37,195,60,207,37,195,59,195,59,206,37,206,hhsreaaa,from,0.629411518573761,0.15684642642736435,0.6060070842504501,/content/outputs/inference/answersheet/model_finetune_640_results/res_9a559dbc887d32f3168c26276430c759_jpg_5.pkl
196,147,220,157,196,147,219,147,219,156,196,156,bfeee,from,0.7199610471725464,0.144766004383564,0.6809330880641937,/content/outputs/inference/answersheet/model_finetune_640_results/res_9a559dbc887d32f3168c26276430c759_jpg_6.pkl
196,235,215,247,196,235,214,235,214,246,196,246,saaaaaaaaaaassssssss,sale,0.5351645946502686,0.12628258280456067,0.4555066764354706,/content/outputs/inference/answersheet/model_finetune_640_results/res_9a559dbc887d32f3168c26276430c759_jpg_7.pkl
64,159,104,172,66,159,103,159,103,171,66,171,snnydes,sender,0.58226478099823,0.25717710916485104,0.5874701355184827,/content/outputs/inference/answersheet/model_finetune_640_results/res_9a559dbc887d32f3168c26276430c759_jpg_8.pkl
106,161,194,173,108,161,192,161,192,171,108,171,pemmmeeenaeeyeeeee,composter,0.5048137903213501,0.11899184642566575,0.3888344243168831,/content/outputs/inference/answersheet/model_finetune_640_results/res_9a559dbc887d32f3168c26276430c759_jpg_9.pkl
206,255,237,267,206,255,236,255,236,266,206,266,faannn,from,0.749688982963562,0.1687467892964681,0.6321688324213028,/content/outputs/inference/answersheet/model_finetune_640_results/res_9a559dbc887d32f3168c26276430c759_jpg_10.pkl
147,3,176,13,147,3,175,3,175,12,147,12,thtaaaeeeeeeeeepee,the,0.5473439693450928,0.18681569769978523,0.5386659651994705,/content/outputs/inference/answersheet/model_finetune_640_results/res_9a559dbc887d32f3168c26276430c759_jpg_11.pkl
235,158,257,169,235,158,256,158,256,168,235,168,nptamoo,the,0.65630042552948,0.11335790529847145,0.5019108280539513,/content/outputs/inference/answersheet/model_finetune_640_results/res_9a559dbc887d32f3168c26276430c759_jpg_12.pkl
228,148,250,157,228,148,249,148,249,156,228,156,faaaaalnnssssee,sale,0.5344142913818359,0.1298388029138247,0.6227072447538375,/content/outputs/inference/answersheet/model_finetune_640_results/res_9a559dbc887d32f3168c26276430c759_jpg_13.pkl
139,291,165,303,139,291,164,291,164,302,139,302,tttetauauttttt,the,0.5587348937988281,0.25043393298983574,0.5002240017056465,/content/outputs/inference/answersheet/model_finetune_640_results/res_9a559dbc887d32f3168c26276430c759_jpg_14.pkl
209,198,378,214,211,198,372,198,372,212,211,212,iopeeetie,breading,0.5512740612030029,0.1636538894640075,0.3485342396630181,/content/outputs/inference/answersheet/model_finetune_640_results/res_9a559dbc887d32f3168c26276430c759_jpg_15.pkl
189,125,216,136,189,125,215,125,215,135,189,135,ggggggd,and,0.669182300567627,0.2393862817968641,0.6533196829259396,/content/outputs/inference/answersheet/model_finetune_640_results/res_9a559dbc887d32f3168c26276430c759_jpg_16.pkl
