103,226,157,239,103,226,154,226,154,238,103,238,aee,from,0.6302915215492249,0.17779807249704996,0.4587757259607315,/content/outputs/inference/answersheet/model_finetune_640_results/res_ac34cb3587fcd8748834dc08eded896b_jpg_0.pkl
294,226,353,240,294,226,352,226,352,239,294,239,hhhteggsaeeeee,from,0.6646417379379272,0.22368852581296647,0.40638475120067596,/content/outputs/inference/answersheet/model_finetune_640_results/res_ac34cb3587fcd8748834dc08eded896b_jpg_1.pkl
90,104,148,118,90,104,147,104,147,117,90,117,aleattatn,faledia,0.7133705019950867,0.14772655235396492,0.44925884157419205,/content/outputs/inference/answersheet/model_finetune_640_results/res_ac34cb3587fcd8748834dc08eded896b_jpg_2.pkl
96,39,153,51,96,39,152,39,152,50,96,50,aeaa,sale,0.814215898513794,0.1897839978337288,0.4333871066570282,/content/outputs/inference/answersheet/model_finetune_640_results/res_ac34cb3587fcd8748834dc08eded896b_jpg_3.pkl
354,60,402,73,354,60,400,60,400,71,354,71,aarahee,from,0.6527087688446045,0.2737728389246123,0.5768393546342849,/content/outputs/inference/answersheet/model_finetune_640_results/res_ac34cb3587fcd8748834dc08eded896b_jpg_4.pkl
242,39,287,51,244,39,285,39,285,49,244,49,aaaaeeeee,from,0.5194405913352966,0.2515106797218323,0.6262982979416847,/content/outputs/inference/answersheet/model_finetune_640_results/res_ac34cb3587fcd8748834dc08eded896b_jpg_5.pkl
168,227,206,238,168,227,205,227,205,237,168,237,aahhhhhh,the,0.642574667930603,0.23618067987263203,0.4115840718150139,/content/outputs/inference/answersheet/model_finetune_640_results/res_ac34cb3587fcd8748834dc08eded896b_jpg_6.pkl
175,40,220,53,175,40,219,40,219,52,175,52,4aee,date,0.8198007345199585,0.175966314971447,0.46387014985084535,/content/outputs/inference/answersheet/model_finetune_640_results/res_ac34cb3587fcd8748834dc08eded896b_jpg_7.pkl
351,106,394,118,351,106,393,106,393,117,351,117,tfa,from,0.6469420790672302,0.22328838954369226,0.6329489693045616,/content/outputs/inference/answersheet/model_finetune_640_results/res_ac34cb3587fcd8748834dc08eded896b_jpg_8.pkl
95,49,143,61,95,49,142,49,142,60,95,60,naaaaanyyyyyyeeeeea,from,0.5092459321022034,0.3041911227138419,0.5353503614664078,/content/outputs/inference/answersheet/model_finetune_640_results/res_ac34cb3587fcd8748834dc08eded896b_jpg_9.pkl
169,105,220,117,169,105,217,105,217,116,169,116,dsattth,date,0.6464352607727051,0.216058611869812,0.4587123870849609,/content/outputs/inference/answersheet/model_finetune_640_results/res_ac34cb3587fcd8748834dc08eded896b_jpg_10.pkl
354,228,380,239,354,228,379,228,379,238,354,238,ahthahhhh,from,0.566291093826294,0.1551250418027242,0.5290549516677856,/content/outputs/inference/answersheet/model_finetune_640_results/res_ac34cb3587fcd8748834dc08eded896b_jpg_11.pkl
170,85,206,96,170,85,205,85,205,95,170,95,aaaheeeeeeeeeeeeeeellkkkeeeeeeeeeee,and,0.5010278224945068,0.20746837173189436,0.5508900731801987,/content/outputs/inference/answersheet/model_finetune_640_results/res_ac34cb3587fcd8748834dc08eded896b_jpg_12.pkl
42,26,72,39,42,26,71,26,71,38,42,38,seeasyy,and,0.6763156652450562,0.2224206498691014,0.5249634571373463,/content/outputs/inference/answersheet/model_finetune_640_results/res_ac34cb3587fcd8748834dc08eded896b_jpg_13.pkl
278,72,353,84,282,72,352,72,352,83,282,83,eeeggeeeeeaeaaagee,subject,0.6045591831207275,0.18528413275877634,0.4046799801290035,/content/outputs/inference/answersheet/model_finetune_640_results/res_ac34cb3587fcd8748834dc08eded896b_jpg_14.pkl
108,82,153,92,108,82,152,82,152,91,108,91,asaaseeafttftnnthntnnnnnttneyeeee,come,0.5839798450469971,0.19442642412402414,0.3532491266727448,/content/outputs/inference/answersheet/model_finetune_640_results/res_ac34cb3587fcd8748834dc08eded896b_jpg_15.pkl
171,74,192,81,171,74,191,74,191,80,171,80,attttbthhhhhhthhthtththhthhtaaaaaaaaaaaaaddll,the,0.5810182690620422,0.15616452793280283,0.5123298093676567,/content/outputs/inference/answersheet/model_finetune_640_results/res_ac34cb3587fcd8748834dc08eded896b_jpg_16.pkl
