346,226,390,236,346,226,389,226,389,235,346,235,fkoeaeaannndtae,from,0.5838191509246826,0.1580859050154686,0.6599563717842102,/content/outputs/inference/answersheet/model_finetune_640_results/res_3d98a231c9a26271d85b05b829306a72_jpg_0.pkl
297,124,365,137,297,124,364,124,364,136,297,136,teseaaaaaate,parken,0.5448508262634277,0.25424259901046753,0.3449122618351664,/content/outputs/inference/answersheet/model_finetune_640_results/res_3d98a231c9a26271d85b05b829306a72_jpg_1.pkl
116,23,185,36,119,23,184,23,184,35,119,35,blleeeeeeeet,bread,0.5118582248687744,0.13678606289128462,0.43104646851619083,/content/outputs/inference/answersheet/model_finetune_640_results/res_3d98a231c9a26271d85b05b829306a72_jpg_2.pkl
28,224,59,237,28,224,58,224,58,236,28,236,siaaai,sale,0.8041157722473145,0.35234589626391727,0.8600703239440918,/content/outputs/inference/answersheet/model_finetune_640_results/res_3d98a231c9a26271d85b05b829306a72_jpg_3.pkl
61,226,118,238,61,226,117,226,117,237,61,237,dahetteee,coffee,0.7346993684768677,0.1869492597050137,0.4041254935520036,/content/outputs/inference/answersheet/model_finetune_640_results/res_3d98a231c9a26271d85b05b829306a72_jpg_4.pkl
175,125,192,134,175,125,191,125,191,133,175,133,t,that,0.5252180695533752,0.21034389734268188,0.5643308401107788,/content/outputs/inference/answersheet/model_finetune_640_results/res_3d98a231c9a26271d85b05b829306a72_jpg_5.pkl
128,228,157,237,128,228,156,228,156,236,128,236,tttnteeeeeeeeeeeeeeeeeeeeee,the,0.6634593605995178,0.45917296492391163,0.6771539822220802,/content/outputs/inference/answersheet/model_finetune_640_results/res_3d98a231c9a26271d85b05b829306a72_jpg_6.pkl
276,228,299,237,276,228,298,228,298,236,276,236,eeeeeeeeee,you,0.5877575278282166,0.22017675042152404,0.6587570030242205,/content/outputs/inference/answersheet/model_finetune_640_results/res_3d98a231c9a26271d85b05b829306a72_jpg_7.pkl
33,335,56,346,35,335,55,335,55,345,35,345,oaahea,of,0.6744117140769958,0.20134308064977327,0.6362894376118978,/content/outputs/inference/answersheet/model_finetune_640_results/res_3d98a231c9a26271d85b05b829306a72_jpg_8.pkl
28,125,54,136,28,125,53,125,53,135,28,135,te,the,0.5683715343475342,0.18873994797468185,0.744309812784195,/content/outputs/inference/answersheet/model_finetune_640_results/res_3d98a231c9a26271d85b05b829306a72_jpg_9.pkl
54,17,78,29,54,17,77,17,77,28,54,28,feeeeeeeeeeeee,re,0.5007283687591553,0.23675523166145598,0.35842957347631454,/content/outputs/inference/answersheet/model_finetune_640_results/res_3d98a231c9a26271d85b05b829306a72_jpg_10.pkl
204,204,222,214,204,204,221,204,221,213,204,213,t44eoooooo2od9oooooo9dddddddddddyy,and,0.6415966749191284,0.16223972970071962,0.6431233119219542,/content/outputs/inference/answersheet/model_finetune_640_results/res_3d98a231c9a26271d85b05b829306a72_jpg_11.pkl
212,227,238,237,212,227,237,227,237,236,212,236,teaaaaaaaeeeeeeeeeeeeeeeeeeeeeeeee,the,0.6427296996116638,0.24088349039940274,0.5468662362545729,/content/outputs/inference/answersheet/model_finetune_640_results/res_3d98a231c9a26271d85b05b829306a72_jpg_12.pkl
78,228,113,237,78,228,112,228,112,236,78,236,ataaaheheheeeee,from,0.5150285363197327,0.14538701872030893,0.5031599327921867,/content/outputs/inference/answersheet/model_finetune_640_results/res_3d98a231c9a26271d85b05b829306a72_jpg_13.pkl
160,82,212,93,160,82,211,82,211,92,160,92,hetdte,the,0.5164538025856018,0.14412761852145195,0.38183297775685787,/content/outputs/inference/answersheet/model_finetune_640_results/res_3d98a231c9a26271d85b05b829306a72_jpg_14.pkl
