248,115,295,129,248,115,294,115,294,128,248,128,ftiayedtte,from,0.8374292850494385,0.1451895773410797,0.6482167720794678,/content/outputs/inference/answersheet/model_finetune_640_results/res_ab8cf62b92507b3bebe478ef5499460b_jpg_0.pkl
80,43,129,55,80,43,126,43,126,54,80,54,pe,from,0.7910611033439636,0.16418242827057838,0.5013454139232636,/content/outputs/inference/answersheet/model_finetune_640_results/res_ab8cf62b92507b3bebe478ef5499460b_jpg_1.pkl
256,194,309,207,256,194,308,194,308,206,256,206,sssttaeddllee,sale,0.6275850534439087,0.2846905571910051,0.5072518497705459,/content/outputs/inference/answersheet/model_finetune_640_results/res_ab8cf62b92507b3bebe478ef5499460b_jpg_2.pkl
221,95,262,108,221,95,261,95,261,107,221,107,ssssale,sale,0.79442298412323,0.2930347387279783,0.4746729612350464,/content/outputs/inference/answersheet/model_finetune_640_results/res_ab8cf62b92507b3bebe478ef5499460b_jpg_3.pkl
268,38,316,50,268,38,311,38,311,49,268,49,laaadtdfd,from,0.5948114395141602,0.1524195894598961,0.5774200707674026,/content/outputs/inference/answersheet/model_finetune_640_results/res_ab8cf62b92507b3bebe478ef5499460b_jpg_4.pkl
226,51,275,63,226,51,274,51,274,62,226,62,aadllaaa,and,0.6122016310691833,0.27395244129002094,0.31734967418015003,/content/outputs/inference/answersheet/model_finetune_640_results/res_ab8cf62b92507b3bebe478ef5499460b_jpg_5.pkl
104,71,169,88,107,70,166,74,165,90,106,85,fraeafssae,from,0.7445082068443298,0.1407969232648611,0.4683572053909302,/content/outputs/inference/answersheet/model_finetune_640_results/res_ab8cf62b92507b3bebe478ef5499460b_jpg_6.pkl
223,140,262,152,223,140,261,140,261,151,223,151,ath,spease,0.821023166179657,0.12930476168791452,0.4768929013184139,/content/outputs/inference/answersheet/model_finetune_640_results/res_ab8cf62b92507b3bebe478ef5499460b_jpg_7.pkl
156,42,240,53,158,42,239,42,239,52,158,52,dllltaraeithett,from,0.5791355967521667,0.2068253720800082,0.42712765485048293,/content/outputs/inference/answersheet/model_finetune_640_results/res_ab8cf62b92507b3bebe478ef5499460b_jpg_8.pkl
230,170,319,186,230,170,318,170,318,185,230,185,eenyalde,repersity,0.671436071395874,0.27703112829476595,0.5503841750323772,/content/outputs/inference/answersheet/model_finetune_640_results/res_ab8cf62b92507b3bebe478ef5499460b_jpg_9.pkl
195,163,224,173,195,163,223,163,223,172,195,172,dddette,the,0.6294077634811401,0.18741601599114283,0.5816416405141354,/content/outputs/inference/answersheet/model_finetune_640_results/res_ab8cf62b92507b3bebe478ef5499460b_jpg_10.pkl
229,53,259,63,229,53,258,53,258,62,229,62,gaaalle,and,0.5071454048156738,0.199051100228514,0.3397809322923422,/content/outputs/inference/answersheet/model_finetune_640_results/res_ab8cf62b92507b3bebe478ef5499460b_jpg_11.pkl
215,195,249,206,215,195,248,195,248,205,215,205,essatte,sender,0.6642174124717712,0.3254737790141787,0.5250062091009957,/content/outputs/inference/answersheet/model_finetune_640_results/res_ab8cf62b92507b3bebe478ef5499460b_jpg_12.pkl
164,115,195,125,164,115,194,115,194,124,164,124,dddddddsoshleeeer,come,0.6502071022987366,0.11360853910446167,0.3357031583786011,/content/outputs/inference/answersheet/model_finetune_640_results/res_ab8cf62b92507b3bebe478ef5499460b_jpg_13.pkl
129,95,209,110,132,95,208,95,208,109,132,109,alladleeeeee,cablect,0.5631065964698792,0.22602267501254877,0.5239730626344681,/content/outputs/inference/answersheet/model_finetune_640_results/res_ab8cf62b92507b3bebe478ef5499460b_jpg_14.pkl
164,111,195,122,164,111,194,111,194,121,164,121,daaaaaaaadadaadaa,subject,0.7486966252326965,0.10164780169725418,0.47575983218848705,/content/outputs/inference/answersheet/model_finetune_640_results/res_ab8cf62b92507b3bebe478ef5499460b_jpg_15.pkl
201,107,249,119,204,107,248,107,248,118,204,118,aeaanapp,come,0.5622726678848267,0.17512193694710732,0.39262067079544066,/content/outputs/inference/answersheet/model_finetune_640_results/res_ab8cf62b92507b3bebe478ef5499460b_jpg_16.pkl
165,122,192,130,165,122,191,122,191,129,165,129,sddddddddddddddddereee,coffee,0.5589793920516968,0.1018003685907884,0.43232049899441855,/content/outputs/inference/answersheet/model_finetune_640_results/res_ab8cf62b92507b3bebe478ef5499460b_jpg_17.pkl
179,186,210,195,179,186,209,186,209,194,179,194,faaaapee,from,0.7713717222213745,0.21031103283166885,0.5434790015220642,/content/outputs/inference/answersheet/model_finetune_640_results/res_ab8cf62b92507b3bebe478ef5499460b_jpg_18.pkl
106,56,133,65,106,56,132,56,132,64,106,64,yyywyyyyyyyyyhaaaasaseseasywwww,the,0.6038511395454407,0.16322386529176466,0.4237515293061733,/content/outputs/inference/answersheet/model_finetune_640_results/res_ab8cf62b92507b3bebe478ef5499460b_jpg_19.pkl
180,175,212,184,182,175,211,175,211,183,182,183,gegssaossaaitteeeeeeeee,come,0.6385725736618042,0.2781284260361091,0.3929043859243393,/content/outputs/inference/answersheet/model_finetune_640_results/res_ab8cf62b92507b3bebe478ef5499460b_jpg_20.pkl
179,181,212,190,181,181,211,181,211,187,181,187,fooooooel,fooding,0.6887120008468628,0.17508851571215522,0.38978787790983915,/content/outputs/inference/answersheet/model_finetune_640_results/res_ab8cf62b92507b3bebe478ef5499460b_jpg_21.pkl
