346,56,399,73,346,56,398,56,398,72,346,72,fsfssnasryyy,from,0.6914002299308777,0.19375341882308325,0.5908851832151413,/content/outputs/inference/answersheet/model_finetune_640_results/res_0dcdf392cab085cd548e62a4857b589d_jpg_0.pkl
75,18,134,30,78,18,133,18,133,29,78,29,ttgfffffffemmmmttee,from,0.7326319217681885,0.15566713931529144,0.4158641517162323,/content/outputs/inference/answersheet/model_finetune_640_results/res_0dcdf392cab085cd548e62a4857b589d_jpg_1.pkl
156,20,208,31,156,20,207,20,207,30,156,30,sesyyyyyeenneee,sender,0.5147428512573242,0.2746328368782997,0.5449329678501401,/content/outputs/inference/answersheet/model_finetune_640_results/res_0dcdf392cab085cd548e62a4857b589d_jpg_2.pkl
273,51,332,61,273,51,330,51,330,59,273,59,fcdeeeeeeeeeeed,from,0.6580333709716797,0.1814045508702596,0.606655353307724,/content/outputs/inference/answersheet/model_finetune_640_results/res_0dcdf392cab085cd548e62a4857b589d_jpg_3.pkl
161,6,213,14,161,6,212,6,212,13,161,13,fahhhttteee,from,0.5327277779579163,0.2149222825061191,0.5547735899686813,/content/outputs/inference/answersheet/model_finetune_640_results/res_0dcdf392cab085cd548e62a4857b589d_jpg_4.pkl
125,274,147,282,125,274,146,274,146,281,125,281,tthtthhrrtreeeeee,the,0.5738814473152161,0.2125255171866978,0.5935572907328606,/content/outputs/inference/answersheet/model_finetune_640_results/res_0dcdf392cab085cd548e62a4857b589d_jpg_5.pkl
327,318,345,329,327,318,344,318,344,328,327,328,6644dyddyyyyyyyy,40,0.5105759501457214,0.20671940501779318,0.5170919746160507,/content/outputs/inference/answersheet/model_finetune_640_results/res_0dcdf392cab085cd548e62a4857b589d_jpg_6.pkl
187,197,211,205,187,197,210,197,210,204,187,204,aaaaaaaaaaaaaaaaaaayhhf,from,0.6303443908691406,0.12819119542837143,0.609041066467762,/content/outputs/inference/answersheet/model_finetune_640_results/res_0dcdf392cab085cd548e62a4857b589d_jpg_7.pkl
209,53,237,61,209,53,236,53,236,60,209,60,fdfreeeeee,for,0.630824863910675,0.2056488573551178,0.5954149439930916,/content/outputs/inference/answersheet/model_finetune_640_results/res_0dcdf392cab085cd548e62a4857b589d_jpg_8.pkl
75,50,105,63,75,50,104,50,104,62,75,62,af,from,0.6459165215492249,0.18787826225161552,0.6623780071735382,/content/outputs/inference/answersheet/model_finetune_640_results/res_0dcdf392cab085cd548e62a4857b589d_jpg_9.pkl
161,10,209,17,161,10,207,10,207,15,161,15,hhttheeeeee,the,0.7134244441986084,0.24880586903203616,0.48128500394523144,/content/outputs/inference/answersheet/model_finetune_640_results/res_0dcdf392cab085cd548e62a4857b589d_jpg_10.pkl
250,53,267,60,250,53,266,53,266,59,250,59,teedddddeeeeee,from,0.7167416214942932,0.15633527242711612,0.6206375479698181,/content/outputs/inference/answersheet/model_finetune_640_results/res_0dcdf392cab085cd548e62a4857b589d_jpg_11.pkl
245,250,272,259,245,250,271,250,271,258,245,258,aae,from,0.5083198547363281,0.14882065852483115,0.6155002832412719,/content/outputs/inference/answersheet/model_finetune_640_results/res_0dcdf392cab085cd548e62a4857b589d_jpg_12.pkl
300,162,353,173,300,162,351,162,351,171,300,171,fpasaile,from,0.5561857223510742,0.12653421983122826,0.5222433283925056,/content/outputs/inference/answersheet/model_finetune_640_results/res_0dcdf392cab085cd548e62a4857b589d_jpg_13.pkl
154,53,183,60,154,53,182,53,182,59,154,59,dhhhhttttetsssssssssssssse,the,0.585385262966156,0.20442451622623664,0.6247442774474621,/content/outputs/inference/answersheet/model_finetune_640_results/res_0dcdf392cab085cd548e62a4857b589d_jpg_14.pkl
320,83,387,96,320,83,386,83,386,95,320,95,sdasttcttaaaaaaaaet,scoffeet,0.5075719356536865,0.24720560759305954,0.595273925198449,/content/outputs/inference/answersheet/model_finetune_640_results/res_0dcdf392cab085cd548e62a4857b589d_jpg_15.pkl
69,5,113,17,71,5,112,5,112,16,71,16,stgggoeaaeeeeeeerree,street,0.5300561189651489,0.13480897173285483,0.42923509435994284,/content/outputs/inference/answersheet/model_finetune_640_results/res_0dcdf392cab085cd548e62a4857b589d_jpg_16.pkl
87,251,127,262,89,251,126,251,126,261,89,261,aee,from,0.5543533563613892,0.1081691433986028,0.5522193551063538,/content/outputs/inference/answersheet/model_finetune_640_results/res_0dcdf392cab085cd548e62a4857b589d_jpg_17.pkl
