317,66,375,78,317,66,374,66,374,77,317,77,tetttoyy,from,0.8434523940086365,0.15947850048542023,0.5071455389261246,/content/outputs/inference/answersheet/model_finetune_640_results/res_e34782f37536241d00db3fda6ab97507_jpg_0.pkl
287,15,327,26,287,15,326,15,326,25,287,25,tootttthttteeeeee,the,0.6821956634521484,0.22382592979599447,0.6228835619986057,/content/outputs/inference/answersheet/model_finetune_640_results/res_e34782f37536241d00db3fda6ab97507_jpg_1.pkl
233,27,274,38,233,27,273,27,273,37,233,37,yytaaae,from,0.8060780763626099,0.12515872610466822,0.5520555078983307,/content/outputs/inference/answersheet/model_finetune_640_results/res_e34782f37536241d00db3fda6ab97507_jpg_2.pkl
261,48,310,60,261,48,309,48,309,59,261,59,ae,cate,0.5794997215270996,0.3653441071510315,0.5825059443712235,/content/outputs/inference/answersheet/model_finetune_640_results/res_e34782f37536241d00db3fda6ab97507_jpg_3.pkl
200,9,254,22,200,9,253,9,253,21,200,21,oteeeeeeeeeeddeeddedyy,offee,0.6983724236488342,0.20502410964532333,0.5205337665975094,/content/outputs/inference/answersheet/model_finetune_640_results/res_e34782f37536241d00db3fda6ab97507_jpg_4.pkl
133,92,204,106,133,92,203,92,203,105,133,105,sttthaee,subject,0.6758064031600952,0.17483870219439268,0.513063944876194,/content/outputs/inference/answersheet/model_finetune_640_results/res_e34782f37536241d00db3fda6ab97507_jpg_5.pkl
324,91,389,105,326,91,388,91,388,104,326,104,ttttttteeeee,from,0.6701638102531433,0.2386904302984476,0.5435653522610664,/content/outputs/inference/answersheet/model_finetune_640_results/res_e34782f37536241d00db3fda6ab97507_jpg_6.pkl
82,26,125,36,82,26,124,26,124,35,82,35,astsdlblbdattaaaaaaa,sale,0.7617914080619812,0.16975971236824988,0.3970865845680237,/content/outputs/inference/answersheet/model_finetune_640_results/res_e34782f37536241d00db3fda6ab97507_jpg_7.pkl
75,49,120,61,75,49,119,49,119,60,75,60,daeeeaeeeeee,sale,0.5402123928070068,0.21556554238001505,0.299860018491745,/content/outputs/inference/answersheet/model_finetune_640_results/res_e34782f37536241d00db3fda6ab97507_jpg_8.pkl
85,93,125,105,85,93,124,93,124,104,85,104,tttaaaeee,the,0.7042829990386963,0.1898860236008962,0.47886863350868225,/content/outputs/inference/answersheet/model_finetune_640_results/res_e34782f37536241d00db3fda6ab97507_jpg_9.pkl
86,14,128,23,86,14,126,14,126,21,86,21,eeeeeeeeeeheeeeeeeeeettttteee,the,0.5135316848754883,0.17860268904217358,0.5772568304091692,/content/outputs/inference/answersheet/model_finetune_640_results/res_e34782f37536241d00db3fda6ab97507_jpg_10.pkl
