88,17,160,28,88,17,159,17,159,27,88,27,faaaeaeee,forders,0.7891538143157959,0.24440694517559475,0.44409601762890816,/content/outputs/inference/answersheet/model_finetune_640_results/res_a0cdce68043cd4bc38e83ede4877a3a9_jpg_0.pkl
60,288,101,304,62,288,98,288,98,303,62,303,fftefesssy,for,0.6934874653816223,0.27708474844694136,0.4682002514600754,/content/outputs/inference/answersheet/model_finetune_640_results/res_a0cdce68043cd4bc38e83ede4877a3a9_jpg_1.pkl
90,190,148,204,90,190,147,190,147,203,90,203,rrrreeeeeenned,changing,0.5945051312446594,0.23779560412679399,0.45848772260877824,/content/outputs/inference/answersheet/model_finetune_640_results/res_a0cdce68043cd4bc38e83ede4877a3a9_jpg_2.pkl
262,193,331,207,262,193,330,193,330,206,262,206,eeoggeeste,from,0.51119464635849,0.1407075397670269,0.540302874147892,/content/outputs/inference/answersheet/model_finetune_640_results/res_a0cdce68043cd4bc38e83ede4877a3a9_jpg_3.pkl
282,281,356,295,282,281,355,281,355,294,282,294,eggggssaeeeeeee,restates,0.8183603286743164,0.3632292911410332,0.5574688282277849,/content/outputs/inference/answersheet/model_finetune_640_results/res_a0cdce68043cd4bc38e83ede4877a3a9_jpg_4.pkl
83,73,106,83,83,73,105,73,105,82,83,82,ffhhhhhhheeeeee,the,0.5286102890968323,0.21933799535036086,0.7411087639629841,/content/outputs/inference/answersheet/model_finetune_640_results/res_a0cdce68043cd4bc38e83ede4877a3a9_jpg_5.pkl
312,114,330,122,312,114,329,114,329,121,312,121,ttttttdtdbbeeoyu,to,0.7818634510040283,0.15888805966824293,0.5072432458400726,/content/outputs/inference/answersheet/model_finetune_640_results/res_a0cdce68043cd4bc38e83ede4877a3a9_jpg_6.pkl
168,281,228,295,168,281,227,281,227,294,168,294,esfrfffrttes,from,0.5668833255767822,0.2371056688328584,0.5430204093456268,/content/outputs/inference/answersheet/model_finetune_640_results/res_a0cdce68043cd4bc38e83ede4877a3a9_jpg_7.pkl
58,203,81,218,60,203,80,203,80,217,60,217,aase,from,0.5560353994369507,0.08247233927249908,0.6125092729926109,/content/outputs/inference/answersheet/model_finetune_640_results/res_a0cdce68043cd4bc38e83ede4877a3a9_jpg_8.pkl
182,193,244,207,185,193,242,193,242,205,185,205,eeykker,coffee,0.515167772769928,0.22740624845027924,0.4379403953041349,/content/outputs/inference/answersheet/model_finetune_640_results/res_a0cdce68043cd4bc38e83ede4877a3a9_jpg_9.pkl
174,18,247,29,174,18,246,18,246,28,174,28,eeaaaleeeeeeehae,price,0.5664122700691223,0.2696236320771277,0.4357917110125224,/content/outputs/inference/answersheet/model_finetune_640_results/res_a0cdce68043cd4bc38e83ede4877a3a9_jpg_10.pkl
340,317,357,327,340,317,356,317,356,326,340,326,oddhhhhahthhh,of,0.5759128928184509,0.1117932813671919,0.5062932372093201,/content/outputs/inference/answersheet/model_finetune_640_results/res_a0cdce68043cd4bc38e83ede4877a3a9_jpg_11.pkl
181,20,207,28,181,20,206,20,206,27,181,27,pppppptaaaaaahaal,the,0.6372712254524231,0.1418198022772284,0.5678246021270752,/content/outputs/inference/answersheet/model_finetune_640_results/res_a0cdce68043cd4bc38e83ede4877a3a9_jpg_12.pkl
171,375,195,384,171,375,194,375,194,383,171,383,nntaaaaaaaaii,the,0.5784080624580383,0.20295813163885704,0.5806896090507507,/content/outputs/inference/answersheet/model_finetune_640_results/res_a0cdce68043cd4bc38e83ede4877a3a9_jpg_13.pkl
372,374,396,382,372,374,395,374,395,381,372,381,auhhee,and,0.558728039264679,0.23595247293512026,0.5887372940778732,/content/outputs/inference/answersheet/model_finetune_640_results/res_a0cdce68043cd4bc38e83ede4877a3a9_jpg_14.pkl
299,262,361,277,299,262,360,262,360,276,299,276,efffffffetae,coffee,0.5019096732139587,0.14935151115059853,0.5198514418942588,/content/outputs/inference/answersheet/model_finetune_640_results/res_a0cdce68043cd4bc38e83ede4877a3a9_jpg_15.pkl
193,351,248,365,195,353,245,353,245,364,195,364,kfffttaeennaa,from,0.6787535548210144,0.16230173523609454,0.6192410588264465,/content/outputs/inference/answersheet/model_finetune_640_results/res_a0cdce68043cd4bc38e83ede4877a3a9_jpg_16.pkl
219,373,242,382,219,373,241,373,241,381,219,381,ffffffttooee,the,0.5563713908195496,0.2119789787878593,0.5646434426307678,/content/outputs/inference/answersheet/model_finetune_640_results/res_a0cdce68043cd4bc38e83ede4877a3a9_jpg_17.pkl
236,394,252,402,236,394,251,394,251,401,236,401,oyiiiyyii,of,0.5427430868148804,0.20064068420065773,0.6642938256263733,/content/outputs/inference/answersheet/model_finetune_640_results/res_a0cdce68043cd4bc38e83ede4877a3a9_jpg_18.pkl
262,73,299,85,262,73,298,73,298,84,262,84,y4aaeeeee,the,0.5338119864463806,0.3368254130085309,0.5319070369005203,/content/outputs/inference/answersheet/model_finetune_640_results/res_a0cdce68043cd4bc38e83ede4877a3a9_jpg_19.pkl
139,348,192,361,139,348,188,348,188,360,139,360,yyyyfs,from,0.5870921611785889,0.14592081805070242,0.5543634951114654,/content/outputs/inference/answersheet/model_finetune_640_results/res_a0cdce68043cd4bc38e83ede4877a3a9_jpg_20.pkl
205,161,221,170,205,161,220,161,220,169,205,169,oooooooohoohhohhon,of,0.56361323595047,0.15399422206812435,0.4950255552927653,/content/outputs/inference/answersheet/model_finetune_640_results/res_a0cdce68043cd4bc38e83ede4877a3a9_jpg_21.pkl
97,259,116,268,97,259,115,259,115,267,97,267,tfrrtt,for,0.6734769940376282,0.18500016753872237,0.6730668619275093,/content/outputs/inference/answersheet/model_finetune_640_results/res_a0cdce68043cd4bc38e83ede4877a3a9_jpg_22.pkl
215,20,243,28,215,20,242,20,242,27,215,27,dhhhhhhhaeeeeeeeeee,the,0.5986921787261963,0.17740507894440702,0.616540253162384,/content/outputs/inference/answersheet/model_finetune_640_results/res_a0cdce68043cd4bc38e83ede4877a3a9_jpg_23.pkl
360,327,379,336,360,327,378,327,378,335,360,335,tses,the,0.5136936902999878,0.16165366396307945,0.6282645985484123,/content/outputs/inference/answersheet/model_finetune_640_results/res_a0cdce68043cd4bc38e83ede4877a3a9_jpg_24.pkl
