172,154,240,166,172,154,239,154,239,165,172,165,daaeee,coffee,0.7750853896141052,0.2988584041595459,0.5193672265325274,/content/outputs/inference/answersheet/model_finetune_640_results/res_b7d811c1e385909f3c33aec6ca59e2f4_jpg_0.pkl
50,13,75,22,50,13,74,13,74,21,50,21,eooooooomoooooaeaaaaaneee,from,0.6742729544639587,0.13135679215192794,0.6661263480782509,/content/outputs/inference/answersheet/model_finetune_640_results/res_b7d811c1e385909f3c33aec6ca59e2f4_jpg_1.pkl
307,172,380,186,307,172,379,172,379,185,307,185,apeeeeee,from,0.5998610258102417,0.20435562171041965,0.5364837668836117,/content/outputs/inference/answersheet/model_finetune_640_results/res_b7d811c1e385909f3c33aec6ca59e2f4_jpg_2.pkl
173,174,199,186,173,174,198,174,198,185,173,185,dfsddddddddd,did,0.7114077210426331,0.19036751675109068,0.35382580012083054,/content/outputs/inference/answersheet/model_finetune_640_results/res_b7d811c1e385909f3c33aec6ca59e2f4_jpg_3.pkl
79,142,132,155,81,142,131,142,131,154,81,154,ttfeeeeeeee,from,0.5526728630065918,0.14831043034791946,0.47769937515258787,/content/outputs/inference/answersheet/model_finetune_640_results/res_b7d811c1e385909f3c33aec6ca59e2f4_jpg_4.pkl
130,156,156,164,130,156,155,156,155,163,130,163,eeeee,from,0.6579788327217102,0.4098501458764076,0.5983342319726944,/content/outputs/inference/answersheet/model_finetune_640_results/res_b7d811c1e385909f3c33aec6ca59e2f4_jpg_5.pkl
148,109,171,119,148,109,170,109,170,118,148,118,tee,the,0.5753581523895264,0.1992435728510221,0.5670520905405283,/content/outputs/inference/answersheet/model_finetune_640_results/res_b7d811c1e385909f3c33aec6ca59e2f4_jpg_6.pkl
191,355,217,367,191,355,214,355,214,366,191,366,g6gooedy,off,0.5209299921989441,0.12733922246843576,0.5296952649950981,/content/outputs/inference/answersheet/model_finetune_640_results/res_b7d811c1e385909f3c33aec6ca59e2f4_jpg_7.pkl
115,11,194,20,115,11,193,11,193,19,115,19,cseeteeeeeeeeeeee,come,0.5235792994499207,0.15974323013249567,0.3522985279560089,/content/outputs/inference/answersheet/model_finetune_640_results/res_b7d811c1e385909f3c33aec6ca59e2f4_jpg_8.pkl
75,288,126,300,75,288,125,288,125,299,75,299,attee,sale,0.5280827283859253,0.2541740149259567,0.4479268193244934,/content/outputs/inference/answersheet/model_finetune_640_results/res_b7d811c1e385909f3c33aec6ca59e2f4_jpg_9.pkl
264,142,295,153,264,142,294,142,294,152,264,152,enffe,from,0.6952525973320007,0.20781901031732558,0.5762896806001663,/content/outputs/inference/answersheet/model_finetune_640_results/res_b7d811c1e385909f3c33aec6ca59e2f4_jpg_10.pkl
363,187,395,198,363,187,394,187,394,197,363,197,auuaaaaaaaee,east,0.5872469544410706,0.37020860364039737,0.44120125770568847,/content/outputs/inference/answersheet/model_finetune_640_results/res_b7d811c1e385909f3c33aec6ca59e2f4_jpg_11.pkl
307,133,327,143,307,133,326,133,326,142,307,142,ttddddddddddddeddddddddddddddeeeed,the,0.6295537352561951,0.1440791406613939,0.6356000006198883,/content/outputs/inference/answersheet/model_finetune_640_results/res_b7d811c1e385909f3c33aec6ca59e2f4_jpg_12.pkl
