303,264,346,276,303,264,345,264,345,275,303,275,taaaa,from,0.6869804263114929,0.174907323718071,0.5666047215461731,/content/outputs/inference/answersheet/model_finetune_640_results/res_6c4fc264bb5fb3e9d0b7f65e37f151ed_jpg_0.pkl
296,362,373,375,296,362,371,362,371,373,296,373,aeeeaaette,the,0.5333102345466614,0.14466872066259384,0.34494308568537235,/content/outputs/inference/answersheet/model_finetune_640_results/res_6c4fc264bb5fb3e9d0b7f65e37f151ed_jpg_1.pkl
93,253,138,264,93,253,137,255,136,264,93,262,dguaeee,bread,0.6328469514846802,0.15317047280924662,0.35183005531628925,/content/outputs/inference/answersheet/model_finetune_640_results/res_6c4fc264bb5fb3e9d0b7f65e37f151ed_jpg_2.pkl
328,49,369,62,328,49,368,49,368,61,328,61,leeee,from,0.5378066301345825,0.16533450782299042,0.6432845667004585,/content/outputs/inference/answersheet/model_finetune_640_results/res_6c4fc264bb5fb3e9d0b7f65e37f151ed_jpg_3.pkl
244,275,285,286,244,275,284,275,284,285,244,285,deaaeet,from,0.6021685600280762,0.24064542459590094,0.5689718186855316,/content/outputs/inference/answersheet/model_finetune_640_results/res_6c4fc264bb5fb3e9d0b7f65e37f151ed_jpg_4.pkl
132,364,208,375,134,364,207,364,207,374,134,374,te,brice,0.5166523456573486,0.08416975662112236,0.33542727927366894,/content/outputs/inference/answersheet/model_finetune_640_results/res_6c4fc264bb5fb3e9d0b7f65e37f151ed_jpg_5.pkl
49,10,76,19,51,10,75,10,75,18,51,18,tteeeeeeeeee,from,0.6526928544044495,0.15883726564546427,0.6577711164951324,/content/outputs/inference/answersheet/model_finetune_640_results/res_6c4fc264bb5fb3e9d0b7f65e37f151ed_jpg_6.pkl
271,162,308,174,271,162,307,162,307,173,271,173,kavyytyedyddyy,for,0.5501912832260132,0.2181297955768449,0.5648353286087513,/content/outputs/inference/answersheet/model_finetune_640_results/res_6c4fc264bb5fb3e9d0b7f65e37f151ed_jpg_7.pkl
49,5,78,16,49,5,77,5,77,15,49,15,ttttoooaaaaeeeee,the,0.5143795609474182,0.141722550150007,0.49998315796256065,/content/outputs/inference/answersheet/model_finetune_640_results/res_6c4fc264bb5fb3e9d0b7f65e37f151ed_jpg_8.pkl
164,3,188,15,164,3,187,3,187,14,164,14,eeeeeeeeoiaiennit,the,0.5389973521232605,0.1618750137003029,0.37557286210358143,/content/outputs/inference/answersheet/model_finetune_640_results/res_6c4fc264bb5fb3e9d0b7f65e37f151ed_jpg_9.pkl
96,365,122,374,96,365,121,365,121,373,96,373,ff,from,0.7733700275421143,0.11599525436758995,0.5671554297208786,/content/outputs/inference/answersheet/model_finetune_640_results/res_6c4fc264bb5fb3e9d0b7f65e37f151ed_jpg_10.pkl
166,141,193,151,166,141,192,141,192,150,166,150,eeaayaaae,from,0.6129534840583801,0.11007708807786305,0.6337484031915664,/content/outputs/inference/answersheet/model_finetune_640_results/res_6c4fc264bb5fb3e9d0b7f65e37f151ed_jpg_11.pkl
313,9,336,18,313,9,335,9,335,17,313,17,aaaeeeeeeeeeeeeee,come,0.5049468278884888,0.3081381916999817,0.4427179515361786,/content/outputs/inference/answersheet/model_finetune_640_results/res_6c4fc264bb5fb3e9d0b7f65e37f151ed_jpg_12.pkl
167,95,219,108,167,95,218,95,218,107,167,107,yettttteee,coffee,0.6198041439056396,0.2833909265697002,0.5461911516530173,/content/outputs/inference/answersheet/model_finetune_640_results/res_6c4fc264bb5fb3e9d0b7f65e37f151ed_jpg_13.pkl
239,5,312,16,239,5,309,5,309,15,239,15,feneeeeeeedotentee,from,0.5589204430580139,0.10101910018258625,0.6039064556360245,/content/outputs/inference/answersheet/model_finetune_640_results/res_6c4fc264bb5fb3e9d0b7f65e37f151ed_jpg_14.pkl
227,265,245,274,227,265,244,265,244,273,227,273,adddddft,and,0.7865609526634216,0.14309230260550976,0.391426520422101,/content/outputs/inference/answersheet/model_finetune_640_results/res_6c4fc264bb5fb3e9d0b7f65e37f151ed_jpg_15.pkl
190,120,237,132,190,120,236,120,236,131,190,131,adaaee,subject,0.5247946977615356,0.23790200551350912,0.5060775727033615,/content/outputs/inference/answersheet/model_finetune_640_results/res_6c4fc264bb5fb3e9d0b7f65e37f151ed_jpg_16.pkl
104,120,130,130,104,120,129,120,129,129,104,129,hee,the,0.5708762407302856,0.09078175822893779,0.40235425531864166,/content/outputs/inference/answersheet/model_finetune_640_results/res_6c4fc264bb5fb3e9d0b7f65e37f151ed_jpg_17.pkl
83,7,110,18,83,7,109,7,109,17,83,17,cooye,come,0.5079874992370605,0.14527916312217712,0.4276205450296402,/content/outputs/inference/answersheet/model_finetune_640_results/res_6c4fc264bb5fb3e9d0b7f65e37f151ed_jpg_18.pkl
27,74,55,87,27,74,54,74,54,86,27,86,oatttaaaee,sala,0.6077007055282593,0.20546455085277557,0.5498171120882034,/content/outputs/inference/answersheet/model_finetune_640_results/res_6c4fc264bb5fb3e9d0b7f65e37f151ed_jpg_19.pkl
184,1,234,14,184,1,233,1,233,13,184,13,ttteettaaeeeeeee,the,0.595681369304657,0.13405611645430326,0.5055074337869883,/content/outputs/inference/answersheet/model_finetune_640_results/res_6c4fc264bb5fb3e9d0b7f65e37f151ed_jpg_20.pkl
304,84,380,97,307,84,379,84,379,96,307,96,ieeeeeoeeeoppmmmmmammeaaaaaae,compers,0.5057316422462463,0.18241270503093457,0.4101390205323696,/content/outputs/inference/answersheet/model_finetune_640_results/res_6c4fc264bb5fb3e9d0b7f65e37f151ed_jpg_21.pkl
