140,156,160,165,140,156,159,156,159,164,140,164,ggtgss,the,0.5810759663581848,0.22819810609022775,0.505029920488596,/content/outputs/inference/answersheet/model_finetune_640_results/res_31ebae42b4e16da6a9a4e4473eb8a7be_jpg_0.pkl
105,299,159,310,108,299,157,299,157,308,108,308,ftatatttaaie,from,0.5953313112258911,0.17083961889147758,0.5388972163200378,/content/outputs/inference/answersheet/model_finetune_640_results/res_31ebae42b4e16da6a9a4e4473eb8a7be_jpg_1.pkl
44,95,105,110,44,95,104,95,104,109,44,109,aiaae,marking,0.662321150302887,0.22267464101314544,0.468710127286613,/content/outputs/inference/answersheet/model_finetune_640_results/res_31ebae42b4e16da6a9a4e4473eb8a7be_jpg_2.pkl
152,52,177,64,152,52,176,52,176,63,152,63,fh3ggg3g333o,the,0.5830482840538025,0.16629865082601705,0.5246080495417118,/content/outputs/inference/answersheet/model_finetune_640_results/res_31ebae42b4e16da6a9a4e4473eb8a7be_jpg_3.pkl
121,142,139,152,121,142,138,142,138,151,121,151,ttt6ooon,to,0.6922450661659241,0.16741425916552544,0.6162725885709127,/content/outputs/inference/answersheet/model_finetune_640_results/res_31ebae42b4e16da6a9a4e4473eb8a7be_jpg_4.pkl
114,287,162,298,114,287,160,287,160,296,114,296,llllllhhetelllleeett,the,0.541793704032898,0.09645407125353814,0.3978075683116913,/content/outputs/inference/answersheet/model_finetune_640_results/res_31ebae42b4e16da6a9a4e4473eb8a7be_jpg_5.pkl
194,138,238,155,196,138,238,142,236,154,195,150,tttgggggeeedde,for,0.6654295325279236,0.25528162717819214,0.5036541745066643,/content/outputs/inference/answersheet/model_finetune_640_results/res_31ebae42b4e16da6a9a4e4473eb8a7be_jpg_6.pkl
167,288,209,298,167,288,208,288,208,297,167,297,aaaaassssssoaaaaaaayyytyt,sale,0.5573346614837646,0.19114022374153136,0.5024545460939407,/content/outputs/inference/answersheet/model_finetune_640_results/res_31ebae42b4e16da6a9a4e4473eb8a7be_jpg_7.pkl
91,153,127,168,91,156,125,152,126,164,91,169,dso,courter,0.6442971229553223,0.16088047623634338,0.4623318538069725,/content/outputs/inference/answersheet/model_finetune_640_results/res_31ebae42b4e16da6a9a4e4473eb8a7be_jpg_8.pkl
104,251,157,264,105,252,153,250,154,260,106,263,aetdtteeey,date,0.5923438668251038,0.15374630466103553,0.46533606946468353,/content/outputs/inference/answersheet/model_finetune_640_results/res_31ebae42b4e16da6a9a4e4473eb8a7be_jpg_9.pkl
129,37,152,50,129,37,151,37,151,49,129,49,ndeddoy,for,0.5356643199920654,0.17223592421838216,0.5963493697345257,/content/outputs/inference/answersheet/model_finetune_640_results/res_31ebae42b4e16da6a9a4e4473eb8a7be_jpg_10.pkl
32,318,72,330,32,318,71,318,71,329,32,329,aanet,the,0.7516757845878601,0.23008208721876144,0.40458934381604195,/content/outputs/inference/answersheet/model_finetune_640_results/res_31ebae42b4e16da6a9a4e4473eb8a7be_jpg_11.pkl
193,77,221,92,193,77,220,77,220,91,193,91,ttttoggogeeppdyyydyydyyyyyy,apr,0.7801481485366821,0.21295473972956339,0.47955539263784885,/content/outputs/inference/answersheet/model_finetune_640_results/res_31ebae42b4e16da6a9a4e4473eb8a7be_jpg_12.pkl
161,123,185,135,161,123,182,123,182,134,161,134,ffftt3o9,for,0.5715171694755554,0.16416914761066437,0.604436606168747,/content/outputs/inference/answersheet/model_finetune_640_results/res_31ebae42b4e16da6a9a4e4473eb8a7be_jpg_13.pkl
52,0,111,10,52,0,110,0,110,9,52,9,aodddhihhipepenn,the,0.5021906495094299,0.11623788019642234,0.39958203956484795,/content/outputs/inference/answersheet/model_finetune_640_results/res_31ebae42b4e16da6a9a4e4473eb8a7be_jpg_14.pkl
182,63,205,73,184,63,204,63,204,72,184,72,gegeggeeegggggoeooooooyyyyyyyyyy,good,0.6984380483627319,0.2780469092540443,0.525894558429718,/content/outputs/inference/answersheet/model_finetune_640_results/res_31ebae42b4e16da6a9a4e4473eb8a7be_jpg_15.pkl
109,97,144,110,109,97,143,97,143,109,109,109,etttoherer,state,0.621994137763977,0.21636844351887702,0.49665671586990356,/content/outputs/inference/answersheet/model_finetune_640_results/res_31ebae42b4e16da6a9a4e4473eb8a7be_jpg_16.pkl
201,38,230,53,201,38,229,38,229,52,201,52,geeeees,get,0.6943981051445007,0.19580200740269252,0.611431784927845,/content/outputs/inference/answersheet/model_finetune_640_results/res_31ebae42b4e16da6a9a4e4473eb8a7be_jpg_17.pkl
102,53,128,67,102,53,127,53,127,66,102,66,aahaoottt,that,0.6401097178459167,0.25049342380629647,0.520861467719078,/content/outputs/inference/answersheet/model_finetune_640_results/res_31ebae42b4e16da6a9a4e4473eb8a7be_jpg_18.pkl
30,285,121,298,34,285,120,285,120,297,34,297,heeaeeettetw,from,0.5539132952690125,0.16341672030587992,0.5510083183646202,/content/outputs/inference/answersheet/model_finetune_640_results/res_31ebae42b4e16da6a9a4e4473eb8a7be_jpg_19.pkl
296,274,322,286,296,274,321,274,321,285,296,285,fffcccccggggggggedee,get,0.7348038554191589,0.3329337492585182,0.5025441832840443,/content/outputs/inference/answersheet/model_finetune_640_results/res_31ebae42b4e16da6a9a4e4473eb8a7be_jpg_20.pkl
35,285,76,297,35,285,75,285,75,296,35,296,nnhfeeeeleee,the,0.6451722979545593,0.20811683560411134,0.6148000657558441,/content/outputs/inference/answersheet/model_finetune_640_results/res_31ebae42b4e16da6a9a4e4473eb8a7be_jpg_21.pkl
228,58,255,69,228,58,254,58,254,68,228,68,eeeeebenv,for,0.7366101145744324,0.35894343588087296,0.402081579901278,/content/outputs/inference/answersheet/model_finetune_640_results/res_31ebae42b4e16da6a9a4e4473eb8a7be_jpg_22.pkl
75,299,106,308,75,299,105,299,105,307,75,307,ccccaa,come,0.526366651058197,0.20278318723042807,0.4637957841157913,/content/outputs/inference/answersheet/model_finetune_640_results/res_31ebae42b4e16da6a9a4e4473eb8a7be_jpg_23.pkl
173,157,199,166,173,157,198,157,198,165,173,165,aassst,rest,0.6143783926963806,0.1649761957426866,0.4995396837592125,/content/outputs/inference/answersheet/model_finetune_640_results/res_31ebae42b4e16da6a9a4e4473eb8a7be_jpg_24.pkl
170,234,190,244,170,234,189,234,189,243,170,243,444111eeeddddn,from,0.5810621380805969,0.21930740028619766,0.6170526295900345,/content/outputs/inference/answersheet/model_finetune_640_results/res_31ebae42b4e16da6a9a4e4473eb8a7be_jpg_25.pkl
92,329,173,343,92,329,172,329,172,342,92,342,eantanteeeeeyn,and,0.539317786693573,0.2573864907026291,0.43672096729278564,/content/outputs/inference/answersheet/model_finetune_640_results/res_31ebae42b4e16da6a9a4e4473eb8a7be_jpg_26.pkl
159,20,190,33,159,20,189,20,189,32,159,32,ctdeesp,the,0.5443803071975708,0.2845720797777176,0.4670272581279278,/content/outputs/inference/answersheet/model_finetune_640_results/res_31ebae42b4e16da6a9a4e4473eb8a7be_jpg_27.pkl
243,275,268,287,243,275,267,275,267,286,243,286,ggggggeeedey,get,0.5201413631439209,0.24362460213402906,0.48154597356915474,/content/outputs/inference/answersheet/model_finetune_640_results/res_31ebae42b4e16da6a9a4e4473eb8a7be_jpg_28.pkl
105,264,127,273,105,264,126,264,126,272,105,272,dgd,did,0.6458998918533325,0.24760953585306802,0.6001460030674934,/content/outputs/inference/answersheet/model_finetune_640_results/res_31ebae42b4e16da6a9a4e4473eb8a7be_jpg_29.pkl
156,265,178,274,156,265,177,265,177,273,156,273,tdd888dd88888888888o,to,0.7797134518623352,0.17777733244001864,0.290396511554718,/content/outputs/inference/answersheet/model_finetune_640_results/res_31ebae42b4e16da6a9a4e4473eb8a7be_jpg_30.pkl
90,287,115,296,90,287,114,287,114,295,90,295,aatttaatttttttttt,the,0.555325448513031,0.3049136518555529,0.6230151429772377,/content/outputs/inference/answersheet/model_finetune_640_results/res_31ebae42b4e16da6a9a4e4473eb8a7be_jpg_31.pkl
