294,140,341,154,294,140,340,140,340,153,294,153,fggeaattedd,reader,0.7400898933410645,0.18604219501668756,0.450777924486569,/content/outputs/inference/answersheet/model_finetune_640_results/res_c03c7445b267fc4b3e26aa3387fb6276_jpg_0.pkl
117,306,132,314,117,306,131,306,131,313,117,313,ftttttttaaaaa0a00000000,to,0.742340087890625,0.23671338188907373,0.6321490307648977,/content/outputs/inference/answersheet/model_finetune_640_results/res_c03c7445b267fc4b3e26aa3387fb6276_jpg_1.pkl
308,188,327,199,308,188,326,188,326,198,308,198,ttttttttt4444448444333ededdeeeeeeeeeeddddd90000,the,0.6982157230377197,0.2334880638629832,0.6390528380870819,/content/outputs/inference/answersheet/model_finetune_640_results/res_c03c7445b267fc4b3e26aa3387fb6276_jpg_2.pkl
128,325,144,335,128,325,143,325,143,334,128,334,tteeea00dddd0dd0ddd0dd,to,0.5694240927696228,0.2028513676063581,0.871349056561788,/content/outputs/inference/answersheet/model_finetune_640_results/res_c03c7445b267fc4b3e26aa3387fb6276_jpg_3.pkl
262,70,283,81,262,70,282,70,282,80,262,80,feeeeeeeeeeeeeeedddddddddddsssssssyyy,for,0.5167363286018372,0.24560661573667783,0.6074483171105385,/content/outputs/inference/answersheet/model_finetune_640_results/res_c03c7445b267fc4b3e26aa3387fb6276_jpg_4.pkl
196,7,256,25,196,5,256,12,254,26,195,18,aakiyeaate,talking,0.6691857576370239,0.17026225924491883,0.545452706515789,/content/outputs/inference/answersheet/model_finetune_640_results/res_c03c7445b267fc4b3e26aa3387fb6276_jpg_5.pkl
93,23,172,40,93,22,171,27,170,42,92,35,eramehpeess,bright,0.6966754794120789,0.23464417322115463,0.4525231910603387,/content/outputs/inference/answersheet/model_finetune_640_results/res_c03c7445b267fc4b3e26aa3387fb6276_jpg_6.pkl
335,87,360,103,337,89,357,89,357,102,337,102,43yys,43,0.5614344477653503,0.16311400085687638,0.31863820056120556,/content/outputs/inference/answersheet/model_finetune_640_results/res_c03c7445b267fc4b3e26aa3387fb6276_jpg_7.pkl
118,228,139,238,118,228,138,228,138,237,118,237,444lllbhhov,415,0.8324886560440063,0.22858193042603406,0.4963931031525135,/content/outputs/inference/answersheet/model_finetune_640_results/res_c03c7445b267fc4b3e26aa3387fb6276_jpg_8.pkl
246,120,266,131,246,120,265,120,265,130,246,130,fffffffffffffffo,for,0.687263548374176,0.6374487010762095,0.7028099894523621,/content/outputs/inference/answersheet/model_finetune_640_results/res_c03c7445b267fc4b3e26aa3387fb6276_jpg_9.pkl
144,386,160,396,144,386,159,386,159,395,144,395,481111119b3,19,0.6090618968009949,0.24897790090604263,0.7296488682428995,/content/outputs/inference/answersheet/model_finetune_640_results/res_c03c7445b267fc4b3e26aa3387fb6276_jpg_10.pkl
221,31,273,47,221,31,272,31,272,46,221,46,ttteyy,the,0.8376215100288391,0.33350612968206406,0.5214400961995125,/content/outputs/inference/answersheet/model_finetune_640_results/res_c03c7445b267fc4b3e26aa3387fb6276_jpg_11.pkl
58,0,87,12,58,0,86,0,86,11,58,11,o,of,0.7171217799186707,0.23770011961460114,0.3850202262401581,/content/outputs/inference/answersheet/model_finetune_640_results/res_c03c7445b267fc4b3e26aa3387fb6276_jpg_12.pkl
258,141,273,151,258,141,272,141,272,150,258,150,44444444444444444444444t44t444443y,4,0.5407736897468567,0.43353094357778044,0.43489891290664673,/content/outputs/inference/answersheet/model_finetune_640_results/res_c03c7445b267fc4b3e26aa3387fb6276_jpg_13.pkl
89,23,135,36,89,23,134,25,133,36,89,33,eeeoe,brang,0.5502111315727234,0.21007149964570998,0.33160335818926495,/content/outputs/inference/answersheet/model_finetune_640_results/res_c03c7445b267fc4b3e26aa3387fb6276_jpg_14.pkl
99,373,121,382,99,373,120,373,120,381,99,381,ffaaaaaaaaoooddo90909999t,for,0.5189704895019531,0.1308065152168274,0.6691708974540234,/content/outputs/inference/answersheet/model_finetune_640_results/res_c03c7445b267fc4b3e26aa3387fb6276_jpg_15.pkl
138,39,164,51,138,39,163,39,163,50,138,50,aiaa,and,0.6444136500358582,0.19618892669677734,0.5772973448038101,/content/outputs/inference/answersheet/model_finetune_640_results/res_c03c7445b267fc4b3e26aa3387fb6276_jpg_16.pkl
323,73,344,83,323,73,341,73,341,82,323,82,44aeeoddooddddaan,from,0.6547434329986572,0.15413920712821624,0.6599444657564163,/content/outputs/inference/answersheet/model_finetune_640_results/res_c03c7445b267fc4b3e26aa3387fb6276_jpg_17.pkl
76,336,98,345,76,336,97,336,97,344,76,344,teefeeeg33ss,for,0.5794780850410461,0.21717413514852524,0.6012795343995094,/content/outputs/inference/answersheet/model_finetune_640_results/res_c03c7445b267fc4b3e26aa3387fb6276_jpg_18.pkl
96,280,143,295,96,279,142,283,141,296,95,290,oaamtttttttttddsyy,off,0.8131903409957886,0.261934757232666,0.5420968672260642,/content/outputs/inference/answersheet/model_finetune_640_results/res_c03c7445b267fc4b3e26aa3387fb6276_jpg_19.pkl
185,30,213,41,185,30,212,30,212,40,185,40,feee,from,0.7248820662498474,0.41254035755991936,0.6325928390026092,/content/outputs/inference/answersheet/model_finetune_640_results/res_c03c7445b267fc4b3e26aa3387fb6276_jpg_20.pkl
104,4,132,15,104,4,131,4,131,14,104,14,tttttt,off,0.7277953028678894,0.28373153259356815,0.5905301608145237,/content/outputs/inference/answersheet/model_finetune_640_results/res_c03c7445b267fc4b3e26aa3387fb6276_jpg_21.pkl
225,11,254,26,225,11,253,11,253,23,225,23,eetttrt,from,0.5050615668296814,0.15972979473216192,0.6429533779621124,/content/outputs/inference/answersheet/model_finetune_640_results/res_c03c7445b267fc4b3e26aa3387fb6276_jpg_22.pkl
146,5,174,18,146,5,173,5,173,17,146,17,hhaa,cha,0.5070528388023376,0.16557701490819454,0.4277329705655575,/content/outputs/inference/answersheet/model_finetune_640_results/res_c03c7445b267fc4b3e26aa3387fb6276_jpg_23.pkl
88,35,168,51,90,36,164,38,163,50,89,49,etpeeeann,shop,0.70978844165802,0.166198853817251,0.33868228495121,/content/outputs/inference/answersheet/model_finetune_640_results/res_c03c7445b267fc4b3e26aa3387fb6276_jpg_24.pkl
138,28,168,40,138,28,167,28,167,39,138,39,eeeae,the,0.6684306859970093,0.2071149840950966,0.592855729162693,/content/outputs/inference/answersheet/model_finetune_640_results/res_c03c7445b267fc4b3e26aa3387fb6276_jpg_25.pkl
273,184,292,194,273,184,291,184,291,193,273,193,aeesess,the,0.5243755578994751,0.15988461992570333,0.6333602368831635,/content/outputs/inference/answersheet/model_finetune_640_results/res_c03c7445b267fc4b3e26aa3387fb6276_jpg_26.pkl
268,36,404,58,275,34,403,43,402,59,274,50,ettee,from,0.6056373119354248,0.25291708409786223,0.39201703667640686,/content/outputs/inference/answersheet/model_finetune_640_results/res_c03c7445b267fc4b3e26aa3387fb6276_jpg_27.pkl
281,35,353,57,281,34,352,41,350,57,280,50,tttteesee,the,0.7632790207862854,0.255507704284456,0.3252705819904804,/content/outputs/inference/answersheet/model_finetune_640_results/res_c03c7445b267fc4b3e26aa3387fb6276_jpg_28.pkl
