212,161,293,176,212,161,292,161,292,175,212,175,oyvvyvvasywwfweeeed,oven,0.7298059463500977,0.26838471662057073,0.4214863061904907,/content/outputs/inference/answersheet/model_finetune_640_results/res_87bbea575e698a82ea1ed1a38673877d_jpg_0.pkl
289,24,374,39,289,24,369,24,369,38,289,38,eaasessgahee,cressan,0.5417255759239197,0.22275509499013424,0.4166253488510847,/content/outputs/inference/answersheet/model_finetune_640_results/res_87bbea575e698a82ea1ed1a38673877d_jpg_1.pkl
64,13,99,25,64,13,98,13,98,24,64,24,ttaaaaanna,and,0.510191023349762,0.16552174985408782,0.5895913653075695,/content/outputs/inference/answersheet/model_finetune_640_results/res_87bbea575e698a82ea1ed1a38673877d_jpg_2.pkl
51,57,95,71,51,57,94,57,94,70,51,70,ssesfaaaaaaaide,from,0.510841429233551,0.13610001852114995,0.6262128263711929,/content/outputs/inference/answersheet/model_finetune_640_results/res_87bbea575e698a82ea1ed1a38673877d_jpg_3.pkl
254,146,274,156,254,146,273,146,273,155,254,155,gg4i0ioohnoooohhhh1t1tnnnny,off,0.8624412417411804,0.12491587687421728,0.6040790248662233,/content/outputs/inference/answersheet/model_finetune_640_results/res_87bbea575e698a82ea1ed1a38673877d_jpg_4.pkl
223,126,245,135,223,126,244,126,244,134,223,134,444aaa0ddd0oo0000000nnnnn,400,0.7431466579437256,0.21182041108608246,0.46071815490722656,/content/outputs/inference/answersheet/model_finetune_640_results/res_87bbea575e698a82ea1ed1a38673877d_jpg_5.pkl
261,92,373,105,263,92,369,92,369,104,263,104,ggeneatte,come,0.6895325779914856,0.20533428837855658,0.3407620251178741,/content/outputs/inference/answersheet/model_finetune_640_results/res_87bbea575e698a82ea1ed1a38673877d_jpg_6.pkl
220,81,241,92,220,81,240,81,240,91,220,91,gggggggggggggeeee717,get,0.6172321438789368,0.3304654974490404,0.47115566208958626,/content/outputs/inference/answersheet/model_finetune_640_results/res_87bbea575e698a82ea1ed1a38673877d_jpg_7.pkl
261,259,281,268,261,259,280,259,280,267,261,267,ddeneey,can,0.648898720741272,0.109072174344744,0.4163784980773926,/content/outputs/inference/answersheet/model_finetune_640_results/res_87bbea575e698a82ea1ed1a38673877d_jpg_8.pkl
211,213,234,226,211,213,233,213,233,225,211,225,gcgaapppppo,apr,0.7062879800796509,0.2457224577665329,0.6632298864424229,/content/outputs/inference/answersheet/model_finetune_640_results/res_87bbea575e698a82ea1ed1a38673877d_jpg_9.pkl
213,200,238,209,213,200,237,200,237,208,213,208,thteaaaatattttt,that,0.5651921033859253,0.20772498846054077,0.6509921997785568,/content/outputs/inference/answersheet/model_finetune_640_results/res_87bbea575e698a82ea1ed1a38673877d_jpg_10.pkl
244,280,271,293,244,280,270,280,270,292,244,292,ttfgoaattn,can,0.7107645273208618,0.20582882016897203,0.4633486047387123,/content/outputs/inference/answersheet/model_finetune_640_results/res_87bbea575e698a82ea1ed1a38673877d_jpg_11.pkl
