319,34,377,47,319,34,376,34,376,46,319,46,eeeayaaae,subject,0.7934136390686035,0.19988378220134312,0.5837013982236385,/content/outputs/inference/answersheet/model_finetune_640_results/res_b45a1248f1529a5cfa2a20c20645341b_jpg_0.pkl
79,20,119,31,79,20,118,20,118,30,79,30,aaaasteeeeee,you,0.7619103789329529,0.345158947010835,0.6224683821201324,/content/outputs/inference/answersheet/model_finetune_640_results/res_b45a1248f1529a5cfa2a20c20645341b_jpg_1.pkl
131,204,193,221,131,204,192,204,192,220,131,220,atleeeeeaaapd,article,0.7939821481704712,0.2417257892397734,0.441106952726841,/content/outputs/inference/answersheet/model_finetune_640_results/res_b45a1248f1529a5cfa2a20c20645341b_jpg_2.pkl
176,41,218,54,176,41,217,41,217,53,176,53,eyddddyy,the,0.649988055229187,0.2515133460983634,0.4585155639797449,/content/outputs/inference/answersheet/model_finetune_640_results/res_b45a1248f1529a5cfa2a20c20645341b_jpg_3.pkl
78,42,138,54,78,42,137,42,137,53,78,53,oeisadeeee,from,0.6237949728965759,0.1949114680290222,0.5102159447968007,/content/outputs/inference/answersheet/model_finetune_640_results/res_b45a1248f1529a5cfa2a20c20645341b_jpg_4.pkl
265,36,320,48,265,36,319,36,319,47,265,47,tvtaetee,breads,0.6367346048355103,0.12780728098005056,0.4009513429233006,/content/outputs/inference/answersheet/model_finetune_640_results/res_b45a1248f1529a5cfa2a20c20645341b_jpg_5.pkl
138,188,163,197,138,188,162,188,162,196,138,196,eaaaaaaeeeee,from,0.5184358954429626,0.13807292096316814,0.6215465188026428,/content/outputs/inference/answersheet/model_finetune_640_results/res_b45a1248f1529a5cfa2a20c20645341b_jpg_6.pkl
155,161,192,173,155,161,191,161,191,172,155,172,dtaaammmmaaooo,that,0.7220032215118408,0.14550401909010752,0.5379155993461608,/content/outputs/inference/answersheet/model_finetune_640_results/res_b45a1248f1529a5cfa2a20c20645341b_jpg_7.pkl
77,76,91,87,77,76,90,76,90,86,77,86,aaaaa,as,0.6551374793052673,0.17833516001701355,0.5434396068255106,/content/outputs/inference/answersheet/model_finetune_640_results/res_b45a1248f1529a5cfa2a20c20645341b_jpg_8.pkl
252,80,280,92,252,80,279,80,279,91,252,91,fccccecceeeeeeeeeeeeeeeeeeeeeett,from,0.5248745083808899,0.16864317003637552,0.6122406631708145,/content/outputs/inference/answersheet/model_finetune_640_results/res_b45a1248f1529a5cfa2a20c20645341b_jpg_9.pkl
219,38,273,51,221,38,268,38,268,49,221,49,aeee,the,0.5103013515472412,0.2815714366734028,0.47000426054000854,/content/outputs/inference/answersheet/model_finetune_640_results/res_b45a1248f1529a5cfa2a20c20645341b_jpg_10.pkl
96,129,119,138,96,129,118,129,118,137,96,137,dddddddddddddddddddddddddddddde,date,0.5209417939186096,0.12258646541064785,0.4406957194209099,/content/outputs/inference/answersheet/model_finetune_640_results/res_b45a1248f1529a5cfa2a20c20645341b_jpg_11.pkl
228,39,250,50,228,39,249,39,249,49,228,49,attteeee,date,0.6368931531906128,0.3369475491344929,0.6520694553852081,/content/outputs/inference/answersheet/model_finetune_640_results/res_b45a1248f1529a5cfa2a20c20645341b_jpg_12.pkl
318,66,343,74,318,66,342,66,342,73,318,73,saaaadddeaee,come,0.5382686257362366,0.16497735492885113,0.3433507323265076,/content/outputs/inference/answersheet/model_finetune_640_results/res_b45a1248f1529a5cfa2a20c20645341b_jpg_13.pkl
