47,163,77,173,47,163,76,163,76,172,47,172,aede,from,0.5833643674850464,0.12578466720879078,0.6017354518175125,/content/outputs/inference/answersheet/model_finetune_640_results/res_1029d027797c53c9e7edce1b39bfe8af_jpg_0.pkl
345,271,365,284,345,271,364,271,364,283,345,283,aaaaaaaaaaaaaasssssddddddddddlddlll,and,0.7203566431999207,0.23034884972231728,0.6311349496245384,/content/outputs/inference/answersheet/model_finetune_640_results/res_1029d027797c53c9e7edce1b39bfe8af_jpg_1.pkl
187,162,244,175,189,162,243,162,243,174,189,174,teeeeeee,from,0.532490611076355,0.42334679886698723,0.6052368193864822,/content/outputs/inference/answersheet/model_finetune_640_results/res_1029d027797c53c9e7edce1b39bfe8af_jpg_2.pkl
134,7,205,20,134,7,201,7,201,19,134,19,eeeeeaaadasd,chool,0.5027802586555481,0.09640206893285115,0.3473260924220085,/content/outputs/inference/answersheet/model_finetune_640_results/res_1029d027797c53c9e7edce1b39bfe8af_jpg_3.pkl
47,7,75,17,47,7,74,7,74,16,47,16,stee,sale,0.7379075288772583,0.30432584322988987,0.4529399961233139,/content/outputs/inference/answersheet/model_finetune_640_results/res_1029d027797c53c9e7edce1b39bfe8af_jpg_4.pkl
324,296,376,309,324,296,375,296,375,308,324,308,hafeid,date,0.5047351717948914,0.1168705349167188,0.41055469810962675,/content/outputs/inference/answersheet/model_finetune_640_results/res_1029d027797c53c9e7edce1b39bfe8af_jpg_5.pkl
141,41,162,50,141,41,161,41,161,49,141,49,tak,the,0.6054290533065796,0.11073425163825353,0.4794529229402542,/content/outputs/inference/answersheet/model_finetune_640_results/res_1029d027797c53c9e7edce1b39bfe8af_jpg_6.pkl
97,20,147,29,97,20,144,20,144,28,97,28,tdweeeeees,breads,0.607587456703186,0.12142619788646698,0.375496863254479,/content/outputs/inference/answersheet/model_finetune_640_results/res_1029d027797c53c9e7edce1b39bfe8af_jpg_7.pkl
86,9,110,17,86,9,109,9,109,16,86,16,odaaaeeeeeeeee,come,0.5455575585365295,0.0972903658236776,0.3245357692241669,/content/outputs/inference/answersheet/model_finetune_640_results/res_1029d027797c53c9e7edce1b39bfe8af_jpg_8.pkl
46,42,64,51,46,42,63,42,63,50,46,50,hmohmmmmaaaaaeee,come,0.7132784128189087,0.08227351540699601,0.3487427681684494,/content/outputs/inference/answersheet/model_finetune_640_results/res_1029d027797c53c9e7edce1b39bfe8af_jpg_9.pkl
281,274,331,287,281,274,329,274,329,285,281,285,adyyeedruue,restrice,0.5542675256729126,0.12627135826782745,0.40832393450869453,/content/outputs/inference/answersheet/model_finetune_640_results/res_1029d027797c53c9e7edce1b39bfe8af_jpg_10.pkl
255,276,280,286,255,276,279,276,279,285,255,285,dddddddda,sender,0.5276856422424316,0.09058296514881982,0.5198759543044227,/content/outputs/inference/answersheet/model_finetune_640_results/res_1029d027797c53c9e7edce1b39bfe8af_jpg_11.pkl
85,165,109,173,85,165,108,165,108,172,85,172,fooooooaaaaaaeeeeeee,from,0.5667454600334167,0.1041615765541792,0.6486639320850373,/content/outputs/inference/answersheet/model_finetune_640_results/res_1029d027797c53c9e7edce1b39bfe8af_jpg_12.pkl
56,19,87,30,56,19,86,19,86,29,56,29,geaaaaaaeer,come,0.5792716145515442,0.11550318111072887,0.3859167546033859,/content/outputs/inference/answersheet/model_finetune_640_results/res_1029d027797c53c9e7edce1b39bfe8af_jpg_13.pkl
262,52,287,60,262,52,286,52,286,59,262,59,aeee,from,0.6011044979095459,0.20892632938921452,0.6264691084623337,/content/outputs/inference/answersheet/model_finetune_640_results/res_1029d027797c53c9e7edce1b39bfe8af_jpg_14.pkl
227,6,256,16,227,6,255,6,255,15,227,15,ccccssette,colle,0.614151120185852,0.13180758133530618,0.4725261802474658,/content/outputs/inference/answersheet/model_finetune_640_results/res_1029d027797c53c9e7edce1b39bfe8af_jpg_15.pkl
