107,219,168,234,107,219,167,219,167,233,107,233,fegggvvvvooo,from,0.7445279359817505,0.2524264721820752,0.5305950164794921,/content/outputs/inference/answersheet/model_finetune_640_results/res_1b95d3ceb489a4b88418d0206bb8bed1_jpg_0.pkl
252,237,332,255,252,237,331,237,331,254,252,254,srroyyoitge,from,0.8535064458847046,0.31559916179288516,0.5263585686683655,/content/outputs/inference/answersheet/model_finetune_640_results/res_1b95d3ceb489a4b88418d0206bb8bed1_jpg_1.pkl
251,289,265,299,251,289,264,289,264,298,251,298,oyyyyyyy,of,0.7801273465156555,0.4128210321068764,0.7181373238563538,/content/outputs/inference/answersheet/model_finetune_640_results/res_1b95d3ceb489a4b88418d0206bb8bed1_jpg_2.pkl
264,333,277,342,264,333,276,333,276,341,264,341,44444444444444444444s4s4ss4ss3,4,0.6461634635925293,0.2800907919804255,0.32968415319919586,/content/outputs/inference/answersheet/model_finetune_640_results/res_1b95d3ceb489a4b88418d0206bb8bed1_jpg_3.pkl
245,11,308,22,245,11,304,11,304,21,245,21,ccceee,collection,0.5441586375236511,0.13888341560959816,0.48703370040113275,/content/outputs/inference/answersheet/model_finetune_640_results/res_1b95d3ceb489a4b88418d0206bb8bed1_jpg_4.pkl
279,270,291,278,279,270,290,270,290,277,279,277,ayy,a,0.7147807478904724,0.11653533081213634,0.2706182599067688,/content/outputs/inference/answersheet/model_finetune_640_results/res_1b95d3ceb489a4b88418d0206bb8bed1_jpg_5.pkl
291,290,308,298,291,290,307,290,307,297,291,297,t445eeeeee0noo0,for,0.9159553647041321,0.19081894705692928,0.6420768313109875,/content/outputs/inference/answersheet/model_finetune_640_results/res_1b95d3ceb489a4b88418d0206bb8bed1_jpg_6.pkl
70,348,135,362,70,348,134,348,134,361,70,361,nctteettttttreee,coffee,0.6466233134269714,0.27893161680549383,0.4738541490265301,/content/outputs/inference/answersheet/model_finetune_640_results/res_1b95d3ceb489a4b88418d0206bb8bed1_jpg_7.pkl
107,128,169,146,107,128,168,132,167,146,107,142,gyfeeee99,from,0.5065295696258545,0.30114379194047713,0.6204855486750602,/content/outputs/inference/answersheet/model_finetune_640_results/res_1b95d3ceb489a4b88418d0206bb8bed1_jpg_8.pkl
85,240,167,258,85,239,164,244,163,259,85,254,esnkkk99te,geter,0.7706750631332397,0.27408015727996826,0.3591545398036639,/content/outputs/inference/answersheet/model_finetune_640_results/res_1b95d3ceb489a4b88418d0206bb8bed1_jpg_9.pkl
317,354,337,364,317,354,336,354,336,363,317,363,4aaa111e1p,off,0.6711653470993042,0.19862078428268432,0.6496867351233959,/content/outputs/inference/answersheet/model_finetune_640_results/res_1b95d3ceb489a4b88418d0206bb8bed1_jpg_10.pkl
300,219,340,232,300,219,339,219,339,231,300,231,ctkeyyyyyeee,get,0.8525381684303284,0.2260867152363062,0.40555374324321747,/content/outputs/inference/answersheet/model_finetune_640_results/res_1b95d3ceb489a4b88418d0206bb8bed1_jpg_11.pkl
90,395,204,411,93,395,202,395,202,409,93,409,tggdefefffeeeyogne,from,0.6998525857925415,0.18875367939472198,0.46580282747745516,/content/outputs/inference/answersheet/model_finetune_640_results/res_1b95d3ceb489a4b88418d0206bb8bed1_jpg_12.pkl
60,16,113,27,63,16,110,16,110,26,63,26,sssatttlaaaaabaaeeeeeessssssesssooeddd,sale,0.5145533680915833,0.13918482355381312,0.36716221272945404,/content/outputs/inference/answersheet/model_finetune_640_results/res_1b95d3ceb489a4b88418d0206bb8bed1_jpg_13.pkl
276,306,316,320,276,306,315,306,315,319,276,319,4464449wywrrrkkkkkt0009,off,0.7894396781921387,0.2418758885368057,0.4971200153231621,/content/outputs/inference/answersheet/model_finetune_640_results/res_1b95d3ceb489a4b88418d0206bb8bed1_jpg_14.pkl
186,225,196,232,186,225,193,225,193,231,186,231,1ta0a9g99,19,0.6189924478530884,0.111952044069767,0.5823120127121607,/content/outputs/inference/answersheet/model_finetune_640_results/res_1b95d3ceb489a4b88418d0206bb8bed1_jpg_15.pkl
74,48,120,60,74,48,119,48,119,59,74,59,nnbfaessgmeeee,breader,0.5249028205871582,0.19831345709306852,0.42935187742114067,/content/outputs/inference/answersheet/model_finetune_640_results/res_1b95d3ceb489a4b88418d0206bb8bed1_jpg_16.pkl
302,104,316,113,302,104,315,104,315,112,302,112,44466664444o,to,0.6659150719642639,0.20962520067890486,0.6036035691698393,/content/outputs/inference/answersheet/model_finetune_640_results/res_1b95d3ceb489a4b88418d0206bb8bed1_jpg_17.pkl
198,11,243,22,198,11,242,11,242,21,198,21,epeee,spe,0.6744297742843628,0.15884673744440078,0.29111509397625923,/content/outputs/inference/answersheet/model_finetune_640_results/res_1b95d3ceb489a4b88418d0206bb8bed1_jpg_18.pkl
193,321,261,338,193,321,260,321,260,337,193,337,desfnyyybbffketd,for,0.742014467716217,0.209876689594239,0.40393878147006035,/content/outputs/inference/answersheet/model_finetune_640_results/res_1b95d3ceb489a4b88418d0206bb8bed1_jpg_19.pkl
294,37,315,47,294,37,314,37,314,46,294,46,ttaaaoeeeeeeee,from,0.576829195022583,0.2247991721544947,0.6503196939826011,/content/outputs/inference/answersheet/model_finetune_640_results/res_1b95d3ceb489a4b88418d0206bb8bed1_jpg_20.pkl
63,20,92,29,63,20,91,20,91,28,63,28,ssssssaaaaaaannaeaaaaaaaaaaaaaaaaaeaeeaaeeeeeee,sale,0.5483156442642212,0.12688591743403294,0.37149869203567504,/content/outputs/inference/answersheet/model_finetune_640_results/res_1b95d3ceb489a4b88418d0206bb8bed1_jpg_21.pkl
310,12,335,22,310,12,334,12,334,21,310,21,aeneee,sender,0.518034815788269,0.21707265575726828,0.5708141028881073,/content/outputs/inference/answersheet/model_finetune_640_results/res_1b95d3ceb489a4b88418d0206bb8bed1_jpg_22.pkl
298,371,316,380,298,371,315,371,315,379,298,379,ffffffg4sssssssseesesssssso,for,0.5226589441299438,0.20681292011781974,0.6601975746452808,/content/outputs/inference/answersheet/model_finetune_640_results/res_1b95d3ceb489a4b88418d0206bb8bed1_jpg_23.pkl
127,112,150,124,127,112,147,112,147,123,127,123,tllhlilleleeeeelpppo,the,0.6210359334945679,0.23558194972574711,0.5736307054758072,/content/outputs/inference/answersheet/model_finetune_640_results/res_1b95d3ceb489a4b88418d0206bb8bed1_jpg_24.pkl
336,377,350,385,336,377,349,377,349,384,336,384,llldl1tdttddddddddddddddddddddddddddddddddd,i,0.8314699530601501,0.2925878369877505,0.3302307426929474,/content/outputs/inference/answersheet/model_finetune_640_results/res_1b95d3ceb489a4b88418d0206bb8bed1_jpg_25.pkl
174,372,190,381,174,372,189,372,189,380,174,380,ffftftft4t44444444dddddtdddooooooeeeeeeeee,for,0.7323204874992371,0.1907308990401881,0.635485453531146,/content/outputs/inference/answersheet/model_finetune_640_results/res_1b95d3ceb489a4b88418d0206bb8bed1_jpg_26.pkl
278,123,293,132,278,123,292,123,292,131,278,131,4ggggo000000yyyyyyyyy,19,0.5011341571807861,0.3295977906811805,0.3816808561484019,/content/outputs/inference/answersheet/model_finetune_640_results/res_1b95d3ceb489a4b88418d0206bb8bed1_jpg_27.pkl
127,198,146,208,127,198,145,198,145,207,127,207,ffgegeggggggggf,for,0.6362559795379639,0.2997715711593628,0.7784037441015244,/content/outputs/inference/answersheet/model_finetune_640_results/res_1b95d3ceb489a4b88418d0206bb8bed1_jpg_28.pkl
287,195,336,209,287,197,335,197,335,208,287,208,fffffeeeaeeeeceyd,for,0.6112143993377686,0.2503354545025265,0.6455740630626678,/content/outputs/inference/answersheet/model_finetune_640_results/res_1b95d3ceb489a4b88418d0206bb8bed1_jpg_29.pkl
336,375,348,382,336,377,347,377,347,381,336,381,llldddddfddddddddddddddd,i,0.6412121653556824,0.23086947668343782,0.4438742846250534,/content/outputs/inference/answersheet/model_finetune_640_results/res_1b95d3ceb489a4b88418d0206bb8bed1_jpg_30.pkl
112,386,184,397,114,386,181,386,181,396,114,396,gggogoopyeeeeeoywgggg,good,0.5956842303276062,0.22891826182603836,0.32151986062526705,/content/outputs/inference/answersheet/model_finetune_640_results/res_1b95d3ceb489a4b88418d0206bb8bed1_jpg_31.pkl
151,180,165,187,151,180,164,180,164,186,151,186,fssggggsgffth,for,0.6429527997970581,0.13748758286237717,0.7197009809315205,/content/outputs/inference/answersheet/model_finetune_640_results/res_1b95d3ceb489a4b88418d0206bb8bed1_jpg_32.pkl
136,132,166,144,136,132,165,132,165,143,136,143,eeeee,the,0.5937081575393677,0.21645222902297973,0.5000820830464363,/content/outputs/inference/answersheet/model_finetune_640_results/res_1b95d3ceb489a4b88418d0206bb8bed1_jpg_33.pkl
352,389,372,398,352,389,371,389,371,397,352,397,tttkkktkkkkkkkkkkgkgeettteeddddddddddddddd,the,0.5363653302192688,0.2354496055770488,0.6097681894898415,/content/outputs/inference/answersheet/model_finetune_640_results/res_1b95d3ceb489a4b88418d0206bb8bed1_jpg_34.pkl
161,201,180,211,161,201,177,201,177,210,161,210,6e46s6s6s6s6sssssr77dd,6,0.655724048614502,0.2940808507529172,0.49371762573719025,/content/outputs/inference/answersheet/model_finetune_640_results/res_1b95d3ceb489a4b88418d0206bb8bed1_jpg_35.pkl
105,217,183,243,105,217,182,217,182,242,105,242,eegoe,from,0.5454511046409607,0.19442123919725418,0.5271368086338043,/content/outputs/inference/answersheet/model_finetune_640_results/res_1b95d3ceb489a4b88418d0206bb8bed1_jpg_36.pkl
