207,328,255,345,207,328,254,328,254,344,207,344,eeeeeyikkatto,all,0.7004433274269104,0.32459015915027034,0.41915641725063324,/content/outputs/inference/answersheet/model_finetune_640_results/res_5b37c41fd544988dc894447d3fa9ee8d_jpg_0.pkl
299,373,362,383,299,373,361,373,361,382,299,382,eeooeeeeeaeaaae,breading,0.6034381985664368,0.17835508038600287,0.4803839847445488,/content/outputs/inference/answersheet/model_finetune_640_results/res_5b37c41fd544988dc894447d3fa9ee8d_jpg_1.pkl
339,5,398,19,339,5,397,5,397,18,339,18,cccniaiard,caller,0.6117942333221436,0.2879714697599411,0.5120045329843249,/content/outputs/inference/answersheet/model_finetune_640_results/res_5b37c41fd544988dc894447d3fa9ee8d_jpg_2.pkl
246,308,264,318,246,308,263,308,263,317,246,317,otoottttttttttttnttodoon,off,0.8411083221435547,0.178011209393541,0.6313764825463295,/content/outputs/inference/answersheet/model_finetune_640_results/res_5b37c41fd544988dc894447d3fa9ee8d_jpg_3.pkl
96,66,132,78,96,66,131,66,131,77,96,77,fse,shop,0.5620073080062866,0.21941348910331726,0.41294448375701903,/content/outputs/inference/answersheet/model_finetune_640_results/res_5b37c41fd544988dc894447d3fa9ee8d_jpg_4.pkl
285,217,328,229,285,217,327,217,327,228,285,228,eieiaaadeedd,dond,0.7896237373352051,0.11990517874558766,0.32096094489097593,/content/outputs/inference/answersheet/model_finetune_640_results/res_5b37c41fd544988dc894447d3fa9ee8d_jpg_5.pkl
266,332,286,342,266,332,285,332,285,341,266,341,ee66e663333d30000,60,0.7650831937789917,0.2835759682690396,0.6545001566410065,/content/outputs/inference/answersheet/model_finetune_640_results/res_5b37c41fd544988dc894447d3fa9ee8d_jpg_6.pkl
213,285,235,295,213,285,234,285,234,294,213,294,4441d11111111111ggiigeegooyyvy,100,0.5701504945755005,0.2578844167292118,0.4579366222023964,/content/outputs/inference/answersheet/model_finetune_640_results/res_5b37c41fd544988dc894447d3fa9ee8d_jpg_7.pkl
255,198,275,209,255,198,274,198,274,208,255,208,k44gdddddddd,and,0.7569975852966309,0.29523892762760323,0.662594260647893,/content/outputs/inference/answersheet/model_finetune_640_results/res_5b37c41fd544988dc894447d3fa9ee8d_jpg_8.pkl
252,362,271,372,252,362,270,362,270,371,252,371,ggggggkkgggogpppo,go,0.7533112168312073,0.22303731476559358,0.46971988677978516,/content/outputs/inference/answersheet/model_finetune_640_results/res_5b37c41fd544988dc894447d3fa9ee8d_jpg_9.pkl
220,86,241,97,220,86,240,86,240,96,220,96,rrg33odn1,1993,0.6590220332145691,0.13321545968453088,0.5092527598142624,/content/outputs/inference/answersheet/model_finetune_640_results/res_5b37c41fd544988dc894447d3fa9ee8d_jpg_10.pkl
199,375,247,384,199,375,245,375,245,382,199,382,trfeooooannnnnnnneeeeeeeeeeee,from,0.6450040340423584,0.16386060519465084,0.6572960048913956,/content/outputs/inference/answersheet/model_finetune_640_results/res_5b37c41fd544988dc894447d3fa9ee8d_jpg_11.pkl
256,116,341,134,256,118,340,118,340,133,256,133,eaitoadee,eatioradion,0.6645916700363159,0.27091439565022785,0.5110426160196463,/content/outputs/inference/answersheet/model_finetune_640_results/res_5b37c41fd544988dc894447d3fa9ee8d_jpg_12.pkl
97,13,128,22,97,13,127,13,127,21,97,21,hhfffffffttecchaaeeeeeeeee,the,0.5979248285293579,0.1643749177455902,0.4734952114522457,/content/outputs/inference/answersheet/model_finetune_640_results/res_5b37c41fd544988dc894447d3fa9ee8d_jpg_13.pkl
159,385,181,394,159,385,180,385,180,393,159,393,toaeeea,from,0.5557017922401428,0.16563964741570608,0.6107088923454285,/content/outputs/inference/answersheet/model_finetune_640_results/res_5b37c41fd544988dc894447d3fa9ee8d_jpg_14.pkl
181,386,210,395,181,386,209,386,209,394,181,394,ggphhppgeeeeeeeeeeee,spe,0.5701065063476562,0.27009884379804133,0.48023663833737373,/content/outputs/inference/answersheet/model_finetune_640_results/res_5b37c41fd544988dc894447d3fa9ee8d_jpg_15.pkl
216,385,244,394,216,385,243,385,243,393,216,393,ttttthhhhhhheeeeeeeaaaaaaa,the,0.5013349056243896,0.23371136818940824,0.5674192383885384,/content/outputs/inference/answersheet/model_finetune_640_results/res_5b37c41fd544988dc894447d3fa9ee8d_jpg_16.pkl
97,32,147,45,97,32,146,32,146,44,97,44,arrfooedd444444uueeeee,from,0.5321754813194275,0.22154458578337322,0.6310605555772781,/content/outputs/inference/answersheet/model_finetune_640_results/res_5b37c41fd544988dc894447d3fa9ee8d_jpg_17.pkl
292,117,340,131,292,117,338,117,338,129,292,129,ae,date,0.5058791041374207,0.1534022055566311,0.4468415483832359,/content/outputs/inference/answersheet/model_finetune_640_results/res_5b37c41fd544988dc894447d3fa9ee8d_jpg_18.pkl
49,2,79,13,53,2,78,2,78,12,53,12,sadddaaee,sender,0.5768964290618896,0.15546628087759018,0.5854591684682029,/content/outputs/inference/answersheet/model_finetune_640_results/res_5b37c41fd544988dc894447d3fa9ee8d_jpg_19.pkl
266,140,293,151,266,140,292,140,292,150,266,150,seeeee444,school,0.5243745446205139,0.21939129051234987,0.3965656789285796,/content/outputs/inference/answersheet/model_finetune_640_results/res_5b37c41fd544988dc894447d3fa9ee8d_jpg_20.pkl
214,173,238,185,214,173,237,173,237,184,214,184,661419oo,for,0.6917733550071716,0.20361678954213858,0.5524399429559708,/content/outputs/inference/answersheet/model_finetune_640_results/res_5b37c41fd544988dc894447d3fa9ee8d_jpg_21.pkl
160,68,178,78,160,68,177,68,177,77,160,77,aeeeeeeeeeeeeeeeeeeeeee,the,0.5274267196655273,0.3160904172969901,0.6946693621575832,/content/outputs/inference/answersheet/model_finetune_640_results/res_5b37c41fd544988dc894447d3fa9ee8d_jpg_22.pkl
184,8,204,17,184,8,203,8,203,16,184,16,eeessesoyyyyyyyuyyyyyyneeet,the,0.5268245935440063,0.15683481124816118,0.334757961332798,/content/outputs/inference/answersheet/model_finetune_640_results/res_5b37c41fd544988dc894447d3fa9ee8d_jpg_23.pkl
325,154,344,163,325,154,343,154,343,162,325,162,taaaaatl,that,0.705522894859314,0.24981296621263027,0.5979911684989929,/content/outputs/inference/answersheet/model_finetune_640_results/res_5b37c41fd544988dc894447d3fa9ee8d_jpg_24.pkl
94,1,123,13,94,1,122,1,122,12,94,12,ttheeeeeeeee,the,0.6699014902114868,0.25799167652924854,0.7200145348906517,/content/outputs/inference/answersheet/model_finetune_640_results/res_5b37c41fd544988dc894447d3fa9ee8d_jpg_25.pkl
165,119,210,132,165,119,209,119,209,131,165,131,eaaaieallt,the,0.8835376501083374,0.2125004582107067,0.34427570551633835,/content/outputs/inference/answersheet/model_finetune_640_results/res_5b37c41fd544988dc894447d3fa9ee8d_jpg_26.pkl
