178,280,354,294,181,280,350,280,350,293,181,293,eaneseaeee,comperience,0.8376007080078125,0.2662895530462265,0.4626057942708333,/content/outputs/inference/answersheet/model_finetune_640_results/res_6530fbf975e71069d36f536f9002e35a_jpg_0.pkl
103,18,126,26,103,18,123,18,123,25,103,25,wwiiillaaaladd,will,0.507898211479187,0.21703353683863366,0.6434587657451629,/content/outputs/inference/answersheet/model_finetune_640_results/res_6530fbf975e71069d36f536f9002e35a_jpg_1.pkl
60,12,123,22,60,12,122,12,122,21,60,21,annyoooawi,sale,0.6378399133682251,0.21004734486341475,0.42341049313545226,/content/outputs/inference/answersheet/model_finetune_640_results/res_6530fbf975e71069d36f536f9002e35a_jpg_2.pkl
77,90,130,103,79,90,129,90,129,102,79,102,yfttea,from,0.552274227142334,0.1181825300057729,0.6103436209261417,/content/outputs/inference/answersheet/model_finetune_640_results/res_6530fbf975e71069d36f536f9002e35a_jpg_3.pkl
63,28,165,49,69,28,163,28,163,47,69,47,vveaaaawawaeeaaaaeee,were,0.5973708033561707,0.1721031680703163,0.3177250325679779,/content/outputs/inference/answersheet/model_finetune_640_results/res_6530fbf975e71069d36f536f9002e35a_jpg_4.pkl
66,35,164,46,69,35,163,35,163,45,69,45,wwhthasassssssseaaeaaaeeewwrrrrwrwaaaaaaaeee,more,0.7280226945877075,0.13024050640788945,0.3411410927772522,/content/outputs/inference/answersheet/model_finetune_640_results/res_6530fbf975e71069d36f536f9002e35a_jpg_5.pkl
110,284,161,292,110,284,160,284,160,291,110,291,tftoaineeeeeee,fale,0.860611081123352,0.26160762352602823,0.37705443799495697,/content/outputs/inference/answersheet/model_finetune_640_results/res_6530fbf975e71069d36f536f9002e35a_jpg_6.pkl
102,26,163,36,102,26,161,26,161,34,102,34,auaeeeeeeeaaaaaaaa,sale,0.6012970209121704,0.20964241276184717,0.44543050080537794,/content/outputs/inference/answersheet/model_finetune_640_results/res_6530fbf975e71069d36f536f9002e35a_jpg_7.pkl
103,14,123,23,103,14,122,14,122,22,103,22,twwiade,will,0.8173954486846924,0.16179934569767543,0.6511916071176529,/content/outputs/inference/answersheet/model_finetune_640_results/res_6530fbf975e71069d36f536f9002e35a_jpg_8.pkl
75,59,158,72,78,59,157,59,157,71,78,71,aaayedeaeaae,date,0.5591274499893188,0.18117328050235906,0.45690258145332335,/content/outputs/inference/answersheet/model_finetune_640_results/res_6530fbf975e71069d36f536f9002e35a_jpg_9.pkl
108,25,131,34,108,25,130,25,130,33,108,33,auydeatyefeee,date,0.5896323919296265,0.2543143274692389,0.5141073584556579,/content/outputs/inference/answersheet/model_finetune_640_results/res_6530fbf975e71069d36f536f9002e35a_jpg_10.pkl
95,16,164,53,95,22,162,20,163,51,95,53,eeeaaueaeaeeee,more,0.6157527565956116,0.18246546174798692,0.37714473754167555,/content/outputs/inference/answersheet/model_finetune_640_results/res_6530fbf975e71069d36f536f9002e35a_jpg_11.pkl
