301,41,379,56,301,41,378,41,378,55,301,55,fffsdaeeee,from,0.7204909324645996,0.21641782224178313,0.3677315145730972,/content/outputs/inference/answersheet/model_finetune_640_results/res_26e65401a92d32562cc558ad1857bf9c_jpg_0.pkl
224,243,241,250,224,243,240,243,240,249,224,249,444444dd4dddddddddddddd5s9s,45,0.9089136123657227,0.2231974850098292,0.4940093358357747,/content/outputs/inference/answersheet/model_finetune_640_results/res_26e65401a92d32562cc558ad1857bf9c_jpg_1.pkl
184,242,207,250,184,242,206,242,206,249,184,249,cc4ddeeeeseeyyyyyy,dist,0.7288188934326172,0.220330487522814,0.3799162328243256,/content/outputs/inference/answersheet/model_finetune_640_results/res_26e65401a92d32562cc558ad1857bf9c_jpg_2.pkl
276,42,301,53,278,42,300,42,300,52,278,52,tteeaaaaaaaaaaaaaaaaaaaaaaaaaaaaaaaabbeabbeeeee,from,0.5869966149330139,0.2384470304910173,0.6383176311850548,/content/outputs/inference/answersheet/model_finetune_640_results/res_26e65401a92d32562cc558ad1857bf9c_jpg_3.pkl
241,62,324,76,241,62,323,62,323,75,241,75,gaaaaasstteaeeeee,sale,0.5279929637908936,0.35494892605963874,0.5306562423706055,/content/outputs/inference/answersheet/model_finetune_640_results/res_26e65401a92d32562cc558ad1857bf9c_jpg_4.pkl
210,265,236,273,210,265,235,265,235,272,210,272,feos,for,0.6406829953193665,0.22453652136027813,0.6046572290360928,/content/outputs/inference/answersheet/model_finetune_640_results/res_26e65401a92d32562cc558ad1857bf9c_jpg_5.pkl
198,219,224,228,198,219,223,219,223,227,198,227,ssstteeeadey,are,0.8619052171707153,0.2108128915230433,0.5422731637954712,/content/outputs/inference/answersheet/model_finetune_640_results/res_26e65401a92d32562cc558ad1857bf9c_jpg_6.pkl
82,38,114,53,84,38,113,38,113,52,84,52,ffffaeaaw,for,0.6685745716094971,0.29740746650430894,0.5687632337212563,/content/outputs/inference/answersheet/model_finetune_640_results/res_26e65401a92d32562cc558ad1857bf9c_jpg_7.pkl
215,31,244,40,215,31,243,31,243,39,215,39,fffdssssssssddddss,come,0.5602749586105347,0.11686092842784193,0.40276827216148375,/content/outputs/inference/answersheet/model_finetune_640_results/res_26e65401a92d32562cc558ad1857bf9c_jpg_8.pkl
188,20,210,31,188,20,209,20,209,30,188,30,aaaaaaheeeeeees,the,0.5198127627372742,0.3089203084508578,0.6574129983782768,/content/outputs/inference/answersheet/model_finetune_640_results/res_26e65401a92d32562cc558ad1857bf9c_jpg_9.pkl
