75,11,117,23,75,11,116,11,116,22,75,22,ttgggoee,the,0.7827038168907166,0.2591736726462841,0.4322582297027111,/content/outputs/inference/answersheet/model_finetune_640_results/res_c6350aa6df78b6524fbb9631d41a4dc6_jpg_0.pkl
315,33,351,46,315,33,350,33,350,45,315,45,lisyeee,singer,0.848952054977417,0.4035131058522633,0.6017816875662122,/content/outputs/inference/answersheet/model_finetune_640_results/res_c6350aa6df78b6524fbb9631d41a4dc6_jpg_1.pkl
196,34,246,46,196,34,244,34,244,44,196,44,fffeeeefa,from,0.6902925968170166,0.22311977379851872,0.5255103066563607,/content/outputs/inference/answersheet/model_finetune_640_results/res_c6350aa6df78b6524fbb9631d41a4dc6_jpg_2.pkl
139,151,194,168,139,151,193,151,193,167,139,167,eeessey,coffee,0.76673424243927,0.14875266275235585,0.527068915111678,/content/outputs/inference/answersheet/model_finetune_640_results/res_c6350aa6df78b6524fbb9631d41a4dc6_jpg_3.pkl
189,254,257,267,189,254,256,254,256,266,189,266,tfgeeeayde,greads,0.6862047910690308,0.2264183320105076,0.4818884549396379,/content/outputs/inference/answersheet/model_finetune_640_results/res_c6350aa6df78b6524fbb9631d41a4dc6_jpg_4.pkl
243,33,309,47,245,33,308,33,308,46,245,46,mwkkkkgtddeee,garden,0.6067584156990051,0.23108499095990107,0.5160379750388009,/content/outputs/inference/answersheet/model_finetune_640_results/res_c6350aa6df78b6524fbb9631d41a4dc6_jpg_5.pkl
185,266,247,280,185,266,246,266,246,279,185,279,hhhosset,more,0.6932686567306519,0.14989386964589357,0.4102641224861145,/content/outputs/inference/answersheet/model_finetune_640_results/res_c6350aa6df78b6524fbb9631d41a4dc6_jpg_6.pkl
357,34,389,46,357,34,388,34,388,45,357,45,tttttthhht,the,0.9094839692115784,0.37446725368499756,0.6300596445798874,/content/outputs/inference/answersheet/model_finetune_640_results/res_c6350aa6df78b6524fbb9631d41a4dc6_jpg_7.pkl
141,111,220,124,141,111,219,111,219,123,141,123,kkgaaao,kight,0.6738764643669128,0.3222031071782112,0.34731777757406235,/content/outputs/inference/answersheet/model_finetune_640_results/res_c6350aa6df78b6524fbb9631d41a4dc6_jpg_8.pkl
164,34,197,45,164,34,196,34,196,44,164,44,lbe,from,0.8949651122093201,0.1755474085609118,0.6507532879710197,/content/outputs/inference/answersheet/model_finetune_640_results/res_c6350aa6df78b6524fbb9631d41a4dc6_jpg_9.pkl
184,210,229,223,184,210,228,210,228,222,184,222,hhhhlleeeettattdd,from,0.6405215263366699,0.1556227816378369,0.5045667976140976,/content/outputs/inference/answersheet/model_finetune_640_results/res_c6350aa6df78b6524fbb9631d41a4dc6_jpg_10.pkl
97,55,166,68,97,55,162,55,162,67,97,67,eeieyyfd,from,0.5165016651153564,0.15182513929903507,0.613478347659111,/content/outputs/inference/answersheet/model_finetune_640_results/res_c6350aa6df78b6524fbb9631d41a4dc6_jpg_11.pkl
113,178,170,189,113,178,169,178,169,188,113,188,ybaaa,shops,0.6657260060310364,0.11661029756069183,0.4095776428778966,/content/outputs/inference/answersheet/model_finetune_640_results/res_c6350aa6df78b6524fbb9631d41a4dc6_jpg_12.pkl
156,76,205,89,156,76,203,76,203,87,156,87,htaaaee,teath,0.7103548049926758,0.18534699508122035,0.5375282516082128,/content/outputs/inference/answersheet/model_finetune_640_results/res_c6350aa6df78b6524fbb9631d41a4dc6_jpg_13.pkl
84,112,101,121,84,112,100,112,100,120,84,120,taaaaaaaaatatteeeeeee,the,0.5278681516647339,0.2701032630034855,0.6315878331661224,/content/outputs/inference/answersheet/model_finetune_640_results/res_c6350aa6df78b6524fbb9631d41a4dc6_jpg_14.pkl
182,233,212,242,182,233,211,233,211,241,182,241,sdaallllllnlaaaaeeee,ching,0.7090131044387817,0.17758354507386684,0.41839013000329334,/content/outputs/inference/answersheet/model_finetune_640_results/res_c6350aa6df78b6524fbb9631d41a4dc6_jpg_15.pkl
39,11,64,22,41,11,63,11,63,21,41,21,eooddddddoyyyyyyey,for,0.6089049577713013,0.24136647085348764,0.6617753207683563,/content/outputs/inference/answersheet/model_finetune_640_results/res_c6350aa6df78b6524fbb9631d41a4dc6_jpg_16.pkl
137,56,162,66,137,56,161,56,161,65,137,65,eann,the,0.7525765299797058,0.11826758272945881,0.4606718122959137,/content/outputs/inference/answersheet/model_finetune_640_results/res_c6350aa6df78b6524fbb9631d41a4dc6_jpg_17.pkl
79,198,107,210,79,198,106,198,106,209,79,209,heee,come,0.5628227591514587,0.17409631051123142,0.3864644020795822,/content/outputs/inference/answersheet/model_finetune_640_results/res_c6350aa6df78b6524fbb9631d41a4dc6_jpg_18.pkl
130,323,163,334,130,323,162,323,162,333,130,333,e,the,0.5289384126663208,0.20429208874702454,0.6429816037416458,/content/outputs/inference/answersheet/model_finetune_640_results/res_c6350aa6df78b6524fbb9631d41a4dc6_jpg_19.pkl
308,356,336,366,308,356,335,356,335,365,308,365,ttttemeteee,from,0.5370529890060425,0.24748170443556525,0.5999101817607879,/content/outputs/inference/answersheet/model_finetune_640_results/res_c6350aa6df78b6524fbb9631d41a4dc6_jpg_20.pkl
176,145,204,155,176,145,203,145,203,154,176,154,aeeeeeey,date,0.5471920371055603,0.19687698781490326,0.4845265492796898,/content/outputs/inference/answersheet/model_finetune_640_results/res_c6350aa6df78b6524fbb9631d41a4dc6_jpg_21.pkl
175,57,240,70,175,57,239,57,239,69,175,69,eeathfa,for,0.5231146812438965,0.18268010765314102,0.4336101897060871,/content/outputs/inference/answersheet/model_finetune_640_results/res_c6350aa6df78b6524fbb9631d41a4dc6_jpg_22.pkl
97,35,126,46,97,35,125,35,125,45,97,45,feyy,sale,0.6111791729927063,0.24773383140563965,0.49597124457359315,/content/outputs/inference/answersheet/model_finetune_640_results/res_c6350aa6df78b6524fbb9631d41a4dc6_jpg_23.pkl
136,134,166,144,136,134,165,134,165,143,136,143,osssnnalaaaeaee,sale,0.5114097595214844,0.1613636647661527,0.4503859683871269,/content/outputs/inference/answersheet/model_finetune_640_results/res_c6350aa6df78b6524fbb9631d41a4dc6_jpg_24.pkl
138,125,166,135,138,125,165,125,165,134,138,134,ssittoappppeppped,shop,0.7643023133277893,0.192818263436065,0.5071699857711792,/content/outputs/inference/answersheet/model_finetune_640_results/res_c6350aa6df78b6524fbb9631d41a4dc6_jpg_25.pkl
222,224,247,235,222,224,246,224,246,234,222,234,aaaaidd,and,0.8330186605453491,0.37921127464090076,0.6850600466132164,/content/outputs/inference/answersheet/model_finetune_640_results/res_c6350aa6df78b6524fbb9631d41a4dc6_jpg_26.pkl
107,367,160,378,107,367,159,367,159,377,107,377,eaeiarelkk,come,0.5693722367286682,0.11272778064012527,0.29639239609241486,/content/outputs/inference/answersheet/model_finetune_640_results/res_c6350aa6df78b6524fbb9631d41a4dc6_jpg_27.pkl
199,212,226,222,199,212,225,212,225,221,199,221,ttttttttttddd,the,0.6963818073272705,0.2644362793518947,0.5345335602760315,/content/outputs/inference/answersheet/model_finetune_640_results/res_c6350aa6df78b6524fbb9631d41a4dc6_jpg_28.pkl
83,289,110,299,83,289,109,289,109,298,83,298,eeeeeee,the,0.6652041673660278,0.23835970780679158,0.5253131538629532,/content/outputs/inference/answersheet/model_finetune_640_results/res_c6350aa6df78b6524fbb9631d41a4dc6_jpg_29.pkl
279,34,307,43,279,34,306,34,306,42,279,42,bbhefffee,off,0.5882505178451538,0.3456992788447274,0.6788986176252365,/content/outputs/inference/answersheet/model_finetune_640_results/res_c6350aa6df78b6524fbb9631d41a4dc6_jpg_30.pkl
94,141,136,156,94,141,134,141,134,154,94,154,fffffffffffyyyfyffyffffffeekseerakkkk,from,0.5546574592590332,0.2604716696046494,0.5785524249076843,/content/outputs/inference/answersheet/model_finetune_640_results/res_c6350aa6df78b6524fbb9631d41a4dc6_jpg_31.pkl
130,33,163,44,130,33,162,33,162,43,130,43,aeeee,beader,0.7566566467285156,0.19122533947229386,0.5285356640815735,/content/outputs/inference/answersheet/model_finetune_640_results/res_c6350aa6df78b6524fbb9631d41a4dc6_jpg_32.pkl
177,58,197,67,177,58,196,58,196,66,177,66,tttteeeeeeeeeeeeeat,from,0.6862834095954895,0.1391112565209991,0.6540007829666138,/content/outputs/inference/answersheet/model_finetune_640_results/res_c6350aa6df78b6524fbb9631d41a4dc6_jpg_33.pkl
171,356,193,364,171,356,192,356,192,363,171,363,ttsstettttttttttttt,from,0.6018707752227783,0.30976708076502146,0.6258701145648956,/content/outputs/inference/answersheet/model_finetune_640_results/res_c6350aa6df78b6524fbb9631d41a4dc6_jpg_34.pkl
