0,9,51,20,2,9,49,9,49,18,2,18,ffoeeaalaaaiaaaoll,for,0.766302227973938,0.1833813546432389,0.43222695775330067,/content/outputs/inference/answersheet/model_finetune_640_results/res_80863b3f82c97e4ce3242c94bfc15785_jpg_0.pkl
301,10,381,21,301,10,380,10,380,20,301,20,tuutuppaaaweeeeeeeee,from,0.6775957942008972,0.1456673350185156,0.4673597663640976,/content/outputs/inference/answersheet/model_finetune_640_results/res_80863b3f82c97e4ce3242c94bfc15785_jpg_1.pkl
208,18,257,30,210,18,254,18,254,29,210,29,eaeeeed,from,0.6372081637382507,0.11860615334340505,0.5449871852993965,/content/outputs/inference/answersheet/model_finetune_640_results/res_80863b3f82c97e4ce3242c94bfc15785_jpg_2.pkl
39,10,51,18,39,10,50,10,50,17,39,17,aaaaaaaaaaaaaaaaaaaoooaooaaaaal,and,0.5664392709732056,0.17145708756100747,0.6121792551130056,/content/outputs/inference/answersheet/model_finetune_640_results/res_80863b3f82c97e4ce3242c94bfc15785_jpg_3.pkl
232,53,281,64,232,53,280,53,280,63,232,63,aaeaeeaea,sale,0.555937647819519,0.21478090352482265,0.5390878647565842,/content/outputs/inference/answersheet/model_finetune_640_results/res_80863b3f82c97e4ce3242c94bfc15785_jpg_4.pkl
139,19,207,30,139,19,206,19,206,29,139,29,dhnoatataahneeeeeee,coffee,0.5651515126228333,0.19315476127360998,0.4384515221629824,/content/outputs/inference/answersheet/model_finetune_640_results/res_80863b3f82c97e4ce3242c94bfc15785_jpg_5.pkl
61,54,97,65,61,54,96,54,96,64,61,64,allaaaddeddeddeee,sale,0.6962373852729797,0.15636600422508576,0.5495147973299026,/content/outputs/inference/answersheet/model_finetune_640_results/res_80863b3f82c97e4ce3242c94bfc15785_jpg_6.pkl
176,21,201,30,176,21,200,21,200,29,176,29,eeaaannnnne,from,0.538568913936615,0.13530851968310095,0.6302093058824539,/content/outputs/inference/answersheet/model_finetune_640_results/res_80863b3f82c97e4ce3242c94bfc15785_jpg_7.pkl
131,10,151,18,131,10,150,10,150,17,131,17,bhhhhhhhhhhha,the,0.6321967244148254,0.10119131665963393,0.5006189029663801,/content/outputs/inference/answersheet/model_finetune_640_results/res_80863b3f82c97e4ce3242c94bfc15785_jpg_8.pkl
64,8,124,17,64,8,123,8,123,16,64,16,cfddh,from,0.5249280333518982,0.15780084878206252,0.6107881128787994,/content/outputs/inference/answersheet/model_finetune_640_results/res_80863b3f82c97e4ce3242c94bfc15785_jpg_9.pkl
