274,28,341,41,274,28,340,28,340,40,274,40,tewedseeeeee,come,0.661882758140564,0.26201647830506164,0.2912210911512375,/content/outputs/inference/answersheet/model_finetune_640_results/res_63553c04f375bc262fedf1215353a527_jpg_0.pkl
267,51,338,62,269,51,337,51,337,61,269,61,eeeeeaaaattaanasssee,come,0.5152711868286133,0.1509349223226309,0.32079859972000124,/content/outputs/inference/answersheet/model_finetune_640_results/res_63553c04f375bc262fedf1215353a527_jpg_1.pkl
248,63,338,74,254,63,337,63,337,73,254,73,sspeaaaenttaaeeeeeee,breation,0.673570454120636,0.1939047710970044,0.49185266759660506,/content/outputs/inference/answersheet/model_finetune_640_results/res_63553c04f375bc262fedf1215353a527_jpg_2.pkl
214,273,269,286,214,273,268,273,268,285,214,285,aaaaaes,sale,0.5611025094985962,0.14623958723885672,0.424797984957695,/content/outputs/inference/answersheet/model_finetune_640_results/res_63553c04f375bc262fedf1215353a527_jpg_3.pkl
312,317,345,328,312,317,344,317,344,327,312,327,kkees,from,0.5250722169876099,0.18854873329401017,0.5753292173147202,/content/outputs/inference/answersheet/model_finetune_640_results/res_63553c04f375bc262fedf1215353a527_jpg_4.pkl
352,317,394,329,352,317,393,317,393,328,352,328,edeitttnae,the,0.6542675495147705,0.14928964972496034,0.37433843687176704,/content/outputs/inference/answersheet/model_finetune_640_results/res_63553c04f375bc262fedf1215353a527_jpg_5.pkl
64,51,90,61,64,51,89,51,89,60,64,60,tffffffsssss,for,0.5085462927818298,0.1948322243988514,0.5662578418850899,/content/outputs/inference/answersheet/model_finetune_640_results/res_63553c04f375bc262fedf1215353a527_jpg_6.pkl
137,184,200,197,137,184,198,184,198,195,137,195,taeeae,the,0.596770703792572,0.1958886682987213,0.44890934973955154,/content/outputs/inference/answersheet/model_finetune_640_results/res_63553c04f375bc262fedf1215353a527_jpg_7.pkl
187,162,248,173,187,162,247,162,247,172,187,172,sssseeee,sale,0.5159029364585876,0.17229783162474632,0.47749886512756345,/content/outputs/inference/answersheet/model_finetune_640_results/res_63553c04f375bc262fedf1215353a527_jpg_8.pkl
277,30,303,39,277,30,302,30,302,38,277,38,aaaaaaawaaaaae,and,0.6327280402183533,0.1362541408411094,0.4587669614702463,/content/outputs/inference/answersheet/model_finetune_640_results/res_63553c04f375bc262fedf1215353a527_jpg_9.pkl
301,29,336,40,301,29,335,29,335,39,301,39,eabbbbbatteee,the,0.5611454844474792,0.15884602929537112,0.5807496327906847,/content/outputs/inference/answersheet/model_finetune_640_results/res_63553c04f375bc262fedf1215353a527_jpg_10.pkl
124,8,153,16,124,8,152,8,152,15,124,15,lhhheee,the,0.5197374224662781,0.17734802620751516,0.43817275017499924,/content/outputs/inference/answersheet/model_finetune_640_results/res_63553c04f375bc262fedf1215353a527_jpg_11.pkl
