166,316,234,328,166,316,233,316,233,327,166,327,flggstallce,sale,0.6824130415916443,0.21626005389473654,0.35919221937656404,/content/outputs/inference/answersheet/model_finetune_640_results/res_19c69c2aa15fd8f7abe61a05494bf99e_jpg_0.pkl
68,16,128,26,70,16,127,16,127,25,70,25,swdaaaaaassess,some,0.6632711887359619,0.25124975772840635,0.5655883207917214,/content/outputs/inference/answersheet/model_finetune_640_results/res_19c69c2aa15fd8f7abe61a05494bf99e_jpg_1.pkl
236,218,258,228,236,218,257,218,257,227,236,227,44664eeea2a2aann,42,0.7604816555976868,0.27575047919526696,0.4993520677089691,/content/outputs/inference/answersheet/model_finetune_640_results/res_19c69c2aa15fd8f7abe61a05494bf99e_jpg_2.pkl
212,368,230,377,212,368,229,368,229,376,212,376,to,to,0.7268558740615845,0.15362892299890518,0.48694295684496564,/content/outputs/inference/answersheet/model_finetune_640_results/res_19c69c2aa15fd8f7abe61a05494bf99e_jpg_3.pkl
124,316,165,331,124,316,164,316,164,330,124,330,ee,for,0.6769542098045349,0.23953178524971008,0.46061733178794384,/content/outputs/inference/answersheet/model_finetune_640_results/res_19c69c2aa15fd8f7abe61a05494bf99e_jpg_4.pkl
249,366,272,380,249,366,271,366,271,379,249,379,tt3,13,0.7350975275039673,0.25373148918151855,0.5187340974807739,/content/outputs/inference/answersheet/model_finetune_640_results/res_19c69c2aa15fd8f7abe61a05494bf99e_jpg_5.pkl
166,315,257,337,166,314,256,317,255,337,166,334,flgsssctto,sporigate,0.594979465007782,0.2690669670701027,0.43851904571056366,/content/outputs/inference/answersheet/model_finetune_640_results/res_19c69c2aa15fd8f7abe61a05494bf99e_jpg_6.pkl
219,349,239,359,219,349,238,349,238,358,219,358,tttttt4t4gg4ddd4pepeeppepepe,the,0.9359370470046997,0.1871836714978729,0.7166610956192017,/content/outputs/inference/answersheet/model_finetune_640_results/res_19c69c2aa15fd8f7abe61a05494bf99e_jpg_7.pkl
201,283,222,294,201,283,221,283,221,293,201,293,gga33990y09,of,0.6210827231407166,0.16321138190952214,0.5434739689032236,/content/outputs/inference/answersheet/model_finetune_640_results/res_19c69c2aa15fd8f7abe61a05494bf99e_jpg_8.pkl
168,345,189,355,168,345,188,345,188,354,168,354,aaaaaaaaaaaaaaddodo9,to,0.6736149787902832,0.14861197248101235,0.5370418528715769,/content/outputs/inference/answersheet/model_finetune_640_results/res_19c69c2aa15fd8f7abe61a05494bf99e_jpg_9.pkl
190,329,214,338,190,329,213,329,213,337,190,337,4e44afppfppoaaaeaasyy,from,0.8396154642105103,0.1954800280786696,0.6224385514855385,/content/outputs/inference/answersheet/model_finetune_640_results/res_19c69c2aa15fd8f7abe61a05494bf99e_jpg_10.pkl
266,242,286,251,266,242,285,242,285,250,266,250,tpeeeeeeedd,of,0.8020690083503723,0.25139229135079816,0.5168800527850786,/content/outputs/inference/answersheet/model_finetune_640_results/res_19c69c2aa15fd8f7abe61a05494bf99e_jpg_11.pkl
171,368,192,378,171,368,191,368,191,377,171,377,t4e4ddddhhh,and,0.5305014848709106,0.19227078421549362,0.5599594563245773,/content/outputs/inference/answersheet/model_finetune_640_results/res_19c69c2aa15fd8f7abe61a05494bf99e_jpg_12.pkl
178,227,198,237,178,227,197,227,197,236,178,236,tpso10a,the,0.705024242401123,0.09206078201532364,0.688347689807415,/content/outputs/inference/answersheet/model_finetune_640_results/res_19c69c2aa15fd8f7abe61a05494bf99e_jpg_13.pkl
201,245,218,255,201,245,217,245,217,254,201,254,tttfrrrr999yyyy,from,0.5194469094276428,0.17584420045216878,0.652931946516037,/content/outputs/inference/answersheet/model_finetune_640_results/res_19c69c2aa15fd8f7abe61a05494bf99e_jpg_14.pkl
20,170,73,184,20,170,72,170,72,183,20,183,aaeeiiidddddd,for,0.7989190220832825,0.3043249398469925,0.47981543838977814,/content/outputs/inference/answersheet/model_finetune_640_results/res_19c69c2aa15fd8f7abe61a05494bf99e_jpg_15.pkl
201,195,227,208,201,195,226,195,226,207,201,207,feeeno,for,0.6165018081665039,0.21385550374786058,0.5711389407515526,/content/outputs/inference/answersheet/model_finetune_640_results/res_19c69c2aa15fd8f7abe61a05494bf99e_jpg_16.pkl
226,241,246,248,226,241,245,241,245,247,226,247,f4fffffffffppo,for,0.7200552821159363,0.2182867383318288,0.6699354648590088,/content/outputs/inference/answersheet/model_finetune_640_results/res_19c69c2aa15fd8f7abe61a05494bf99e_jpg_17.pkl
190,61,213,72,190,61,212,61,212,71,190,71,eeeeooe,for,0.6002258062362671,0.16929643281868526,0.6015638634562492,/content/outputs/inference/answersheet/model_finetune_640_results/res_19c69c2aa15fd8f7abe61a05494bf99e_jpg_18.pkl
