167,16,241,28,167,16,240,16,240,27,167,27,romkepaae,from,0.8460986018180847,0.2712764971786075,0.6313427299261093,/content/outputs/inference/answersheet/model_finetune_640_results/res_18c0f237172e44b94532a76b1f869f5c_jpg_0.pkl
341,24,400,37,341,24,399,24,399,36,341,36,tltee,the,0.8009812831878662,0.11001998484134674,0.34878973476588726,/content/outputs/inference/answersheet/model_finetune_640_results/res_18c0f237172e44b94532a76b1f869f5c_jpg_1.pkl
281,25,327,39,281,25,326,25,326,38,281,38,grteesyee,off,0.7731676697731018,0.2874620325035519,0.6394933387637138,/content/outputs/inference/answersheet/model_finetune_640_results/res_18c0f237172e44b94532a76b1f869f5c_jpg_2.pkl
228,62,273,78,228,62,270,62,270,77,228,77,ttay,compan,0.728206992149353,0.14666879549622536,0.37033253269536154,/content/outputs/inference/answersheet/model_finetune_640_results/res_18c0f237172e44b94532a76b1f869f5c_jpg_3.pkl
218,250,289,264,220,250,288,250,288,263,220,263,leerttee,from,0.5179120898246765,0.17731096129864454,0.4685825079679489,/content/outputs/inference/answersheet/model_finetune_640_results/res_18c0f237172e44b94532a76b1f869f5c_jpg_4.pkl
211,106,311,127,211,108,310,108,310,126,211,126,esaaaapaateassa,restaination,0.5204719305038452,0.19476276487112046,0.5383203872121297,/content/outputs/inference/answersheet/model_finetune_640_results/res_18c0f237172e44b94532a76b1f869f5c_jpg_5.pkl
92,70,146,83,94,70,145,70,145,82,94,82,oooosoonryoye,off,0.7163675427436829,0.1404093555532969,0.4696034826338291,/content/outputs/inference/answersheet/model_finetune_640_results/res_18c0f237172e44b94532a76b1f869f5c_jpg_6.pkl
254,4,293,14,254,4,290,4,290,13,254,13,sahhhhhhfyttpttdd,spe,0.5402105450630188,0.1437868388260112,0.35834991559386253,/content/outputs/inference/answersheet/model_finetune_640_results/res_18c0f237172e44b94532a76b1f869f5c_jpg_7.pkl
273,64,350,77,273,64,349,64,349,76,273,76,aaacdfeeaafaeeee,school,0.6331460475921631,0.23098896304145455,0.4001296418053763,/content/outputs/inference/answersheet/model_finetune_640_results/res_18c0f237172e44b94532a76b1f869f5c_jpg_8.pkl
146,55,162,62,146,55,161,55,161,61,146,61,atttttttttae,the,0.6897512078285217,0.1294497319807609,0.6820093505084515,/content/outputs/inference/answersheet/model_finetune_640_results/res_18c0f237172e44b94532a76b1f869f5c_jpg_9.pkl
136,82,185,94,136,82,183,82,183,92,136,92,4osssfmmtdddds,off,0.5397891402244568,0.21738593706062861,0.3663917351514101,/content/outputs/inference/answersheet/model_finetune_640_results/res_18c0f237172e44b94532a76b1f869f5c_jpg_10.pkl
132,384,156,392,132,384,155,384,155,391,132,391,deeeeee,from,0.546006977558136,0.1192974065031324,0.5569457247853279,/content/outputs/inference/answersheet/model_finetune_640_results/res_18c0f237172e44b94532a76b1f869f5c_jpg_11.pkl
188,177,211,188,188,177,210,177,210,187,188,187,toseee,from,0.5712209939956665,0.10721651092171669,0.6461475722491741,/content/outputs/inference/answersheet/model_finetune_640_results/res_18c0f237172e44b94532a76b1f869f5c_jpg_12.pkl
88,250,166,264,90,250,165,250,165,263,90,263,toanrteeee,toriging,0.601552426815033,0.2525940306484699,0.46782348718908096,/content/outputs/inference/answersheet/model_finetune_640_results/res_18c0f237172e44b94532a76b1f869f5c_jpg_13.pkl
319,3,340,13,319,3,339,3,339,12,319,12,ftttttttttttttthhheefetf,the,0.634896993637085,0.2495828252285719,0.7162925526499748,/content/outputs/inference/answersheet/model_finetune_640_results/res_18c0f237172e44b94532a76b1f869f5c_jpg_14.pkl
111,29,155,42,111,29,154,29,154,41,111,41,caaaaaffafae,from,0.6239817142486572,0.18013032463689646,0.60101358294487,/content/outputs/inference/answersheet/model_finetune_640_results/res_18c0f237172e44b94532a76b1f869f5c_jpg_15.pkl
26,240,63,252,26,240,62,240,62,251,26,251,saaoon,sale,0.5048299431800842,0.36356574793656665,0.6805702447891235,/content/outputs/inference/answersheet/model_finetune_640_results/res_18c0f237172e44b94532a76b1f869f5c_jpg_16.pkl
160,177,185,188,160,177,184,177,184,187,160,187,gggeaeeees,come,0.6239005923271179,0.13081821724772452,0.4063284069299698,/content/outputs/inference/answersheet/model_finetune_640_results/res_18c0f237172e44b94532a76b1f869f5c_jpg_17.pkl
