268,251,329,264,268,251,328,251,328,263,268,263,haeattta,from,0.7893620133399963,0.19282784406095743,0.5341094478964805,/content/outputs/inference/answersheet/model_finetune_640_results/res_fbc15375e7e54b7c6d97de33a39004e1_jpg_0.pkl
217,262,272,276,217,262,269,262,269,275,217,275,fsesssddatfff,from,0.7340788245201111,0.23108230703152144,0.4539695501327515,/content/outputs/inference/answersheet/model_finetune_640_results/res_fbc15375e7e54b7c6d97de33a39004e1_jpg_1.pkl
307,321,343,331,307,321,342,321,342,330,307,330,fsfsseaeeetteeeee,ske,0.6485813856124878,0.20074990347904317,0.5377354696393013,/content/outputs/inference/answersheet/model_finetune_640_results/res_fbc15375e7e54b7c6d97de33a39004e1_jpg_2.pkl
186,251,243,264,186,251,242,251,242,263,186,263,etteel,sale,0.743384599685669,0.1584347921113173,0.39218555092811586,/content/outputs/inference/answersheet/model_finetune_640_results/res_fbc15375e7e54b7c6d97de33a39004e1_jpg_3.pkl
252,0,329,9,252,0,328,0,328,8,252,8,deeedeeeeaaeeeell,come,0.5158249735832214,0.10733132897054448,0.3361621558666229,/content/outputs/inference/answersheet/model_finetune_640_results/res_fbc15375e7e54b7c6d97de33a39004e1_jpg_4.pkl
279,30,333,41,279,30,332,30,332,40,279,40,eaooodaereee,from,0.718966007232666,0.1311416489382585,0.6256177261471748,/content/outputs/inference/answersheet/model_finetune_640_results/res_fbc15375e7e54b7c6d97de33a39004e1_jpg_5.pkl
293,185,341,199,295,185,340,187,339,198,294,195,eaaaaaaaaaaaaaaattttt,from,0.5848666429519653,0.20585269587380545,0.5840549662709236,/content/outputs/inference/answersheet/model_finetune_640_results/res_fbc15375e7e54b7c6d97de33a39004e1_jpg_6.pkl
318,285,355,297,318,285,354,285,354,296,318,296,faeeeee,the,0.6690526604652405,0.16930081588881357,0.43902912735939026,/content/outputs/inference/answersheet/model_finetune_640_results/res_fbc15375e7e54b7c6d97de33a39004e1_jpg_7.pkl
101,7,163,19,101,7,161,7,161,17,101,17,dllaeafttrddydelll,come,0.5008127689361572,0.14255766901705,0.3892472803592682,/content/outputs/inference/answersheet/model_finetune_640_results/res_fbc15375e7e54b7c6d97de33a39004e1_jpg_8.pkl
302,62,359,75,304,62,355,62,355,74,304,74,bbbastaaffffaaa,that,0.6190990805625916,0.2599153945843379,0.5976716339588165,/content/outputs/inference/answersheet/model_finetune_640_results/res_fbc15375e7e54b7c6d97de33a39004e1_jpg_9.pkl
171,30,224,42,171,30,223,30,223,41,171,41,ffeatteee,school,0.8015349507331848,0.15111267815033594,0.4343778278146471,/content/outputs/inference/answersheet/model_finetune_640_results/res_fbc15375e7e54b7c6d97de33a39004e1_jpg_10.pkl
120,229,170,243,120,229,169,229,169,242,120,242,fsssannnnne,fastine,0.6030109524726868,0.3654460595412688,0.604358296841383,/content/outputs/inference/answersheet/model_finetune_640_results/res_fbc15375e7e54b7c6d97de33a39004e1_jpg_11.pkl
330,140,377,152,330,140,376,140,376,151,330,151,ftaaaakaee,from,0.7429550290107727,0.17881456315517424,0.579142352938652,/content/outputs/inference/answersheet/model_finetune_640_results/res_fbc15375e7e54b7c6d97de33a39004e1_jpg_12.pkl
90,31,135,40,90,31,132,31,132,39,90,39,aeaaaeeaa,from,0.6279916763305664,0.13491823772589365,0.6072597473859787,/content/outputs/inference/answersheet/model_finetune_640_results/res_fbc15375e7e54b7c6d97de33a39004e1_jpg_13.pkl
279,85,336,96,281,85,335,85,335,95,281,95,tttttstesaaaeaayttt,from,0.6936339735984802,0.17829709068724983,0.6530681401491165,/content/outputs/inference/answersheet/model_finetune_640_results/res_fbc15375e7e54b7c6d97de33a39004e1_jpg_14.pkl
129,30,168,41,129,30,167,30,167,40,129,40,aaaaaaere,the,0.5938038229942322,0.18134118947717878,0.6325397416949272,/content/outputs/inference/answersheet/model_finetune_640_results/res_fbc15375e7e54b7c6d97de33a39004e1_jpg_15.pkl
246,140,300,153,246,140,297,140,297,152,246,152,estttnef,from,0.5575005412101746,0.19946842640638351,0.547508591413498,/content/outputs/inference/answersheet/model_finetune_640_results/res_fbc15375e7e54b7c6d97de33a39004e1_jpg_16.pkl
71,186,100,196,71,186,99,186,99,195,71,195,tttnnnnyyssyee,from,0.6009263396263123,0.10813678481749125,0.5706093668937683,/content/outputs/inference/answersheet/model_finetune_640_results/res_fbc15375e7e54b7c6d97de33a39004e1_jpg_17.pkl
283,64,304,74,283,64,303,64,303,73,283,73,tltttlttt,the,0.5951279997825623,0.25565800733036464,0.4762641564011574,/content/outputs/inference/answersheet/model_finetune_640_results/res_fbc15375e7e54b7c6d97de33a39004e1_jpg_18.pkl
265,309,294,319,265,309,293,309,293,318,265,318,a,the,0.7690361142158508,0.10442997515201569,0.5006549619138241,/content/outputs/inference/answersheet/model_finetune_640_results/res_fbc15375e7e54b7c6d97de33a39004e1_jpg_19.pkl
93,97,117,107,93,97,116,97,116,106,93,106,fffcaat,for,0.5532339811325073,0.2577115669846535,0.3215680457651615,/content/outputs/inference/answersheet/model_finetune_640_results/res_fbc15375e7e54b7c6d97de33a39004e1_jpg_20.pkl
128,40,154,50,128,40,153,40,153,49,128,49,ffpppeefffffffffff,from,0.656971275806427,0.24701566414700615,0.6262326747179031,/content/outputs/inference/answersheet/model_finetune_640_results/res_fbc15375e7e54b7c6d97de33a39004e1_jpg_21.pkl
201,341,228,350,201,341,227,341,227,349,201,349,taeeeeeeee,from,0.5257944464683533,0.2508222296833992,0.6595620334148407,/content/outputs/inference/answersheet/model_finetune_640_results/res_fbc15375e7e54b7c6d97de33a39004e1_jpg_22.pkl
281,85,304,95,281,85,303,85,303,94,281,94,feat,from,0.5606668591499329,0.07932551205158234,0.6881540656089783,/content/outputs/inference/answersheet/model_finetune_640_results/res_fbc15375e7e54b7c6d97de33a39004e1_jpg_23.pkl
198,163,225,175,198,163,224,163,224,174,198,174,sss,sender,0.6222623586654663,0.29125231007734936,0.5726010139499392,/content/outputs/inference/answersheet/model_finetune_640_results/res_fbc15375e7e54b7c6d97de33a39004e1_jpg_24.pkl
266,52,292,62,266,52,291,52,291,61,266,61,ttttneeeeeee,the,0.7591943740844727,0.2258051000535488,0.46886003389954567,/content/outputs/inference/answersheet/model_finetune_640_results/res_fbc15375e7e54b7c6d97de33a39004e1_jpg_25.pkl
151,52,178,63,151,52,175,52,175,62,151,62,llleftteet,from,0.5858263969421387,0.11325752548873425,0.5314044117927551,/content/outputs/inference/answersheet/model_finetune_640_results/res_fbc15375e7e54b7c6d97de33a39004e1_jpg_26.pkl
165,285,219,297,165,285,218,285,218,296,165,296,efssseesaaaeeeeeeee,subject,0.5305566787719727,0.20101289686403775,0.4210527930408716,/content/outputs/inference/answersheet/model_finetune_640_results/res_fbc15375e7e54b7c6d97de33a39004e1_jpg_27.pkl
288,268,316,275,288,268,315,268,315,274,288,274,aeeaaadeee,sale,0.5508226156234741,0.16498115062713622,0.4948035955429077,/content/outputs/inference/answersheet/model_finetune_640_results/res_fbc15375e7e54b7c6d97de33a39004e1_jpg_28.pkl
297,140,323,153,297,140,322,140,322,152,297,152,ffas,from,0.6392961740493774,0.2451782375574112,0.6582218050956726,/content/outputs/inference/answersheet/model_finetune_640_results/res_fbc15375e7e54b7c6d97de33a39004e1_jpg_29.pkl
251,43,275,53,251,43,274,43,274,52,251,52,eweeeeeeeeeeeeeee,messageid,0.5271365642547607,0.17564509546055512,0.6539082214236259,/content/outputs/inference/answersheet/model_finetune_640_results/res_fbc15375e7e54b7c6d97de33a39004e1_jpg_30.pkl
183,228,232,241,185,228,231,228,231,240,185,240,pppsphhe,trastha,0.650983452796936,0.21135905012488365,0.47466255724430084,/content/outputs/inference/answersheet/model_finetune_640_results/res_fbc15375e7e54b7c6d97de33a39004e1_jpg_31.pkl
91,42,114,50,91,42,113,42,113,49,91,49,dddttt,art,0.6115589737892151,0.30553750445445377,0.38878560438752174,/content/outputs/inference/answersheet/model_finetune_640_results/res_fbc15375e7e54b7c6d97de33a39004e1_jpg_32.pkl
293,43,322,52,293,43,321,43,321,51,293,51,tnnnyefftt,the,0.8014042377471924,0.2331841617822647,0.5304245501756668,/content/outputs/inference/answersheet/model_finetune_640_results/res_fbc15375e7e54b7c6d97de33a39004e1_jpg_33.pkl
197,9,261,21,200,9,259,9,259,19,200,19,aaeee,from,0.5930544137954712,0.14580960273742677,0.6008770912885666,/content/outputs/inference/answersheet/model_finetune_640_results/res_fbc15375e7e54b7c6d97de33a39004e1_jpg_34.pkl
235,31,256,41,235,31,255,31,255,40,235,40,bbsaseaeaneoeeyeyyyyyyyy,from,0.6176545023918152,0.11117744476844867,0.48868635296821594,/content/outputs/inference/answersheet/model_finetune_640_results/res_fbc15375e7e54b7c6d97de33a39004e1_jpg_35.pkl
262,9,287,18,262,9,286,9,286,17,262,17,gsseees,sale,0.5509321093559265,0.1582385620900563,0.47144360840320587,/content/outputs/inference/answersheet/model_finetune_640_results/res_fbc15375e7e54b7c6d97de33a39004e1_jpg_36.pkl
169,42,198,51,169,42,197,42,197,50,169,50,fthtthhggsssaeeeeeeeeee,from,0.5666908025741577,0.12190669191920239,0.5778836607933044,/content/outputs/inference/answersheet/model_finetune_640_results/res_fbc15375e7e54b7c6d97de33a39004e1_jpg_37.pkl
