49,4,74,14,49,4,73,4,73,13,49,13,taaaaaaaaeeee,the,0.7733038067817688,0.16181873243588668,0.5091084446758032,/content/outputs/inference/answersheet/model_finetune_640_results/res_b464bac6af23c47e52bf92abd50c813b_jpg_0.pkl
50,13,76,23,50,13,75,13,75,22,50,22,asaaaaaaeeeeeeeeeeeeeeeeeeeeeeeeeeeeee,sender,0.6183336973190308,0.11620633362939484,0.5210968277284077,/content/outputs/inference/answersheet/model_finetune_640_results/res_b464bac6af23c47e52bf92abd50c813b_jpg_1.pkl
49,8,76,19,49,8,75,8,75,18,49,18,asoooaaanaeeeeeeeee,sender,0.556284487247467,0.09461102752309096,0.5429231205156871,/content/outputs/inference/answersheet/model_finetune_640_results/res_b464bac6af23c47e52bf92abd50c813b_jpg_2.pkl
85,102,144,117,85,102,143,102,143,116,85,116,ttaaeyy,from,0.7252240180969238,0.32145005464553833,0.578625337779522,/content/outputs/inference/answersheet/model_finetune_640_results/res_b464bac6af23c47e52bf92abd50c813b_jpg_3.pkl
67,80,114,92,67,80,112,80,112,90,67,90,ehhthee,from,0.5542033314704895,0.14444814515965326,0.5345124840736389,/content/outputs/inference/answersheet/model_finetune_640_results/res_b464bac6af23c47e52bf92abd50c813b_jpg_4.pkl
177,101,229,113,177,101,228,101,228,112,177,112,ataata,come,0.5154227018356323,0.2053027686973413,0.3532962828874588,/content/outputs/inference/answersheet/model_finetune_640_results/res_b464bac6af23c47e52bf92abd50c813b_jpg_5.pkl
321,280,380,296,321,280,378,280,378,294,321,294,dasssstaee,coffee,0.7548353672027588,0.13499972224235535,0.5359962497438703,/content/outputs/inference/answersheet/model_finetune_640_results/res_b464bac6af23c47e52bf92abd50c813b_jpg_6.pkl
133,325,156,338,133,325,155,325,155,337,133,337,44a8ddddddddd9999d,apr,0.5549654364585876,0.279239552302493,0.5669269971549511,/content/outputs/inference/answersheet/model_finetune_640_results/res_b464bac6af23c47e52bf92abd50c813b_jpg_7.pkl
189,124,214,134,189,124,213,124,213,133,189,133,ggddtaseaaa,and,0.6105622053146362,0.11701607907360251,0.453710975125432,/content/outputs/inference/answersheet/model_finetune_640_results/res_b464bac6af23c47e52bf92abd50c813b_jpg_8.pkl
337,314,362,325,337,314,361,314,361,324,337,324,4444s,for,0.5051347613334656,0.2662865608930588,0.6442994624376297,/content/outputs/inference/answersheet/model_finetune_640_results/res_b464bac6af23c47e52bf92abd50c813b_jpg_9.pkl
201,1,246,12,203,1,245,1,245,11,203,11,ennoeeteeede,the,0.6026577949523926,0.11481623351573944,0.49619801715016365,/content/outputs/inference/answersheet/model_finetune_640_results/res_b464bac6af23c47e52bf92abd50c813b_jpg_10.pkl
79,1,111,12,79,1,110,1,110,11,79,11,ea,come,0.5977789163589478,0.0862901546061039,0.4167621165513992,/content/outputs/inference/answersheet/model_finetune_640_results/res_b464bac6af23c47e52bf92abd50c813b_jpg_11.pkl
254,157,279,167,254,157,278,157,278,166,254,166,tteeoo,the,0.732245147228241,0.18651186799009642,0.5760433189570904,/content/outputs/inference/answersheet/model_finetune_640_results/res_b464bac6af23c47e52bf92abd50c813b_jpg_12.pkl
357,331,379,343,357,331,378,331,378,342,357,342,tyyyyyyy,they,0.56097012758255,0.4156864546239376,0.672976803779602,/content/outputs/inference/answersheet/model_finetune_640_results/res_b464bac6af23c47e52bf92abd50c813b_jpg_13.pkl
332,235,357,247,332,235,356,235,356,246,332,246,t9999e9,for,0.5480579733848572,0.21409312529223307,0.6002056170254946,/content/outputs/inference/answersheet/model_finetune_640_results/res_b464bac6af23c47e52bf92abd50c813b_jpg_14.pkl
186,179,209,190,186,179,208,179,208,189,186,189,fggoosssss,for,0.6191678047180176,0.2839378021657467,0.6136638019233942,/content/outputs/inference/answersheet/model_finetune_640_results/res_b464bac6af23c47e52bf92abd50c813b_jpg_15.pkl
226,179,249,188,226,179,248,179,248,187,226,187,ddssssssssss,did,0.629724383354187,0.207612294703722,0.38347627595067024,/content/outputs/inference/answersheet/model_finetune_640_results/res_b464bac6af23c47e52bf92abd50c813b_jpg_16.pkl
178,302,205,314,178,302,204,302,204,313,178,313,ss,dest,0.598660945892334,0.27788786590099335,0.5237910091876984,/content/outputs/inference/answersheet/model_finetune_640_results/res_b464bac6af23c47e52bf92abd50c813b_jpg_17.pkl
201,158,227,169,201,158,226,158,226,168,201,168,ttftfeees,from,0.6608292460441589,0.2600139346387651,0.5513422429561615,/content/outputs/inference/answersheet/model_finetune_640_results/res_b464bac6af23c47e52bf92abd50c813b_jpg_18.pkl
129,79,214,91,133,79,213,79,213,90,133,90,aeeeane,the,0.5452753305435181,0.11855206532137734,0.33699225820600986,/content/outputs/inference/answersheet/model_finetune_640_results/res_b464bac6af23c47e52bf92abd50c813b_jpg_19.pkl
202,199,224,209,202,199,223,199,223,208,202,208,fffffah,from,0.7556280493736267,0.20682092436722346,0.6040038362145423,/content/outputs/inference/answersheet/model_finetune_640_results/res_b464bac6af23c47e52bf92abd50c813b_jpg_20.pkl
317,197,344,208,317,197,343,197,343,207,317,207,ff44e11aj1a3tttddddddd,for,0.6784647107124329,0.26332139494744217,0.5981475971639156,/content/outputs/inference/answersheet/model_finetune_640_results/res_b464bac6af23c47e52bf92abd50c813b_jpg_21.pkl
60,324,108,338,60,324,107,324,107,337,60,337,aappatttee,sale,0.5827614665031433,0.26485766395926474,0.5336702644824982,/content/outputs/inference/answersheet/model_finetune_640_results/res_b464bac6af23c47e52bf92abd50c813b_jpg_22.pkl
256,198,285,208,256,198,284,198,284,207,256,207,ttaeaaaaaasy,they,0.6081424951553345,0.17953603714704514,0.5739856868982315,/content/outputs/inference/answersheet/model_finetune_640_results/res_b464bac6af23c47e52bf92abd50c813b_jpg_23.pkl
123,4,153,13,123,4,152,4,152,12,123,12,eeecccceseeeeeeeeeosoaaaassooaeeeennee,come,0.5265420079231262,0.10538817942142487,0.3251816272735596,/content/outputs/inference/answersheet/model_finetune_640_results/res_b464bac6af23c47e52bf92abd50c813b_jpg_24.pkl
288,174,317,188,288,174,316,174,316,187,288,187,fffffffffffddeeoee,for,0.5218892097473145,0.3773180974854363,0.5689231231808662,/content/outputs/inference/answersheet/model_finetune_640_results/res_b464bac6af23c47e52bf92abd50c813b_jpg_25.pkl
