313,251,356,264,313,251,355,251,355,263,313,263,wwnsnnnnnttel,sender,0.7180274128913879,0.16358762922195288,0.4573217992271696,/content/outputs/inference/answersheet/model_finetune_640_results/res_549f9565df9c1e97d4d04f7e63a8581f_jpg_0.pkl
300,384,339,395,300,384,338,384,338,394,300,394,rttmladaahhdkkddddd,date,0.5432688593864441,0.2662774983205293,0.35977005809545515,/content/outputs/inference/answersheet/model_finetune_640_results/res_549f9565df9c1e97d4d04f7e63a8581f_jpg_1.pkl
186,10,227,22,186,10,226,10,226,21,186,21,aa1eeee33yye,can,0.6990586519241333,0.09520525050659974,0.43161750584840775,/content/outputs/inference/answersheet/model_finetune_640_results/res_549f9565df9c1e97d4d04f7e63a8581f_jpg_2.pkl
98,218,121,230,100,218,120,218,120,229,100,229,oooaeeeeeeee,can,0.7210143804550171,0.267654312774539,0.2509640231728554,/content/outputs/inference/answersheet/model_finetune_640_results/res_549f9565df9c1e97d4d04f7e63a8581f_jpg_3.pkl
265,217,333,232,265,217,332,217,332,231,265,231,vvyeeeaeeee,versom,0.5020495653152466,0.26172808693213895,0.47232771558421,/content/outputs/inference/answersheet/model_finetune_640_results/res_549f9565df9c1e97d4d04f7e63a8581f_jpg_4.pkl
121,195,158,209,121,195,157,195,157,208,121,208,slilnanaadl,sale,0.7264776825904846,0.1948511857878078,0.37212053835392,/content/outputs/inference/answersheet/model_finetune_640_results/res_549f9565df9c1e97d4d04f7e63a8581f_jpg_5.pkl
305,275,324,284,305,275,323,275,323,283,305,283,lflllnnennnnmee,lines,0.5614607930183411,0.20733235379060108,0.648638645807902,/content/outputs/inference/answersheet/model_finetune_640_results/res_549f9565df9c1e97d4d04f7e63a8581f_jpg_6.pkl
109,12,163,21,112,12,162,12,162,20,112,20,ssoooadfeeeeeeeeee,come,0.7472158074378967,0.15532277607255512,0.3365800052881241,/content/outputs/inference/answersheet/model_finetune_640_results/res_549f9565df9c1e97d4d04f7e63a8581f_jpg_7.pkl
33,76,53,88,33,76,52,76,52,87,33,87,dddd,and,0.5890486836433411,0.10496469400823116,0.6397792343050241,/content/outputs/inference/answersheet/model_finetune_640_results/res_549f9565df9c1e97d4d04f7e63a8581f_jpg_8.pkl
76,197,102,206,76,197,101,197,101,205,76,205,ttttttyeeeteeett,the,0.8373876810073853,0.21875205403193831,0.362914863973856,/content/outputs/inference/answersheet/model_finetune_640_results/res_549f9565df9c1e97d4d04f7e63a8581f_jpg_9.pkl
110,15,157,27,112,15,156,15,156,26,112,26,aeaeeeggeggoebbbbaaaeeeeeee,from,0.6994743347167969,0.12160714053445393,0.5210587486624718,/content/outputs/inference/answersheet/model_finetune_640_results/res_549f9565df9c1e97d4d04f7e63a8581f_jpg_10.pkl
48,12,73,20,48,12,72,12,72,19,48,19,sfaaaaaaaaaeeeeeeee,from,0.5779415369033813,0.1314895200101953,0.6492267042398453,/content/outputs/inference/answersheet/model_finetune_640_results/res_549f9565df9c1e97d4d04f7e63a8581f_jpg_11.pkl
138,218,179,231,138,218,178,218,178,230,138,230,sffpffffgaedss,shops,0.5273875594139099,0.22961816085236414,0.5566586007674535,/content/outputs/inference/answersheet/model_finetune_640_results/res_549f9565df9c1e97d4d04f7e63a8581f_jpg_12.pkl
331,207,360,218,331,207,359,207,359,217,331,217,ittttaaaaaaaaaaaaaaaatititittt,that,0.7711133360862732,0.1819371389846007,0.6637658596038818,/content/outputs/inference/answersheet/model_finetune_640_results/res_549f9565df9c1e97d4d04f7e63a8581f_jpg_13.pkl
46,11,100,24,48,11,99,11,99,23,48,23,aaaaaeeeegdeeaaae,from,0.5042851567268372,0.14992879506419687,0.6023648083209991,/content/outputs/inference/answersheet/model_finetune_640_results/res_549f9565df9c1e97d4d04f7e63a8581f_jpg_14.pkl
285,239,328,254,285,239,327,239,327,253,285,253,tttoeeee,for,0.5940405130386353,0.3310918491333723,0.5737694539129734,/content/outputs/inference/answersheet/model_finetune_640_results/res_549f9565df9c1e97d4d04f7e63a8581f_jpg_15.pkl
113,48,131,59,113,48,130,48,130,58,113,58,aoaafffffntttttt,off,0.5580829977989197,0.20676741283386946,0.77298753708601,/content/outputs/inference/answersheet/model_finetune_640_results/res_549f9565df9c1e97d4d04f7e63a8581f_jpg_16.pkl
219,97,249,109,219,97,248,97,248,108,219,108,sfttttttooooeeeee,stre,0.5076737403869629,0.18700813940342734,0.36272168457508086,/content/outputs/inference/answersheet/model_finetune_640_results/res_549f9565df9c1e97d4d04f7e63a8581f_jpg_17.pkl
92,208,115,218,92,208,114,208,114,217,92,217,ftfffhhhhhhhhfffhhhfhffhhffffffegggggggggeayn,from,0.6908355951309204,0.16160311533345117,0.6010619014501571,/content/outputs/inference/answersheet/model_finetune_640_results/res_549f9565df9c1e97d4d04f7e63a8581f_jpg_18.pkl
183,76,210,87,183,76,209,76,209,86,183,86,tsitteee,from,0.6279307007789612,0.12615547515451908,0.6288379102945327,/content/outputs/inference/answersheet/model_finetune_640_results/res_549f9565df9c1e97d4d04f7e63a8581f_jpg_19.pkl
338,244,357,251,338,244,354,244,354,250,338,250,ythtmheeohht,you,0.6402815580368042,0.14026309922337532,0.6714357100427151,/content/outputs/inference/answersheet/model_finetune_640_results/res_549f9565df9c1e97d4d04f7e63a8581f_jpg_20.pkl
278,77,302,88,278,77,301,77,301,87,278,87,sddeaee,from,0.5738065838813782,0.15190794744661876,0.6042533293366432,/content/outputs/inference/answersheet/model_finetune_640_results/res_549f9565df9c1e97d4d04f7e63a8581f_jpg_21.pkl
106,34,199,47,111,34,198,34,198,46,111,46,etddeeee,bedio,0.5157129168510437,0.31679723784327507,0.34916574135422707,/content/outputs/inference/answersheet/model_finetune_640_results/res_549f9565df9c1e97d4d04f7e63a8581f_jpg_22.pkl
267,243,285,251,267,243,284,243,284,250,267,250,yyasssassssse,from,0.5499586462974548,0.09540952283602494,0.6285867728292942,/content/outputs/inference/answersheet/model_finetune_640_results/res_549f9565df9c1e97d4d04f7e63a8581f_jpg_23.pkl
86,206,130,219,90,208,129,208,129,218,90,218,hhhhhhhhhhhhffggeauytfrfffffrfe,from,0.5184952020645142,0.20249371807421407,0.5844450116157531,/content/outputs/inference/answersheet/model_finetune_640_results/res_549f9565df9c1e97d4d04f7e63a8581f_jpg_24.pkl
256,383,285,397,256,383,284,383,284,396,256,396,lktoppuee,you,0.5537667274475098,0.2900223210453987,0.6253156783059239,/content/outputs/inference/answersheet/model_finetune_640_results/res_549f9565df9c1e97d4d04f7e63a8581f_jpg_25.pkl
