74,16,114,27,74,16,113,16,113,26,74,26,aaeeeeeeeeett,the,0.919142484664917,0.24612963199615479,0.562548328191042,/content/outputs/inference/answersheet/model_finetune_640_results/res_a271f8b39354ce85d5d07e7ac1a43d9c_jpg_0.pkl
346,304,393,315,346,304,390,304,390,314,346,314,ffffctaeeaaaaeee,subject,0.5016527771949768,0.15004630060866475,0.5313661089166999,/content/outputs/inference/answersheet/model_finetune_640_results/res_a271f8b39354ce85d5d07e7ac1a43d9c_jpg_1.pkl
263,16,322,26,263,16,320,16,320,24,263,24,teeeeeeeee,the,0.5876487493515015,0.13952116966247557,0.5229845978319645,/content/outputs/inference/answersheet/model_finetune_640_results/res_a271f8b39354ce85d5d07e7ac1a43d9c_jpg_2.pkl
111,50,164,60,114,50,160,50,160,59,114,59,eeeeerrrr,from,0.5455958247184753,0.17654342701037726,0.5925985425710678,/content/outputs/inference/answersheet/model_finetune_640_results/res_a271f8b39354ce85d5d07e7ac1a43d9c_jpg_3.pkl
132,17,196,27,132,17,194,17,194,25,132,25,aafe,coffee,0.6288986206054688,0.10214068554341793,0.5413067787885666,/content/outputs/inference/answersheet/model_finetune_640_results/res_a271f8b39354ce85d5d07e7ac1a43d9c_jpg_4.pkl
322,306,345,314,322,306,344,306,344,313,322,313,tatt,the,0.6464705467224121,0.19499285146594048,0.4643341563642025,/content/outputs/inference/answersheet/model_finetune_640_results/res_a271f8b39354ce85d5d07e7ac1a43d9c_jpg_5.pkl
290,52,307,60,290,52,306,52,306,59,290,59,iiilltiaaaeaaeeeeeeeeeeee,the,0.6451753973960876,0.2791618347167969,0.6902405098080635,/content/outputs/inference/answersheet/model_finetune_640_results/res_a271f8b39354ce85d5d07e7ac1a43d9c_jpg_6.pkl
324,49,349,59,324,49,348,49,348,58,324,58,aaaaaatttt,has,0.5542944669723511,0.25816362351179123,0.5282269902527332,/content/outputs/inference/answersheet/model_finetune_640_results/res_a271f8b39354ce85d5d07e7ac1a43d9c_jpg_7.pkl
77,52,102,63,77,52,101,52,101,62,77,62,ffaeeyy,from,0.5044296383857727,0.1481300432767187,0.6242788434028625,/content/outputs/inference/answersheet/model_finetune_640_results/res_a271f8b39354ce85d5d07e7ac1a43d9c_jpg_8.pkl
128,316,197,329,128,316,196,316,196,328,128,328,etaaaeee,from,0.687380850315094,0.16217933502048254,0.5220975071191788,/content/outputs/inference/answersheet/model_finetune_640_results/res_a271f8b39354ce85d5d07e7ac1a43d9c_jpg_9.pkl
269,17,297,25,269,17,296,17,296,24,269,24,etllaaaaaeeeeeee,the,0.5691378116607666,0.21011863416060805,0.6864574998617172,/content/outputs/inference/answersheet/model_finetune_640_results/res_a271f8b39354ce85d5d07e7ac1a43d9c_jpg_10.pkl
