162,123,233,136,162,123,232,123,232,135,162,135,taetgg,the,0.820682942867279,0.22840610643227896,0.32158447057008743,/content/outputs/inference/answersheet/model_finetune_640_results/res_edc6918f6c1de3a4f50ecf705c32fe06_jpg_0.pkl
97,168,156,183,97,168,155,168,155,182,97,182,taeenett,thenet,0.7663609385490417,0.3203070741146803,0.5136023887566158,/content/outputs/inference/answersheet/model_finetune_640_results/res_edc6918f6c1de3a4f50ecf705c32fe06_jpg_1.pkl
2,16,42,26,2,16,41,16,41,25,2,25,sffaaaaae,brea,0.8172184824943542,0.2688310874833001,0.41452271938323976,/content/outputs/inference/answersheet/model_finetune_640_results/res_edc6918f6c1de3a4f50ecf705c32fe06_jpg_2.pkl
163,34,203,47,163,34,202,34,202,46,163,46,fffft,from,0.6808732748031616,0.6137246578931809,0.5794929265975952,/content/outputs/inference/answersheet/model_finetune_640_results/res_edc6918f6c1de3a4f50ecf705c32fe06_jpg_3.pkl
217,67,260,81,217,67,259,67,259,80,217,80,ssstnnn,the,0.6295208930969238,0.1956583857536316,0.5038740932941437,/content/outputs/inference/answersheet/model_finetune_640_results/res_edc6918f6c1de3a4f50ecf705c32fe06_jpg_4.pkl
126,146,191,159,129,146,189,146,189,157,129,157,stsllnaet,from,0.8232875466346741,0.1758988607260916,0.5452237367630005,/content/outputs/inference/answersheet/model_finetune_640_results/res_edc6918f6c1de3a4f50ecf705c32fe06_jpg_5.pkl
231,246,286,259,234,246,285,246,285,258,234,258,leelstttee,from,0.5308864116668701,0.2941529542207718,0.5425305813550949,/content/outputs/inference/answersheet/model_finetune_640_results/res_edc6918f6c1de3a4f50ecf705c32fe06_jpg_6.pkl
47,17,115,27,49,17,110,17,110,26,49,26,ondnaeeaatt,come,0.5038676857948303,0.1415512595664371,0.3781294584274292,/content/outputs/inference/answersheet/model_finetune_640_results/res_edc6918f6c1de3a4f50ecf705c32fe06_jpg_7.pkl
159,224,212,237,159,224,211,224,211,236,159,236,tatttttt,that,0.7248159050941467,0.2894977368414402,0.49237156212329863,/content/outputs/inference/answersheet/model_finetune_640_results/res_edc6918f6c1de3a4f50ecf705c32fe06_jpg_8.pkl
168,201,240,216,168,201,238,201,238,214,168,214,taiteeeeteet,thing,0.7824179530143738,0.2282570842653513,0.3538919910788536,/content/outputs/inference/answersheet/model_finetune_640_results/res_edc6918f6c1de3a4f50ecf705c32fe06_jpg_9.pkl
233,34,282,46,233,34,281,34,281,45,233,45,ataaattttt,that,0.7506162524223328,0.3271874837577343,0.6597339630126953,/content/outputs/inference/answersheet/model_finetune_640_results/res_edc6918f6c1de3a4f50ecf705c32fe06_jpg_10.pkl
111,246,172,260,113,246,168,246,168,259,113,259,ttteadded,the,0.5281500816345215,0.23325974825355741,0.4321499392390251,/content/outputs/inference/answersheet/model_finetune_640_results/res_edc6918f6c1de3a4f50ecf705c32fe06_jpg_11.pkl
191,70,218,81,191,70,217,70,217,80,191,80,ttottaii,the,0.5528032779693604,0.26516029331833124,0.4661428779363632,/content/outputs/inference/answersheet/model_finetune_640_results/res_edc6918f6c1de3a4f50ecf705c32fe06_jpg_12.pkl
160,124,181,135,160,124,180,124,180,134,160,134,ttsottt,the,0.6435439586639404,0.2529570183583668,0.47358623892068863,/content/outputs/inference/answersheet/model_finetune_640_results/res_edc6918f6c1de3a4f50ecf705c32fe06_jpg_13.pkl
198,34,228,45,198,34,227,34,227,44,198,44,ttssssfftpeeeeeee,the,0.6502187252044678,0.31056851236259236,0.47754528373479843,/content/outputs/inference/answersheet/model_finetune_640_results/res_edc6918f6c1de3a4f50ecf705c32fe06_jpg_14.pkl
170,14,224,26,172,14,220,14,220,24,172,24,tttaoa,from,0.5516931414604187,0.21599020063877106,0.6669970870018005,/content/outputs/inference/answersheet/model_finetune_640_results/res_edc6918f6c1de3a4f50ecf705c32fe06_jpg_15.pkl
180,32,285,48,180,34,282,34,282,47,180,47,sstttetaaat,restate,0.5276175141334534,0.2337739562446421,0.4944984158501029,/content/outputs/inference/answersheet/model_finetune_640_results/res_edc6918f6c1de3a4f50ecf705c32fe06_jpg_16.pkl
235,248,260,257,235,248,259,248,259,256,235,256,fffaaet,from,0.7034127712249756,0.18687504636389868,0.6112919121980667,/content/outputs/inference/answersheet/model_finetune_640_results/res_edc6918f6c1de3a4f50ecf705c32fe06_jpg_17.pkl
147,67,186,80,149,67,185,67,185,79,149,79,ttuue,this,0.6537798047065735,0.16140772104263307,0.443761533498764,/content/outputs/inference/answersheet/model_finetune_640_results/res_edc6918f6c1de3a4f50ecf705c32fe06_jpg_18.pkl
155,301,210,314,155,301,209,301,209,313,155,313,fsstttfttttitteeddddeeee,from,0.6120782494544983,0.15905780779818693,0.49947884380817414,/content/outputs/inference/answersheet/model_finetune_640_results/res_edc6918f6c1de3a4f50ecf705c32fe06_jpg_19.pkl
222,18,246,27,222,18,245,18,245,26,222,26,ahoooooedee,the,0.5317934155464172,0.1099867123094472,0.5582263693213463,/content/outputs/inference/answersheet/model_finetune_640_results/res_edc6918f6c1de3a4f50ecf705c32fe06_jpg_20.pkl
129,147,161,158,129,147,160,147,160,157,129,157,fsststnn,from,0.5498542189598083,0.21473327465355396,0.5936279743909836,/content/outputs/inference/answersheet/model_finetune_640_results/res_edc6918f6c1de3a4f50ecf705c32fe06_jpg_21.pkl
151,91,176,102,151,91,175,91,175,101,151,101,tnt,from,0.5095576643943787,0.11798539757728577,0.6449257493019104,/content/outputs/inference/answersheet/model_finetune_640_results/res_edc6918f6c1de3a4f50ecf705c32fe06_jpg_22.pkl
50,18,84,26,50,18,83,18,83,25,50,25,ennene4ee4e444sd,from,0.5787328481674194,0.14248294895514846,0.4950082376599312,/content/outputs/inference/answersheet/model_finetune_640_results/res_edc6918f6c1de3a4f50ecf705c32fe06_jpg_23.pkl
