255,158,275,169,255,158,274,158,274,168,255,168,a11a1111i1eieeeeee33s,are,0.7083241939544678,0.16847133600995653,0.6335603334009647,/content/outputs/inference/answersheet/model_finetune_640_results/res_a75a737ebc9f9a849376ad6f1a2a9935_jpg_0.pkl
259,318,275,328,259,318,274,318,274,327,259,327,tresdy,the,0.8855392336845398,0.15230999141931534,0.6807786822319031,/content/outputs/inference/answersheet/model_finetune_640_results/res_a75a737ebc9f9a849376ad6f1a2a9935_jpg_1.pkl
67,122,102,137,67,122,101,122,101,136,67,136,msnnyt,re,0.5718759298324585,0.14195576185981432,0.2736352061231931,/content/outputs/inference/answersheet/model_finetune_640_results/res_a75a737ebc9f9a849376ad6f1a2a9935_jpg_2.pkl
190,321,239,334,192,321,236,321,236,333,192,333,ttddaeeeeeee,the,0.8147169947624207,0.17831607349216938,0.41558839939534664,/content/outputs/inference/answersheet/model_finetune_640_results/res_a75a737ebc9f9a849376ad6f1a2a9935_jpg_3.pkl
255,232,274,242,255,232,273,232,273,241,255,241,44411i0333,40,0.8343020081520081,0.18659240156412124,0.36078045268853504,/content/outputs/inference/answersheet/model_finetune_640_results/res_a75a737ebc9f9a849376ad6f1a2a9935_jpg_4.pkl
184,72,226,91,185,70,226,75,224,92,183,85,hhheeeeeeee,from,0.5862094163894653,0.28748527440157806,0.6925940454006195,/content/outputs/inference/answersheet/model_finetune_640_results/res_a75a737ebc9f9a849376ad6f1a2a9935_jpg_5.pkl
195,32,217,45,195,32,216,32,216,42,195,42,eeeeeee,for,0.5125812888145447,0.20308161420481546,0.5435727909207344,/content/outputs/inference/answersheet/model_finetune_640_results/res_a75a737ebc9f9a849376ad6f1a2a9935_jpg_6.pkl
67,200,101,215,69,200,100,200,100,214,69,214,espp,the,0.5194599032402039,0.21014585345983505,0.56841254606843,/content/outputs/inference/answersheet/model_finetune_640_results/res_a75a737ebc9f9a849376ad6f1a2a9935_jpg_7.pkl
224,91,242,100,224,91,241,91,241,99,224,99,ttttaaaaatnnooososssssssiyiyiyiiiiiiii,the,0.7259730100631714,0.14556162422032734,0.5833662748336792,/content/outputs/inference/answersheet/model_finetune_640_results/res_a75a737ebc9f9a849376ad6f1a2a9935_jpg_8.pkl
236,73,256,82,236,73,255,73,255,81,236,81,tdteedd,the,0.7980850338935852,0.1490974064384188,0.640428252518177,/content/outputs/inference/answersheet/model_finetune_640_results/res_a75a737ebc9f9a849376ad6f1a2a9935_jpg_9.pkl
220,322,237,330,220,322,236,322,236,329,220,329,ffftftfttttteteefsssseeeeeeseske,for,0.6196677088737488,0.21901741856709123,0.7156708389520645,/content/outputs/inference/answersheet/model_finetune_640_results/res_a75a737ebc9f9a849376ad6f1a2a9935_jpg_10.pkl
231,333,246,342,231,333,245,333,245,341,231,341,tt888888eeeeeeeeeey,the,0.5850192904472351,0.16551560202711507,0.5560812801122665,/content/outputs/inference/answersheet/model_finetune_640_results/res_a75a737ebc9f9a849376ad6f1a2a9935_jpg_11.pkl
70,57,105,70,70,57,104,57,104,69,70,69,raaaaee,from,0.5194607973098755,0.18919250475508825,0.5501458823680878,/content/outputs/inference/answersheet/model_finetune_640_results/res_a75a737ebc9f9a849376ad6f1a2a9935_jpg_12.pkl
215,125,234,135,215,125,233,125,233,134,215,134,daittfffee,aff,0.8093628287315369,0.1869589388370514,0.6266277655959129,/content/outputs/inference/answersheet/model_finetune_640_results/res_a75a737ebc9f9a849376ad6f1a2a9935_jpg_13.pkl
181,17,223,32,181,17,222,17,222,31,181,31,rrrrrrrrrlrreegeeeeeeaeeaeeeaaeaaaaeeaeaeeeeeeeeeeeeeeee,from,0.5881137847900391,0.2049880280558552,0.5671988487243652,/content/outputs/inference/answersheet/model_finetune_640_results/res_a75a737ebc9f9a849376ad6f1a2a9935_jpg_14.pkl
193,233,245,246,193,233,243,233,243,244,193,244,oer0ye,from,0.5422905683517456,0.19821588198343912,0.6256886482238769,/content/outputs/inference/answersheet/model_finetune_640_results/res_a75a737ebc9f9a849376ad6f1a2a9935_jpg_15.pkl
208,58,230,69,208,58,229,58,229,68,208,68,ffffffffrrre,for,0.714910089969635,0.3160436401764552,0.7678839713335037,/content/outputs/inference/answersheet/model_finetune_640_results/res_a75a737ebc9f9a849376ad6f1a2a9935_jpg_16.pkl
233,302,251,312,233,302,250,302,250,311,233,311,r,apr,0.8207369446754456,0.08480143547058105,0.6805862486362457,/content/outputs/inference/answersheet/model_finetune_640_results/res_a75a737ebc9f9a849376ad6f1a2a9935_jpg_17.pkl
209,290,228,301,209,290,227,290,227,300,209,300,fftfree,for,0.7754524946212769,0.27005342287676676,0.7122582457959652,/content/outputs/inference/answersheet/model_finetune_640_results/res_a75a737ebc9f9a849376ad6f1a2a9935_jpg_18.pkl
208,46,227,56,208,46,226,46,226,55,208,55,tooogooooaaaa,for,0.6343244910240173,0.12485350381869537,0.7088630422949791,/content/outputs/inference/answersheet/model_finetune_640_results/res_a75a737ebc9f9a849376ad6f1a2a9935_jpg_19.pkl
232,17,248,26,232,17,247,17,247,25,232,25,ttttttftfffdfffffffffffffffffff,for,0.8686922192573547,0.39434978846580754,0.6828518956899643,/content/outputs/inference/answersheet/model_finetune_640_results/res_a75a737ebc9f9a849376ad6f1a2a9935_jpg_20.pkl
237,217,254,227,237,217,253,217,253,226,237,226,ffffrr,for,0.612511932849884,0.19545260071754456,0.7214244231581688,/content/outputs/inference/answersheet/model_finetune_640_results/res_a75a737ebc9f9a849376ad6f1a2a9935_jpg_21.pkl
191,323,210,334,191,323,209,323,209,333,191,333,tdgyyg,the,0.596794068813324,0.13114965707063675,0.577656889334321,/content/outputs/inference/answersheet/model_finetune_640_results/res_a75a737ebc9f9a849376ad6f1a2a9935_jpg_22.pkl
196,89,230,101,196,89,229,89,229,100,196,100,osaaaaaeueete,come,0.5946881175041199,0.16393810052138108,0.4105778902769089,/content/outputs/inference/answersheet/model_finetune_640_results/res_a75a737ebc9f9a849376ad6f1a2a9935_jpg_23.pkl
222,235,241,244,222,235,240,235,240,243,222,243,rrfffrrpppooeo9999ss9,the,0.756582498550415,0.18293849698134831,0.5699963569641113,/content/outputs/inference/answersheet/model_finetune_640_results/res_a75a737ebc9f9a849376ad6f1a2a9935_jpg_24.pkl
238,144,256,153,238,144,255,144,255,152,238,152,aataddddhhhhrrrrrrrrrrrrrrrrrrrreeees,the,0.664359986782074,0.14463038702268857,0.6586509980261326,/content/outputs/inference/answersheet/model_finetune_640_results/res_a75a737ebc9f9a849376ad6f1a2a9935_jpg_25.pkl
68,288,100,301,68,288,99,288,99,300,68,300,ttaaas,from,0.5682868957519531,0.237723208963871,0.5980636656284333,/content/outputs/inference/answersheet/model_finetune_640_results/res_a75a737ebc9f9a849376ad6f1a2a9935_jpg_26.pkl
232,20,249,29,232,20,246,20,246,28,232,28,tff,for,0.5899525284767151,0.41183872024218243,0.6860419809818268,/content/outputs/inference/answersheet/model_finetune_640_results/res_a75a737ebc9f9a849376ad6f1a2a9935_jpg_27.pkl
217,319,278,331,219,319,275,319,275,330,219,330,ffeyeeettty,and,0.6115400195121765,0.24065813625400717,0.48581337183713913,/content/outputs/inference/answersheet/model_finetune_640_results/res_a75a737ebc9f9a849376ad6f1a2a9935_jpg_28.pkl
222,156,276,170,222,156,275,156,275,169,222,169,eaadlle,from,0.6168271899223328,0.17129687006984437,0.6267479449510575,/content/outputs/inference/answersheet/model_finetune_640_results/res_a75a737ebc9f9a849376ad6f1a2a9935_jpg_29.pkl
