334,188,378,200,334,188,376,188,376,198,334,198,daee,date,0.891399085521698,0.3153189644217491,0.6184165239334106,/content/outputs/inference/answersheet/model_finetune_640_results/res_3d1545c1d64eacb0a38cf1dd4978c21f_jpg_0.pkl
37,188,94,201,37,188,93,188,93,200,37,200,aaaeesee,date,0.8786121010780334,0.2982449810951948,0.6731149032711983,/content/outputs/inference/answersheet/model_finetune_640_results/res_3d1545c1d64eacb0a38cf1dd4978c21f_jpg_1.pkl
108,188,149,202,108,188,148,188,148,201,108,201,goeeeeepo,can,0.7390347719192505,0.19718386150068706,0.45729024708271027,/content/outputs/inference/answersheet/model_finetune_640_results/res_3d1545c1d64eacb0a38cf1dd4978c21f_jpg_2.pkl
262,222,359,232,262,222,358,222,358,231,262,231,deeeoedeeaee,coffee,0.7542511224746704,0.17417874187231064,0.420430882700852,/content/outputs/inference/answersheet/model_finetune_640_results/res_3d1545c1d64eacb0a38cf1dd4978c21f_jpg_3.pkl
277,187,319,201,279,187,318,187,318,200,279,200,gaaaunnpeeeee,cape,0.8190843462944031,0.19495160648455986,0.607161283493042,/content/outputs/inference/answersheet/model_finetune_640_results/res_3d1545c1d64eacb0a38cf1dd4978c21f_jpg_4.pkl
157,55,201,68,157,55,200,55,200,67,157,67,ccfaaaaeeeeaaea,come,0.5374424457550049,0.1412094086408615,0.3947961270809174,/content/outputs/inference/answersheet/model_finetune_640_results/res_3d1545c1d64eacb0a38cf1dd4978c21f_jpg_5.pkl
72,232,122,244,74,232,121,232,121,243,74,243,ssotaeeeeff,sale,0.6558074951171875,0.2418587946078994,0.5373167634010315,/content/outputs/inference/answersheet/model_finetune_640_results/res_3d1545c1d64eacb0a38cf1dd4978c21f_jpg_6.pkl
203,223,245,233,203,223,244,223,244,232,203,232,paaaett,pate,0.6595414876937866,0.41698253580502104,0.5474245399236679,/content/outputs/inference/answersheet/model_finetune_640_results/res_3d1545c1d64eacb0a38cf1dd4978c21f_jpg_7.pkl
245,232,349,244,251,232,348,232,348,243,251,243,reeeeeeee,conders,0.8041077256202698,0.2859267302685314,0.4642933923751116,/content/outputs/inference/answersheet/model_finetune_640_results/res_3d1545c1d64eacb0a38cf1dd4978c21f_jpg_8.pkl
70,223,120,233,70,223,119,223,119,232,70,232,oaeoaadttreeee,offee,0.8122044801712036,0.1425704945411001,0.5523565287391344,/content/outputs/inference/answersheet/model_finetune_640_results/res_3d1545c1d64eacb0a38cf1dd4978c21f_jpg_9.pkl
133,32,237,45,133,32,236,32,236,44,133,44,aeeneeeeeeaaafkkoeee,collection,0.5298884510993958,0.19646769985556603,0.5277148349718614,/content/outputs/inference/answersheet/model_finetune_640_results/res_3d1545c1d64eacb0a38cf1dd4978c21f_jpg_10.pkl
112,9,271,23,121,11,270,11,270,22,121,22,geeeeeeeeeee,come,0.6044600009918213,0.2373060453683138,0.3640684485435486,/content/outputs/inference/answersheet/model_finetune_640_results/res_3d1545c1d64eacb0a38cf1dd4978c21f_jpg_11.pkl
117,233,145,244,117,233,144,233,144,243,117,243,eofaaaleeeee,from,0.5659803152084351,0.2610771482189496,0.6575285375118256,/content/outputs/inference/answersheet/model_finetune_640_results/res_3d1545c1d64eacb0a38cf1dd4978c21f_jpg_12.pkl
168,152,295,167,168,152,294,152,294,166,168,166,gsfatrraeeataeee,from,0.6256169676780701,0.1930006709881127,0.5712026193737983,/content/outputs/inference/answersheet/model_finetune_640_results/res_3d1545c1d64eacb0a38cf1dd4978c21f_jpg_13.pkl
110,199,150,210,110,199,149,199,149,209,110,209,fffffffeeooresssss,sale,0.6620457172393799,0.19905217943920028,0.4739357277750969,/content/outputs/inference/answersheet/model_finetune_640_results/res_3d1545c1d64eacb0a38cf1dd4978c21f_jpg_14.pkl
72,225,97,233,72,225,96,225,96,232,72,232,ffateeoeooo,off,0.5894355773925781,0.1687971739606424,0.40544468536973,/content/outputs/inference/answersheet/model_finetune_640_results/res_3d1545c1d64eacb0a38cf1dd4978c21f_jpg_15.pkl
255,228,353,237,261,228,352,228,352,236,261,236,fceopppredaaeeneee,coffee,0.5957760214805603,0.1441410750978523,0.46726316639355253,/content/outputs/inference/answersheet/model_finetune_640_results/res_3d1545c1d64eacb0a38cf1dd4978c21f_jpg_16.pkl
31,188,152,200,37,188,149,188,149,199,37,199,ppaaaeseeeaao,date,0.5763893723487854,0.20562996084873492,0.6207320094108582,/content/outputs/inference/answersheet/model_finetune_640_results/res_3d1545c1d64eacb0a38cf1dd4978c21f_jpg_17.pkl
122,225,158,235,122,225,157,225,157,234,122,234,foaeeeeeeeeeeeeee,from,0.6696416735649109,0.4335506470764385,0.6393260881304741,/content/outputs/inference/answersheet/model_finetune_640_results/res_3d1545c1d64eacb0a38cf1dd4978c21f_jpg_18.pkl
37,222,71,235,37,222,70,222,70,234,37,234,toottitttaeea,the,0.7463139891624451,0.21261957402412707,0.6878323778510094,/content/outputs/inference/answersheet/model_finetune_640_results/res_3d1545c1d64eacb0a38cf1dd4978c21f_jpg_19.pkl
224,132,294,145,224,132,293,132,293,144,224,144,ttoeeedde,you,0.5007174015045166,0.29389508068561554,0.5411656238138676,/content/outputs/inference/answersheet/model_finetune_640_results/res_3d1545c1d64eacb0a38cf1dd4978c21f_jpg_20.pkl
168,224,199,234,168,224,198,224,198,233,168,233,aaaloeooooooeeeeeeeeeeeeee,the,0.6849580407142639,0.22913840183844933,0.6141749750822783,/content/outputs/inference/answersheet/model_finetune_640_results/res_3d1545c1d64eacb0a38cf1dd4978c21f_jpg_21.pkl
214,76,281,88,214,76,280,76,280,87,214,87,teeaoe,from,0.6321458220481873,0.2099945234755675,0.5695457860827446,/content/outputs/inference/answersheet/model_finetune_640_results/res_3d1545c1d64eacb0a38cf1dd4978c21f_jpg_22.pkl
170,132,271,145,173,132,269,132,269,143,173,143,yydtftaaeeeaaatoee,the,0.5171974897384644,0.18627819336122936,0.33681419864296913,/content/outputs/inference/answersheet/model_finetune_640_results/res_3d1545c1d64eacb0a38cf1dd4978c21f_jpg_23.pkl
167,188,263,202,171,188,262,188,262,201,171,201,caaeaeod,come,0.601856529712677,0.30229019932448864,0.3721003532409668,/content/outputs/inference/answersheet/model_finetune_640_results/res_3d1545c1d64eacb0a38cf1dd4978c21f_jpg_24.pkl
231,134,254,144,231,134,253,134,253,143,231,143,taaeooee,you,0.5082501173019409,0.2593063935637474,0.7285118252038956,/content/outputs/inference/answersheet/model_finetune_640_results/res_3d1545c1d64eacb0a38cf1dd4978c21f_jpg_25.pkl
39,226,73,244,41,226,72,226,72,243,41,243,htftftfttttthhhihtaeeaeeee,the,0.6677413582801819,0.2296917914197995,0.7392477765679359,/content/outputs/inference/answersheet/model_finetune_640_results/res_3d1545c1d64eacb0a38cf1dd4978c21f_jpg_26.pkl
