249,185,312,201,249,185,311,185,311,200,249,200,geiaeee,greads,0.6935656666755676,0.26327742849077496,0.4667585364409855,/content/outputs/inference/answersheet/model_finetune_640_results/res_99b26e638a4b316f1d6d32b72673d906_jpg_0.pkl
214,151,271,166,214,151,270,151,270,165,214,165,aae,lines,0.600337028503418,0.2044179985920588,0.5957747772336006,/content/outputs/inference/answersheet/model_finetune_640_results/res_99b26e638a4b316f1d6d32b72673d906_jpg_1.pkl
197,74,247,88,197,74,246,74,246,87,197,87,esattttthhheeee,from,0.5947632193565369,0.28352317412694295,0.6179050840437412,/content/outputs/inference/answersheet/model_finetune_640_results/res_99b26e638a4b316f1d6d32b72673d906_jpg_2.pkl
203,18,288,32,203,18,286,18,286,30,203,30,steeeaae,barking,0.509964108467102,0.16334285400807858,0.4970828481018543,/content/outputs/inference/answersheet/model_finetune_640_results/res_99b26e638a4b316f1d6d32b72673d906_jpg_3.pkl
167,151,214,163,167,151,213,151,213,162,167,162,aaaeee,teamse,0.6305155158042908,0.3006090621153514,0.42010835664612906,/content/outputs/inference/answersheet/model_finetune_640_results/res_99b26e638a4b316f1d6d32b72673d906_jpg_4.pkl
258,53,310,67,258,53,309,53,309,66,258,66,eeeeeeaaaeeeeetnntneeee,come,0.5850553512573242,0.1322090687311214,0.3232933789491653,/content/outputs/inference/answersheet/model_finetune_640_results/res_99b26e638a4b316f1d6d32b72673d906_jpg_5.pkl
165,47,215,61,165,47,214,47,214,60,165,60,ydprrpeeoooooaaaseeeeeeeeeeeetetttttteeee,organe,0.5573171377182007,0.21239883089210929,0.3671742539320673,/content/outputs/inference/answersheet/model_finetune_640_results/res_99b26e638a4b316f1d6d32b72673d906_jpg_6.pkl
320,21,369,32,320,21,368,21,368,31,320,31,a,brice,0.6752030849456787,0.09945396333932877,0.38108146438996,/content/outputs/inference/answersheet/model_finetune_640_results/res_99b26e638a4b316f1d6d32b72673d906_jpg_7.pkl
181,131,252,142,181,131,248,131,248,141,181,141,ccppdeeeeeeee,sender,0.7186970114707947,0.2377184950388395,0.5390790509326118,/content/outputs/inference/answersheet/model_finetune_640_results/res_99b26e638a4b316f1d6d32b72673d906_jpg_8.pkl
251,44,314,55,251,44,313,44,313,54,251,54,eaeieeeeee,messageid,0.5311054587364197,0.32077042013406754,0.6166938826441765,/content/outputs/inference/answersheet/model_finetune_640_results/res_99b26e638a4b316f1d6d32b72673d906_jpg_9.pkl
220,43,244,54,220,43,243,43,243,53,220,53,aseeeeeedddddd,and,0.7652990221977234,0.16049126801746233,0.527541272342205,/content/outputs/inference/answersheet/model_finetune_640_results/res_99b26e638a4b316f1d6d32b72673d906_jpg_10.pkl
152,74,199,86,152,74,198,74,198,85,152,85,ypefeeeeeeee,from,0.5822332501411438,0.2179435503979524,0.5727940365672112,/content/outputs/inference/answersheet/model_finetune_640_results/res_99b26e638a4b316f1d6d32b72673d906_jpg_11.pkl
206,20,231,30,206,20,230,20,230,29,206,29,dfteeeee,but,0.5576030015945435,0.3223799793049693,0.49367111548781395,/content/outputs/inference/answersheet/model_finetune_640_results/res_99b26e638a4b316f1d6d32b72673d906_jpg_12.pkl
294,32,319,41,294,32,318,32,318,40,294,40,ss,from,0.7624261975288391,0.12932805344462395,0.6463405668735505,/content/outputs/inference/answersheet/model_finetune_640_results/res_99b26e638a4b316f1d6d32b72673d906_jpg_13.pkl
168,151,270,167,168,151,269,151,269,166,168,166,oaeaaaae,from,0.503842294216156,0.17762206960469484,0.4055919677019119,/content/outputs/inference/answersheet/model_finetune_640_results/res_99b26e638a4b316f1d6d32b72673d906_jpg_14.pkl
39,14,226,33,39,14,216,14,216,32,39,32,apaosssser,repersity,0.632193386554718,0.17381556406617166,0.4960100643336773,/content/outputs/inference/answersheet/model_finetune_640_results/res_99b26e638a4b316f1d6d32b72673d906_jpg_15.pkl
117,71,253,88,117,71,250,71,250,87,117,87,srrneeeeeeseete,from,0.5434579849243164,0.18719483961661657,0.5304489031434059,/content/outputs/inference/answersheet/model_finetune_640_results/res_99b26e638a4b316f1d6d32b72673d906_jpg_16.pkl
