231,241,293,254,231,241,292,241,292,253,231,253,ergdeeed,refored,0.6655644774436951,0.24722840916365385,0.48821100033819675,/content/outputs/inference/answersheet/model_finetune_640_results/res_07193a67afbf641fb76ca375c39886fa_jpg_0.pkl
73,266,119,280,73,268,117,268,117,278,73,278,aaaaaaarssee,shop,0.6465597748756409,0.26346560443441075,0.5767188847064972,/content/outputs/inference/answersheet/model_finetune_640_results/res_07193a67afbf641fb76ca375c39886fa_jpg_1.pkl
186,153,206,163,186,153,205,153,205,162,186,162,kkepppooyyyyyyyyyy,you,0.6686614751815796,0.15831625213225684,0.6474326187744737,/content/outputs/inference/answersheet/model_finetune_640_results/res_07193a67afbf641fb76ca375c39886fa_jpg_2.pkl
197,345,214,354,197,345,213,345,213,353,197,353,t44aeoooed,to,0.545265793800354,0.14824918881058693,0.5143384039402008,/content/outputs/inference/answersheet/model_finetune_640_results/res_07193a67afbf641fb76ca375c39886fa_jpg_3.pkl
232,363,253,374,232,363,252,363,252,373,232,373,ttt4da1111tditttdtddddddd7ddpdde,47,0.9293204545974731,0.24329786002635956,0.42291660606861115,/content/outputs/inference/answersheet/model_finetune_640_results/res_07193a67afbf641fb76ca375c39886fa_jpg_4.pkl
304,60,355,75,304,62,354,62,354,74,304,74,tttgddsfsneeeeeeyuy,sender,0.5154516100883484,0.1737540274074203,0.5226656794548035,/content/outputs/inference/answersheet/model_finetune_640_results/res_07193a67afbf641fb76ca375c39886fa_jpg_5.pkl
221,219,243,230,221,219,242,219,242,229,221,229,t4ssyyyy,45,0.8246031403541565,0.19454672932624817,0.39726803700129193,/content/outputs/inference/answersheet/model_finetune_640_results/res_07193a67afbf641fb76ca375c39886fa_jpg_6.pkl
219,330,234,339,219,330,233,330,233,338,219,338,fpopooo777aa,apr,0.5509149432182312,0.1619631281743447,0.5754631273448467,/content/outputs/inference/answersheet/model_finetune_640_results/res_07193a67afbf641fb76ca375c39886fa_jpg_7.pkl
265,40,353,53,269,40,350,40,350,52,269,52,bbraeadrrrttt,breading,0.7247177958488464,0.1103868564734092,0.44726377063327366,/content/outputs/inference/answersheet/model_finetune_640_results/res_07193a67afbf641fb76ca375c39886fa_jpg_8.pkl
201,264,221,274,201,264,220,264,220,273,201,273,ffffftfrnnneeee,the,0.624443769454956,0.3497049977382024,0.6729293689131737,/content/outputs/inference/answersheet/model_finetune_640_results/res_07193a67afbf641fb76ca375c39886fa_jpg_9.pkl
176,222,196,232,176,222,195,222,195,231,176,231,ooo,for,0.6550735235214233,0.19749181965986887,0.7513195015490055,/content/outputs/inference/answersheet/model_finetune_640_results/res_07193a67afbf641fb76ca375c39886fa_jpg_10.pkl
211,42,270,54,213,44,266,40,267,50,214,54,aallddeeret,parking,0.586870014667511,0.11603572896935722,0.47178345173597336,/content/outputs/inference/answersheet/model_finetune_640_results/res_07193a67afbf641fb76ca375c39886fa_jpg_11.pkl
230,282,251,294,230,282,250,282,250,293,230,293,tttttaaaaaalaahatpppp,apr,0.6557098031044006,0.1864712316365469,0.6306423228234053,/content/outputs/inference/answersheet/model_finetune_640_results/res_07193a67afbf641fb76ca375c39886fa_jpg_12.pkl
202,305,247,319,202,307,245,304,246,316,202,319,ttoyoyyyyyonawaainn,the,0.6246224045753479,0.20689076224440023,0.47018058970570564,/content/outputs/inference/answersheet/model_finetune_640_results/res_07193a67afbf641fb76ca375c39886fa_jpg_13.pkl
70,199,120,210,70,199,119,199,119,209,70,209,sssaaaeeee,sale,0.5337641835212708,0.23822127059102058,0.5206262409687042,/content/outputs/inference/answersheet/model_finetune_640_results/res_07193a67afbf641fb76ca375c39886fa_jpg_14.pkl
193,198,215,208,193,198,214,198,214,207,193,207,gioooooooooooeedde,off,0.6762984395027161,0.120346423652437,0.5332488548010588,/content/outputs/inference/answersheet/model_finetune_640_results/res_07193a67afbf641fb76ca375c39886fa_jpg_15.pkl
149,44,194,55,151,44,192,44,192,53,151,53,tooeaaaeeaaaae,the,0.5621291399002075,0.16779916839940207,0.3626381289213896,/content/outputs/inference/answersheet/model_finetune_640_results/res_07193a67afbf641fb76ca375c39886fa_jpg_16.pkl
311,51,360,64,311,51,359,51,359,63,311,63,yyaaar,from,0.6513642072677612,0.18440516168872514,0.5691100418567657,/content/outputs/inference/answersheet/model_finetune_640_results/res_07193a67afbf641fb76ca375c39886fa_jpg_17.pkl
268,51,293,60,268,51,292,51,292,59,268,59,yybyhheheenotd,from,0.6005508303642273,0.12449821404048375,0.555662102997303,/content/outputs/inference/answersheet/model_finetune_640_results/res_07193a67afbf641fb76ca375c39886fa_jpg_18.pkl
184,287,205,296,184,287,204,287,204,295,184,295,gtttttttiti,get,0.6831579208374023,0.13908657363869928,0.5452949777245522,/content/outputs/inference/answersheet/model_finetune_640_results/res_07193a67afbf641fb76ca375c39886fa_jpg_19.pkl
287,307,343,319,287,307,341,307,341,317,287,317,beeeoooseall,bighool,0.8541481494903564,0.2321334003160397,0.5426454283297062,/content/outputs/inference/answersheet/model_finetune_640_results/res_07193a67afbf641fb76ca375c39886fa_jpg_20.pkl
161,386,178,396,163,386,177,386,177,395,163,395,oy99y9y,to,0.6897826790809631,0.1179807015827724,0.5948687791824341,/content/outputs/inference/answersheet/model_finetune_640_results/res_07193a67afbf641fb76ca375c39886fa_jpg_21.pkl
