249,236,309,249,249,236,308,236,308,248,249,248,daadd,date,0.5565493106842041,0.23562363982200624,0.5549990713596344,/content/outputs/inference/answersheet/model_finetune_640_results/res_6a09883341f3cb80a19cdc04f15634cf_jpg_0.pkl
301,13,360,27,301,13,359,13,359,26,301,26,anneaeeaeete,from,0.6401596069335938,0.1490806539853414,0.6326759919524193,/content/outputs/inference/answersheet/model_finetune_640_results/res_6a09883341f3cb80a19cdc04f15634cf_jpg_1.pkl
119,113,196,128,119,113,194,113,194,126,119,126,ossfontaeee,from,0.5486761927604675,0.1535549597306685,0.5337791740894318,/content/outputs/inference/answersheet/model_finetune_640_results/res_6a09883341f3cb80a19cdc04f15634cf_jpg_2.pkl
235,14,303,27,235,14,300,14,300,26,235,26,eeeessgeeeeeeeeee,compers,0.5967326760292053,0.14556267463109074,0.3777643237262964,/content/outputs/inference/answersheet/model_finetune_640_results/res_6a09883341f3cb80a19cdc04f15634cf_jpg_3.pkl
192,15,213,25,192,15,212,15,212,24,192,24,otttoneeeeeee,the,0.551771342754364,0.12518110527442053,0.6284564323723316,/content/outputs/inference/answersheet/model_finetune_640_results/res_6a09883341f3cb80a19cdc04f15634cf_jpg_4.pkl
294,77,323,95,294,77,322,77,322,94,294,94,111o9d,the,0.6602905988693237,0.12438193087776502,0.6091857422143221,/content/outputs/inference/answersheet/model_finetune_640_results/res_6a09883341f3cb80a19cdc04f15634cf_jpg_5.pkl
324,59,362,70,324,59,361,59,361,69,324,69,sssemmmnnn,from,0.503915548324585,0.12460047453641891,0.565011802315712,/content/outputs/inference/answersheet/model_finetune_640_results/res_6a09883341f3cb80a19cdc04f15634cf_jpg_6.pkl
181,278,261,293,181,278,260,278,260,292,181,292,yyyyeeeaaeeeeeee,messageid,0.5239140391349792,0.20607756217941642,0.6450473308563233,/content/outputs/inference/answersheet/model_finetune_640_results/res_6a09883341f3cb80a19cdc04f15634cf_jpg_7.pkl
156,250,263,272,156,250,262,250,262,271,156,271,eeeeraeaeaetteeeeeeeee,compers,0.6079798340797424,0.16952960125424646,0.3845550902187824,/content/outputs/inference/answersheet/model_finetune_640_results/res_6a09883341f3cb80a19cdc04f15634cf_jpg_8.pkl
134,272,264,295,134,275,262,272,263,292,134,296,tedstesaadeaeaaeaeee,compersity,0.5856537222862244,0.13840226642787457,0.4549350941723043,/content/outputs/inference/answersheet/model_finetune_640_results/res_6a09883341f3cb80a19cdc04f15634cf_jpg_9.pkl
45,17,74,26,45,17,73,17,73,25,45,25,aeaaathteeeee,more,0.6508482098579407,0.1166888102889061,0.5001194804906846,/content/outputs/inference/answersheet/model_finetune_640_results/res_6a09883341f3cb80a19cdc04f15634cf_jpg_10.pkl
43,16,98,27,45,16,96,16,96,25,45,25,eaeteeesaaaa,from,0.6802294254302979,0.1199259019146363,0.6165493607521058,/content/outputs/inference/answersheet/model_finetune_640_results/res_6a09883341f3cb80a19cdc04f15634cf_jpg_11.pkl
89,26,112,36,89,26,111,26,111,35,89,35,yaas,the,0.5399863719940186,0.1542642079293728,0.5925950147211552,/content/outputs/inference/answersheet/model_finetune_640_results/res_6a09883341f3cb80a19cdc04f15634cf_jpg_12.pkl
172,257,257,269,172,257,256,257,256,268,172,268,eroaeeaalledeeee,breads,0.6542347073554993,0.1823245813138783,0.3915022015571594,/content/outputs/inference/answersheet/model_finetune_640_results/res_6a09883341f3cb80a19cdc04f15634cf_jpg_13.pkl
170,251,255,263,170,251,254,251,254,262,170,262,teooaeaaatatttteae,come,0.5037958025932312,0.16510208447774252,0.3258765399456024,/content/outputs/inference/answersheet/model_finetune_640_results/res_6a09883341f3cb80a19cdc04f15634cf_jpg_14.pkl
72,257,146,271,72,257,145,257,145,270,72,270,aarssssyysysseaft,and,0.5053365230560303,0.19902238863355973,0.4032712746411562,/content/outputs/inference/answersheet/model_finetune_640_results/res_6a09883341f3cb80a19cdc04f15634cf_jpg_15.pkl
183,173,242,188,183,173,241,173,241,187,183,187,otddttodeee,come,0.5286045074462891,0.22321675175970251,0.4487897023558617,/content/outputs/inference/answersheet/model_finetune_640_results/res_6a09883341f3cb80a19cdc04f15634cf_jpg_16.pkl
305,15,330,26,305,15,329,15,329,25,305,25,ttttttoaaaaannneeeeee,from,0.5213567018508911,0.12709432769389378,0.6761329010128975,/content/outputs/inference/answersheet/model_finetune_640_results/res_6a09883341f3cb80a19cdc04f15634cf_jpg_17.pkl
72,280,139,293,72,280,138,280,138,292,72,292,ssatasees,sale,0.5256090760231018,0.15659035162793267,0.3534764990210533,/content/outputs/inference/answersheet/model_finetune_640_results/res_6a09883341f3cb80a19cdc04f15634cf_jpg_18.pkl
174,140,191,147,174,140,190,140,190,146,174,146,ttdohhh,for,0.5085652470588684,0.18860452409301484,0.657346673309803,/content/outputs/inference/answersheet/model_finetune_640_results/res_6a09883341f3cb80a19cdc04f15634cf_jpg_19.pkl
199,162,217,169,199,162,216,162,216,168,199,168,ff44edeeeeeattttti,for,0.7643783688545227,0.1343279778957367,0.6140997000038624,/content/outputs/inference/answersheet/model_finetune_640_results/res_6a09883341f3cb80a19cdc04f15634cf_jpg_20.pkl
