126,34,179,46,126,34,177,34,177,44,126,44,ttaaattnnttiiiiaeeeeyyy,sale,0.7161405086517334,0.2775307773895886,0.44726338386535647,/content/outputs/inference/answersheet/model_finetune_640_results/res_9d948ae89fbf5f187e40bf4e5374cb3b_jpg_0.pkl
84,25,131,35,86,25,130,25,130,34,86,34,ghiileeeeeee,great,0.8411538004875183,0.23564829428990683,0.40999030073483783,/content/outputs/inference/answersheet/model_finetune_640_results/res_9d948ae89fbf5f187e40bf4e5374cb3b_jpg_1.pkl
130,24,179,36,132,24,178,24,178,35,132,35,lallielliiteyyyyyyytyyt,brity,0.7324270606040955,0.31486266333123913,0.4142741672694683,/content/outputs/inference/answersheet/model_finetune_640_results/res_9d948ae89fbf5f187e40bf4e5374cb3b_jpg_2.pkl
192,62,211,71,192,62,210,62,210,70,192,70,44t4444444443ddddddddddddddddd4ddddddd,42,0.7879818081855774,0.25798237539435687,0.4621332585811615,/content/outputs/inference/answersheet/model_finetune_640_results/res_9d948ae89fbf5f187e40bf4e5374cb3b_jpg_3.pkl
160,46,180,57,160,46,177,46,177,56,160,56,kkkkeeeeoee,ko,0.7103917598724365,0.22699695148251273,0.5450304547945658,/content/outputs/inference/answersheet/model_finetune_640_results/res_9d948ae89fbf5f187e40bf4e5374cb3b_jpg_4.pkl
83,155,152,169,83,155,151,155,151,168,83,168,faaaaannnanfcatp,sender,0.5235434174537659,0.2311667026951909,0.5516886455672128,/content/outputs/inference/answersheet/model_finetune_640_results/res_9d948ae89fbf5f187e40bf4e5374cb3b_jpg_5.pkl
200,159,217,167,200,159,216,159,216,166,200,166,toy,to,0.6419553756713867,0.4023864467938741,0.6832293570041656,/content/outputs/inference/answersheet/model_finetune_640_results/res_9d948ae89fbf5f187e40bf4e5374cb3b_jpg_6.pkl
309,202,335,211,309,202,334,202,334,210,309,210,ttttthhhhheeaaaaadde,that,0.6982744932174683,0.23825060911476612,0.7010723114013672,/content/outputs/inference/answersheet/model_finetune_640_results/res_9d948ae89fbf5f187e40bf4e5374cb3b_jpg_7.pkl
227,78,245,89,227,78,244,78,244,88,227,88,l111l111111eeooddoddddd,to,0.7396804690361023,0.37984123826026917,0.7592531442642212,/content/outputs/inference/answersheet/model_finetune_640_results/res_9d948ae89fbf5f187e40bf4e5374cb3b_jpg_8.pkl
168,234,192,247,168,234,191,234,191,246,168,246,4444a4a10072799o,to,0.8145672082901001,0.1780648618005216,0.36501046145955723,/content/outputs/inference/answersheet/model_finetune_640_results/res_9d948ae89fbf5f187e40bf4e5374cb3b_jpg_9.pkl
124,157,180,170,124,157,178,157,178,168,124,168,acattaanvtteeeest,date,0.5750507712364197,0.21624439341180465,0.5216072775423527,/content/outputs/inference/answersheet/model_finetune_640_results/res_9d948ae89fbf5f187e40bf4e5374cb3b_jpg_10.pkl
179,170,211,181,179,170,210,170,210,180,179,180,gafate,from,0.5166994333267212,0.19743648916482925,0.5702819898724556,/content/outputs/inference/answersheet/model_finetune_640_results/res_9d948ae89fbf5f187e40bf4e5374cb3b_jpg_11.pkl
225,23,266,34,225,23,265,23,265,33,225,33,tttaaatd,from,0.5583537220954895,0.17185667715966702,0.662499375641346,/content/outputs/inference/answersheet/model_finetune_640_results/res_9d948ae89fbf5f187e40bf4e5374cb3b_jpg_12.pkl
268,200,291,211,268,200,290,200,290,210,268,210,eeeaeeeeeee,the,0.508436381816864,0.32019501247189264,0.5219887122511864,/content/outputs/inference/answersheet/model_finetune_640_results/res_9d948ae89fbf5f187e40bf4e5374cb3b_jpg_13.pkl
230,170,255,178,230,170,254,170,254,177,230,177,aahhhtt,sender,0.5338782668113708,0.08848979749849864,0.4883354391370501,/content/outputs/inference/answersheet/model_finetune_640_results/res_9d948ae89fbf5f187e40bf4e5374cb3b_jpg_14.pkl
78,24,181,37,85,24,179,24,179,35,85,35,giiiieaeeiesyyyyt,coffee,0.6268958449363708,0.2421105740701451,0.43087110029799597,/content/outputs/inference/answersheet/model_finetune_640_results/res_9d948ae89fbf5f187e40bf4e5374cb3b_jpg_15.pkl
195,22,216,32,195,22,215,22,215,31,195,31,aaannhhe,the,0.6100826263427734,0.17707257252186537,0.7191767115145922,/content/outputs/inference/answersheet/model_finetune_640_results/res_9d948ae89fbf5f187e40bf4e5374cb3b_jpg_16.pkl
226,189,259,198,226,189,258,189,258,197,226,197,fffttkktrteeee,from,0.7429370284080505,0.1942053809762001,0.4793622374534607,/content/outputs/inference/answersheet/model_finetune_640_results/res_9d948ae89fbf5f187e40bf4e5374cb3b_jpg_17.pkl
148,91,163,98,148,91,162,91,162,97,148,97,ttttttttsssaaasaaaaaha9shhhhhhhyyy,the,0.5342978239059448,0.2903746127644006,0.6512463130056858,/content/outputs/inference/answersheet/model_finetune_640_results/res_9d948ae89fbf5f187e40bf4e5374cb3b_jpg_18.pkl
268,189,291,198,268,189,290,189,290,197,268,197,feaa,from,0.6617871522903442,0.13290823064744473,0.6642497777938843,/content/outputs/inference/answersheet/model_finetune_640_results/res_9d948ae89fbf5f187e40bf4e5374cb3b_jpg_19.pkl
293,187,347,198,293,187,346,187,346,197,293,197,eaeetttta,from,0.6884669661521912,0.23167769693666035,0.5337170042097569,/content/outputs/inference/answersheet/model_finetune_640_results/res_9d948ae89fbf5f187e40bf4e5374cb3b_jpg_20.pkl
150,258,171,269,150,258,170,258,170,268,150,268,ffffffoeeot,for,0.5519967675209045,0.31794893538410013,0.5883775353431702,/content/outputs/inference/answersheet/model_finetune_640_results/res_9d948ae89fbf5f187e40bf4e5374cb3b_jpg_21.pkl
157,159,178,167,157,159,177,159,177,166,157,166,nvttttttttaaeeee,the,0.6640716195106506,0.2883079396560788,0.6285505294799805,/content/outputs/inference/answersheet/model_finetune_640_results/res_9d948ae89fbf5f187e40bf4e5374cb3b_jpg_22.pkl
144,70,159,79,144,70,158,70,158,78,144,78,o00001,of,0.6618844270706177,0.1579487013320128,0.5902664661407471,/content/outputs/inference/answersheet/model_finetune_640_results/res_9d948ae89fbf5f187e40bf4e5374cb3b_jpg_23.pkl
185,83,205,92,185,83,204,83,204,91,185,91,fffffff444f4fffttthhttthhtthhhhehhb4oossysyss,for,0.842924177646637,0.3163513335916731,0.7197602204978466,/content/outputs/inference/answersheet/model_finetune_640_results/res_9d948ae89fbf5f187e40bf4e5374cb3b_jpg_24.pkl
210,190,227,198,210,190,226,190,226,197,210,197,fffaaaa,from,0.532196044921875,0.27265026952539173,0.6776884257793426,/content/outputs/inference/answersheet/model_finetune_640_results/res_9d948ae89fbf5f187e40bf4e5374cb3b_jpg_25.pkl
252,167,310,178,254,167,309,167,309,177,254,177,dffe,from,0.5137709975242615,0.1483633778989315,0.5693729743361473,/content/outputs/inference/answersheet/model_finetune_640_results/res_9d948ae89fbf5f187e40bf4e5374cb3b_jpg_26.pkl
79,33,179,47,79,33,178,33,178,46,79,46,appeeeeaaaamiaeee,apration,0.5451992750167847,0.2270699704394621,0.49851492544015247,/content/outputs/inference/answersheet/model_finetune_640_results/res_9d948ae89fbf5f187e40bf4e5374cb3b_jpg_27.pkl
277,166,308,177,277,166,307,166,307,176,277,176,defeffeeeee,from,0.5607739686965942,0.19259470972147855,0.5995626389980316,/content/outputs/inference/answersheet/model_finetune_640_results/res_9d948ae89fbf5f187e40bf4e5374cb3b_jpg_28.pkl
