44,362,104,376,44,362,103,362,103,375,44,375,alllaaaaaiieteeeeee,reading,0.6191225647926331,0.21788077997533897,0.4392397734336555,/content/outputs/inference/answersheet/model_finetune_640_results/res_98af28003f7663954a7e65c566547786_jpg_0.pkl
96,322,138,337,96,322,137,322,137,336,96,336,ftaaadleaeehheee,from,0.7025910019874573,0.14595299400389194,0.6011090368032456,/content/outputs/inference/answersheet/model_finetune_640_results/res_98af28003f7663954a7e65c566547786_jpg_1.pkl
364,363,414,375,364,363,413,363,413,374,364,374,stsssaaottddddd,your,0.6814866065979004,0.209444892903169,0.5326134502887726,/content/outputs/inference/answersheet/model_finetune_640_results/res_98af28003f7663954a7e65c566547786_jpg_2.pkl
166,272,209,288,166,272,208,272,208,287,166,287,ttttteeyeed,from,0.5639908909797668,0.25738116150552576,0.5920384109020234,/content/outputs/inference/answersheet/model_finetune_640_results/res_98af28003f7663954a7e65c566547786_jpg_3.pkl
275,74,317,87,275,74,316,74,316,86,275,86,eefsd,sender,0.5311397910118103,0.19267979115247727,0.483769029378891,/content/outputs/inference/answersheet/model_finetune_640_results/res_98af28003f7663954a7e65c566547786_jpg_4.pkl
50,321,92,335,50,321,90,321,90,333,50,333,daaaaahhhee,price,0.5402840375900269,0.16573551364920355,0.38376372555891675,/content/outputs/inference/answersheet/model_finetune_640_results/res_98af28003f7663954a7e65c566547786_jpg_5.pkl
266,120,288,129,266,120,285,120,285,128,266,128,hhhhhehteheeeeeee,the,0.6019968390464783,0.13445270675070145,0.6053867414593697,/content/outputs/inference/answersheet/model_finetune_640_results/res_98af28003f7663954a7e65c566547786_jpg_6.pkl
113,266,135,277,113,266,134,266,134,274,113,274,nnn,homed,0.6979736685752869,0.08962693562110265,0.40245988592505455,/content/outputs/inference/answersheet/model_finetune_640_results/res_98af28003f7663954a7e65c566547786_jpg_7.pkl
225,72,262,88,225,72,261,72,261,87,225,87,tgrrassss,lines,0.6811797618865967,0.2084432194630305,0.540106492737929,/content/outputs/inference/answersheet/model_finetune_640_results/res_98af28003f7663954a7e65c566547786_jpg_8.pkl
104,117,123,129,104,117,122,117,122,128,104,128,tttteeeee,the,0.6513444781303406,0.42647818227608997,0.7634787261486053,/content/outputs/inference/answersheet/model_finetune_640_results/res_98af28003f7663954a7e65c566547786_jpg_9.pkl
49,119,94,132,49,119,90,119,90,129,49,129,ddaa,date,0.6550460457801819,0.16513807885348797,0.5501255631446839,/content/outputs/inference/answersheet/model_finetune_640_results/res_98af28003f7663954a7e65c566547786_jpg_10.pkl
179,195,228,208,179,195,227,195,227,207,179,207,aaaaaatltdttt,subject,0.5546178817749023,0.21644902057372606,0.5914992932230234,/content/outputs/inference/answersheet/model_finetune_640_results/res_98af28003f7663954a7e65c566547786_jpg_11.pkl
344,227,398,243,344,227,397,227,397,242,344,242,ttasa,come,0.6630463600158691,0.11581725031137466,0.278308667242527,/content/outputs/inference/answersheet/model_finetune_640_results/res_98af28003f7663954a7e65c566547786_jpg_12.pkl
336,365,359,376,336,365,358,365,358,375,336,375,aaaaeteeeeee,the,0.6611822843551636,0.18926814136405787,0.5694074109196663,/content/outputs/inference/answersheet/model_finetune_640_results/res_98af28003f7663954a7e65c566547786_jpg_13.pkl
79,208,141,221,79,208,140,208,140,220,79,220,dlltllnee,greader,0.6010361909866333,0.13123684914575684,0.4026176370680332,/content/outputs/inference/answersheet/model_finetune_640_results/res_98af28003f7663954a7e65c566547786_jpg_14.pkl
378,261,415,274,378,261,414,261,414,273,378,273,aassgoaaathhhhee,and,0.6832643151283264,0.20845188898965716,0.42298334650695324,/content/outputs/inference/answersheet/model_finetune_640_results/res_98af28003f7663954a7e65c566547786_jpg_15.pkl
360,276,380,286,360,276,379,276,379,285,360,285,aaaasassaasatettttrrtttttrtterrtttttttttttttttttttt,sale,0.5407939553260803,0.1865647290559376,0.5402780547738075,/content/outputs/inference/answersheet/model_finetune_640_results/res_98af28003f7663954a7e65c566547786_jpg_16.pkl
57,384,123,396,60,384,122,384,122,395,60,395,foeeeeeeeeeeeeeettna,from,0.5434478521347046,0.2765761371701956,0.6098540186882019,/content/outputs/inference/answersheet/model_finetune_640_results/res_98af28003f7663954a7e65c566547786_jpg_17.pkl
330,262,378,275,330,262,377,262,377,274,330,274,oefttt,from,0.5679630041122437,0.1386333629488945,0.6213811308145523,/content/outputs/inference/answersheet/model_finetune_640_results/res_98af28003f7663954a7e65c566547786_jpg_18.pkl
63,141,117,152,65,141,113,141,113,150,65,150,tyyyysaeeeeeeeeeeeee,some,0.5828561186790466,0.154679661616683,0.45266280323266983,/content/outputs/inference/answersheet/model_finetune_640_results/res_98af28003f7663954a7e65c566547786_jpg_19.pkl
108,165,129,174,108,165,128,165,128,173,108,173,teetttttttt,from,0.5535398125648499,0.33027798614718695,0.6030164957046509,/content/outputs/inference/answersheet/model_finetune_640_results/res_98af28003f7663954a7e65c566547786_jpg_20.pkl
307,161,379,176,312,161,378,161,378,175,312,175,dddellddeeeeeee,coffee,0.5757983922958374,0.18435130616029102,0.40584381989070345,/content/outputs/inference/answersheet/model_finetune_640_results/res_98af28003f7663954a7e65c566547786_jpg_21.pkl
264,307,285,318,264,307,284,307,284,317,264,317,tttbteeeeeee,from,0.5092004537582397,0.167503135278821,0.7019995510578155,/content/outputs/inference/answersheet/model_finetune_640_results/res_98af28003f7663954a7e65c566547786_jpg_22.pkl
95,263,116,274,95,263,115,263,115,273,95,273,tl,from,0.6572840809822083,0.14201897382736206,0.638186103105545,/content/outputs/inference/answersheet/model_finetune_640_results/res_98af28003f7663954a7e65c566547786_jpg_23.pkl
325,275,350,285,325,275,349,275,349,284,325,284,fhtffaaaoaaaaaaooe,from,0.5637003183364868,0.12316941759652561,0.6588500142097473,/content/outputs/inference/answersheet/model_finetune_640_results/res_98af28003f7663954a7e65c566547786_jpg_24.pkl
57,129,81,139,60,129,80,129,80,136,60,136,ppppppppeoeeestattttta,partial,0.538314163684845,0.21947548098184846,0.45462070032954216,/content/outputs/inference/answersheet/model_finetune_640_results/res_98af28003f7663954a7e65c566547786_jpg_25.pkl
243,131,276,140,243,131,275,131,275,139,243,139,lllgasfahfeeeeeaatattaataaataaaatateeeaye,coffee,0.6454792022705078,0.09583820975044878,0.4902455785444805,/content/outputs/inference/answersheet/model_finetune_640_results/res_98af28003f7663954a7e65c566547786_jpg_26.pkl
350,165,366,174,350,165,365,165,365,173,350,173,tddthhtreeeee,the,0.5561215281486511,0.16087742608327132,0.5028361324220896,/content/outputs/inference/answersheet/model_finetune_640_results/res_98af28003f7663954a7e65c566547786_jpg_27.pkl
59,273,114,287,61,273,113,273,113,286,61,286,eeadyy,sender,0.7318649291992188,0.18416303023695946,0.399541295000485,/content/outputs/inference/answersheet/model_finetune_640_results/res_98af28003f7663954a7e65c566547786_jpg_28.pkl
127,155,150,163,127,155,149,155,149,162,127,162,fffllfhaaaaaaaeaaaaaaaeaadeeeeeeeeeeeeeeeeeeee,from,0.678546130657196,0.16712824352409528,0.6505587816238403,/content/outputs/inference/answersheet/model_finetune_640_results/res_98af28003f7663954a7e65c566547786_jpg_29.pkl
124,363,151,374,124,363,150,363,150,373,124,373,ldeeeeeeeeeeeee,lines,0.5586727261543274,0.3158509055773417,0.6732574502627054,/content/outputs/inference/answersheet/model_finetune_640_results/res_98af28003f7663954a7e65c566547786_jpg_30.pkl
376,285,411,297,376,285,410,285,410,296,376,296,ffantteetee,from,0.6821981072425842,0.20435775342312726,0.6173417150974274,/content/outputs/inference/answersheet/model_finetune_640_results/res_98af28003f7663954a7e65c566547786_jpg_31.pkl
251,274,310,287,255,274,309,274,309,286,255,286,tarddreee,from,0.6277122497558594,0.21267184532350963,0.39889787435531615,/content/outputs/inference/answersheet/model_finetune_640_results/res_98af28003f7663954a7e65c566547786_jpg_32.pkl
244,384,269,394,244,384,268,384,268,393,244,393,tftteeeseeeeeeeeeeeerrt,from,0.5940294861793518,0.14257676867039307,0.5961882770061493,/content/outputs/inference/answersheet/model_finetune_640_results/res_98af28003f7663954a7e65c566547786_jpg_33.pkl
386,175,412,185,386,175,411,175,411,184,386,184,tette,from,0.6912800669670105,0.13687925338745116,0.6525412797927856,/content/outputs/inference/answersheet/model_finetune_640_results/res_98af28003f7663954a7e65c566547786_jpg_34.pkl
77,153,105,162,77,153,104,153,104,161,77,161,fsyyyyaaeeeee,the,0.6107771396636963,0.11321196533166446,0.4316197019070387,/content/outputs/inference/answersheet/model_finetune_640_results/res_98af28003f7663954a7e65c566547786_jpg_35.pkl
301,296,361,308,303,296,360,296,360,307,303,307,llaasesseneeeeee,compers,0.544508159160614,0.26727803982794285,0.3840440148487687,/content/outputs/inference/answersheet/model_finetune_640_results/res_98af28003f7663954a7e65c566547786_jpg_36.pkl
296,363,323,373,296,363,322,363,322,372,296,372,lffotllffteeeeee,from,0.626875638961792,0.21099746506661177,0.5803275525569915,/content/outputs/inference/answersheet/model_finetune_640_results/res_98af28003f7663954a7e65c566547786_jpg_37.pkl
67,142,92,151,67,142,91,142,91,150,67,150,ayssppno,sender,0.5694549679756165,0.146295259706676,0.5387461206742695,/content/outputs/inference/answersheet/model_finetune_640_results/res_98af28003f7663954a7e65c566547786_jpg_38.pkl
307,315,382,329,310,315,381,315,381,328,310,328,fpfpggygggeeddtdhttreaeye,from,0.5709643959999084,0.12299466341733932,0.557733191549778,/content/outputs/inference/answersheet/model_finetune_640_results/res_98af28003f7663954a7e65c566547786_jpg_39.pkl
55,128,105,139,60,128,104,128,104,138,60,138,cesttttaattt,pation,0.5803263187408447,0.20654048708577952,0.4035467377730778,/content/outputs/inference/answersheet/model_finetune_640_results/res_98af28003f7663954a7e65c566547786_jpg_40.pkl
331,263,357,273,331,263,356,263,356,272,331,272,otofftt,from,0.6038464903831482,0.14406706605638778,0.602469864487648,/content/outputs/inference/answersheet/model_finetune_640_results/res_98af28003f7663954a7e65c566547786_jpg_41.pkl
92,262,138,275,92,262,137,262,137,274,92,274,tttthhaahaaaaesaaa,from,0.6142169833183289,0.17275389739208752,0.6392857417464256,/content/outputs/inference/answersheet/model_finetune_640_results/res_98af28003f7663954a7e65c566547786_jpg_42.pkl
302,377,332,385,302,377,331,377,331,384,302,384,phtthhhheeeeeeaa,price,0.5896329879760742,0.11235917592421174,0.40054642657438916,/content/outputs/inference/answersheet/model_finetune_640_results/res_98af28003f7663954a7e65c566547786_jpg_43.pkl
327,362,413,383,329,364,412,364,412,382,329,382,aeasaea,sale,0.5090054273605347,0.166035529758249,0.31007029116153717,/content/outputs/inference/answersheet/model_finetune_640_results/res_98af28003f7663954a7e65c566547786_jpg_44.pkl
