309,220,354,232,309,220,352,220,352,230,309,230,ttteedddddy,from,0.8110741376876831,0.31376799805597827,0.5624493151903153,/content/outputs/inference/answersheet/model_finetune_640_results/res_1d2e00ccbc8b7d0099e999350ab04041_jpg_0.pkl
122,323,157,334,122,323,156,323,156,333,122,333,ahhhe,sale,0.6913312673568726,0.1664278417825699,0.5301324665546417,/content/outputs/inference/answersheet/model_finetune_640_results/res_1d2e00ccbc8b7d0099e999350ab04041_jpg_1.pkl
61,11,129,23,63,11,128,11,128,22,63,22,mnmeeeea,the,0.6317497491836548,0.07777419406920671,0.33904807455837727,/content/outputs/inference/answersheet/model_finetune_640_results/res_1d2e00ccbc8b7d0099e999350ab04041_jpg_2.pkl
259,22,327,33,259,22,326,22,326,32,259,32,aaaeaaaatttaeaeeee,bread,0.6971781849861145,0.17095698664585748,0.36865705251693726,/content/outputs/inference/answersheet/model_finetune_640_results/res_1d2e00ccbc8b7d0099e999350ab04041_jpg_3.pkl
121,219,167,232,121,219,166,219,166,231,121,231,fzann,chang,0.5353894233703613,0.29218429177999494,0.46128223339716595,/content/outputs/inference/answersheet/model_finetune_640_results/res_1d2e00ccbc8b7d0099e999350ab04041_jpg_4.pkl
345,22,374,32,345,22,373,22,373,31,345,31,aaaaa,the,0.6387621760368347,0.20144470334053038,0.5366488583385944,/content/outputs/inference/answersheet/model_finetune_640_results/res_1d2e00ccbc8b7d0099e999350ab04041_jpg_5.pkl
84,268,129,283,84,268,128,268,128,282,84,282,troooao,from,0.7768129706382751,0.1409592479467392,0.6153137415647507,/content/outputs/inference/answersheet/model_finetune_640_results/res_1d2e00ccbc8b7d0099e999350ab04041_jpg_6.pkl
195,22,230,34,195,22,229,22,229,33,195,33,teddee,the,0.7935417890548706,0.22161064048608145,0.5825915187597275,/content/outputs/inference/answersheet/model_finetune_640_results/res_1d2e00ccbc8b7d0099e999350ab04041_jpg_7.pkl
310,322,369,333,310,322,368,322,368,332,310,332,addanaade,and,0.6629101037979126,0.19146968921025595,0.620668176561594,/content/outputs/inference/answersheet/model_finetune_640_results/res_1d2e00ccbc8b7d0099e999350ab04041_jpg_8.pkl
155,25,179,34,155,25,178,25,178,33,155,33,ahneeddedeaaa,and,0.6808903217315674,0.12546809991964927,0.6012935824692249,/content/outputs/inference/answersheet/model_finetune_640_results/res_1d2e00ccbc8b7d0099e999350ab04041_jpg_9.pkl
102,13,126,22,102,13,125,13,125,21,102,21,te,the,0.566188633441925,0.1056489609181881,0.35222407057881355,/content/outputs/inference/answersheet/model_finetune_640_results/res_1d2e00ccbc8b7d0099e999350ab04041_jpg_10.pkl
56,322,97,334,56,322,96,322,96,333,56,333,ataaaaaaaae,the,0.6202619671821594,0.23471639508550818,0.5933027490973473,/content/outputs/inference/answersheet/model_finetune_640_results/res_1d2e00ccbc8b7d0099e999350ab04041_jpg_11.pkl
306,285,355,298,306,285,353,285,353,296,306,296,geagr,gard,0.7031542658805847,0.1410792887210846,0.4183731883764267,/content/outputs/inference/answersheet/model_finetune_640_results/res_1d2e00ccbc8b7d0099e999350ab04041_jpg_12.pkl
174,44,202,55,174,44,201,44,201,54,174,54,teteeee,sale,0.5689115524291992,0.16968628019094467,0.5517618656158447,/content/outputs/inference/answersheet/model_finetune_640_results/res_1d2e00ccbc8b7d0099e999350ab04041_jpg_13.pkl
216,259,257,274,216,259,256,259,256,273,216,273,tfdtt,from,0.5367267727851868,0.12905996888875962,0.5644550532102585,/content/outputs/inference/answersheet/model_finetune_640_results/res_1d2e00ccbc8b7d0099e999350ab04041_jpg_14.pkl
177,324,200,333,177,324,199,324,199,332,177,332,ttteeeeeeeeee,the,0.5838553309440613,0.2956198247579428,0.7417014613747597,/content/outputs/inference/answersheet/model_finetune_640_results/res_1d2e00ccbc8b7d0099e999350ab04041_jpg_15.pkl
382,287,414,299,382,287,413,287,413,298,382,298,tdte,from,0.5063903331756592,0.15434309467673302,0.5781593978404999,/content/outputs/inference/answersheet/model_finetune_640_results/res_1d2e00ccbc8b7d0099e999350ab04041_jpg_16.pkl
113,23,134,31,113,23,133,23,133,30,113,30,aatttttttttttteeeeeeeeeeeeeeeaeeaaeaa,from,0.6287603378295898,0.1939186024907473,0.5861800342798233,/content/outputs/inference/answersheet/model_finetune_640_results/res_1d2e00ccbc8b7d0099e999350ab04041_jpg_17.pkl
140,289,184,299,140,289,182,289,182,297,140,297,eaaaadd,bread,0.687225878238678,0.345934014235224,0.5086040919025739,/content/outputs/inference/answersheet/model_finetune_640_results/res_1d2e00ccbc8b7d0099e999350ab04041_jpg_18.pkl
252,208,306,221,252,208,305,208,305,220,252,220,lltes,from,0.6147914528846741,0.12072204351425171,0.5420198246836663,/content/outputs/inference/answersheet/model_finetune_640_results/res_1d2e00ccbc8b7d0099e999350ab04041_jpg_19.pkl
111,34,136,44,111,34,135,34,135,43,111,43,taayseeeeeeddde,the,0.6347190737724304,0.14565525750319164,0.5219203159213066,/content/outputs/inference/answersheet/model_finetune_640_results/res_1d2e00ccbc8b7d0099e999350ab04041_jpg_20.pkl
77,336,106,344,77,336,105,336,105,343,77,343,ttttaaaaaaaeedddeee,from,0.7094182372093201,0.1742265710705205,0.581465157866478,/content/outputs/inference/answersheet/model_finetune_640_results/res_1d2e00ccbc8b7d0099e999350ab04041_jpg_21.pkl
252,345,273,354,252,345,272,345,272,353,252,353,tto,to,0.5205475687980652,0.265017365415891,0.6885251402854919,/content/outputs/inference/answersheet/model_finetune_640_results/res_1d2e00ccbc8b7d0099e999350ab04041_jpg_22.pkl
