126,208,177,221,128,208,175,208,175,219,128,219,eaatee,come,0.5560628771781921,0.25570741047461826,0.38207669407129285,/content/outputs/inference/answersheet/model_finetune_640_results/res_52d36d3344096aba4d1bb12ed6dc1b41_jpg_0.pkl
171,165,222,179,173,165,221,165,221,178,173,178,gfnee,from,0.572497546672821,0.14014822989702225,0.6691441714763642,/content/outputs/inference/answersheet/model_finetune_640_results/res_52d36d3344096aba4d1bb12ed6dc1b41_jpg_1.pkl
175,256,201,266,175,256,200,256,200,265,175,265,lllllllllddaseaseaseaenhaaaaaeh,the,0.5233602523803711,0.09607311890971276,0.38850317522883415,/content/outputs/inference/answersheet/model_finetune_640_results/res_52d36d3344096aba4d1bb12ed6dc1b41_jpg_2.pkl
95,188,121,197,95,188,120,188,120,196,95,196,atttdaasddddddddddffftttt,the,0.5483080744743347,0.212643523812294,0.34582935087382793,/content/outputs/inference/answersheet/model_finetune_640_results/res_52d36d3344096aba4d1bb12ed6dc1b41_jpg_3.pkl
123,290,148,297,123,290,147,290,147,296,123,296,daaaaaddaaaddadddddddddwaeeeettttd,come,0.5146685838699341,0.11747527911382563,0.33680152893066406,/content/outputs/inference/answersheet/model_finetune_640_results/res_52d36d3344096aba4d1bb12ed6dc1b41_jpg_4.pkl
324,259,346,266,324,259,345,259,345,265,324,265,faaannaeeaeeeeeetee,the,0.5478633046150208,0.09750025817438175,0.513416850939393,/content/outputs/inference/answersheet/model_finetune_640_results/res_52d36d3344096aba4d1bb12ed6dc1b41_jpg_5.pkl
253,280,279,289,253,280,278,280,278,288,253,288,aaouaeeennny,come,0.5621433854103088,0.08694107892612617,0.3705033093690872,/content/outputs/inference/answersheet/model_finetune_640_results/res_52d36d3344096aba4d1bb12ed6dc1b41_jpg_6.pkl
130,190,161,199,130,190,160,190,160,198,130,198,aaaaaae,bread,0.5685306787490845,0.1449251217501504,0.372163566450278,/content/outputs/inference/answersheet/model_finetune_640_results/res_52d36d3344096aba4d1bb12ed6dc1b41_jpg_7.pkl
140,45,171,55,140,45,170,45,170,54,140,54,hhhaeee,the,0.724024772644043,0.12538799430642808,0.4456237442791462,/content/outputs/inference/answersheet/model_finetune_640_results/res_52d36d3344096aba4d1bb12ed6dc1b41_jpg_8.pkl
81,256,111,266,81,256,110,256,110,265,81,265,cccccaeh,come,0.5715811848640442,0.21622604876756668,0.44287192821502686,/content/outputs/inference/answersheet/model_finetune_640_results/res_52d36d3344096aba4d1bb12ed6dc1b41_jpg_9.pkl
226,255,298,265,228,255,297,255,297,264,228,264,tyttrhhhgeeeeeee,from,0.5182368755340576,0.14611766673624516,0.579961472004652,/content/outputs/inference/answersheet/model_finetune_640_results/res_52d36d3344096aba4d1bb12ed6dc1b41_jpg_10.pkl
75,44,101,53,75,44,100,44,100,52,75,52,ahooootteeeee,for,0.5036858916282654,0.1905035009750953,0.6243205405771732,/content/outputs/inference/answersheet/model_finetune_640_results/res_52d36d3344096aba4d1bb12ed6dc1b41_jpg_11.pkl
128,189,189,200,128,189,188,189,188,199,128,199,aaaaaaeee,sender,0.6536656618118286,0.1629523461063703,0.5626738986798695,/content/outputs/inference/answersheet/model_finetune_640_results/res_52d36d3344096aba4d1bb12ed6dc1b41_jpg_12.pkl
117,147,146,155,117,147,145,147,145,154,117,154,yyyhyhhhhhasauuuuuuueyyhh,spe,0.5297322273254395,0.14207244127988816,0.2906445264816284,/content/outputs/inference/answersheet/model_finetune_640_results/res_52d36d3344096aba4d1bb12ed6dc1b41_jpg_13.pkl
