305,187,358,198,305,187,356,187,356,196,305,196,eeessssassaitreee,subject,0.6204045414924622,0.1992007967303781,0.6007979568094015,/content/outputs/inference/answersheet/model_finetune_640_results/res_7781f2324e5336288d4d5e7fdec6c958_jpg_0.pkl
209,30,273,41,209,30,272,30,272,40,209,40,ooodppteaair,petter,0.613254725933075,0.17404740986724695,0.37283540410654886,/content/outputs/inference/answersheet/model_finetune_640_results/res_7781f2324e5336288d4d5e7fdec6c958_jpg_1.pkl
235,338,290,352,235,340,289,340,289,351,235,351,ttaayeddd,and,0.584934413433075,0.38073964251412284,0.47216562554240227,/content/outputs/inference/answersheet/model_finetune_640_results/res_7781f2324e5336288d4d5e7fdec6c958_jpg_2.pkl
185,42,262,53,185,42,261,42,261,52,185,52,sssndeae,some,0.6452372074127197,0.19844695087522268,0.5165714457631111,/content/outputs/inference/answersheet/model_finetune_640_results/res_7781f2324e5336288d4d5e7fdec6c958_jpg_3.pkl
330,177,372,188,330,177,369,177,369,187,330,187,saedae,the,0.6199765205383301,0.143814937522014,0.5272352658212185,/content/outputs/inference/answersheet/model_finetune_640_results/res_7781f2324e5336288d4d5e7fdec6c958_jpg_4.pkl
140,107,162,116,140,107,161,107,161,115,140,115,ffffdee,did,0.9053863286972046,0.22946742602757045,0.4360750615596771,/content/outputs/inference/answersheet/model_finetune_640_results/res_7781f2324e5336288d4d5e7fdec6c958_jpg_5.pkl
109,61,137,71,109,61,136,61,136,70,109,70,ttttetedddod,it,0.792259156703949,0.2837545573711395,0.5336609383424123,/content/outputs/inference/answersheet/model_finetune_640_results/res_7781f2324e5336288d4d5e7fdec6c958_jpg_6.pkl
108,104,129,115,108,104,128,104,128,114,108,114,go,of,0.746336817741394,0.1843208596110344,0.3889153500398,/content/outputs/inference/answersheet/model_finetune_640_results/res_7781f2324e5336288d4d5e7fdec6c958_jpg_7.pkl
142,28,188,40,142,28,186,28,186,38,142,38,diiiiieaseaaateee,the,0.8251777291297913,0.2525946905507761,0.5214069616049528,/content/outputs/inference/answersheet/model_finetune_640_results/res_7781f2324e5336288d4d5e7fdec6c958_jpg_8.pkl
96,83,113,92,96,83,112,83,112,91,96,91,adoooayyyjyjyyyyyyyy,the,0.7402333617210388,0.15287390686571597,0.5957357622683048,/content/outputs/inference/answersheet/model_finetune_640_results/res_7781f2324e5336288d4d5e7fdec6c958_jpg_9.pkl
150,85,176,95,150,85,175,85,175,94,150,94,4aseeeee,the,0.8796200156211853,0.19779415242373943,0.6011506952345371,/content/outputs/inference/answersheet/model_finetune_640_results/res_7781f2324e5336288d4d5e7fdec6c958_jpg_10.pkl
155,129,180,138,155,129,179,129,179,137,155,137,kge9os9d9d99d,can,0.7410075664520264,0.158308618916915,0.31797368824481964,/content/outputs/inference/answersheet/model_finetune_640_results/res_7781f2324e5336288d4d5e7fdec6c958_jpg_11.pkl
148,42,174,51,148,42,173,42,173,50,148,50,aaaa,but,0.5211329460144043,0.14850837364792824,0.2841690555214882,/content/outputs/inference/answersheet/model_finetune_640_results/res_7781f2324e5336288d4d5e7fdec6c958_jpg_12.pkl
258,187,282,195,258,187,281,187,281,194,258,194,fffttthyraeeeeye,from,0.7258457541465759,0.1404887568205595,0.5928626120090484,/content/outputs/inference/answersheet/model_finetune_640_results/res_7781f2324e5336288d4d5e7fdec6c958_jpg_13.pkl
123,26,282,43,123,25,277,29,276,43,123,39,seieeeepteei,reberter,0.5869393348693848,0.1829222192366918,0.46673699137237334,/content/outputs/inference/answersheet/model_finetune_640_results/res_7781f2324e5336288d4d5e7fdec6c958_jpg_14.pkl
69,37,130,50,69,37,129,37,129,49,69,49,ssfgedlllbsssaeaaaeededddt,school,0.5202352404594421,0.14943207026674196,0.4241060252700533,/content/outputs/inference/answersheet/model_finetune_640_results/res_7781f2324e5336288d4d5e7fdec6c958_jpg_15.pkl
181,106,202,114,181,106,201,106,201,113,181,113,ddddddddd,and,0.6724228262901306,0.27299803164270187,0.6440129056572914,/content/outputs/inference/answersheet/model_finetune_640_results/res_7781f2324e5336288d4d5e7fdec6c958_jpg_16.pkl
189,174,227,184,189,174,226,174,226,183,189,183,aaafttee,sale,0.5900341272354126,0.23448652494698763,0.5278480380773545,/content/outputs/inference/answersheet/model_finetune_640_results/res_7781f2324e5336288d4d5e7fdec6c958_jpg_17.pkl
242,317,263,329,242,317,262,317,262,328,242,328,tddddd,did,0.5217685699462891,0.41211628417174023,0.43988265842199326,/content/outputs/inference/answersheet/model_finetune_640_results/res_7781f2324e5336288d4d5e7fdec6c958_jpg_18.pkl
107,104,163,116,109,104,160,104,160,115,109,115,gdereedd,come,0.5921614766120911,0.2596384026110172,0.4379134297370911,/content/outputs/inference/answersheet/model_finetune_640_results/res_7781f2324e5336288d4d5e7fdec6c958_jpg_19.pkl
118,128,135,135,118,128,134,128,134,134,118,134,tttttttttttttaaaaaaeaaaaaaaaaaaaad,and,0.5980790853500366,0.14663880866240053,0.5407504476606846,/content/outputs/inference/answersheet/model_finetune_640_results/res_7781f2324e5336288d4d5e7fdec6c958_jpg_20.pkl
39,13,69,26,41,13,68,13,68,25,41,25,odoa,off,0.5147959589958191,0.19379549473524094,0.5203106552362442,/content/outputs/inference/answersheet/model_finetune_640_results/res_7781f2324e5336288d4d5e7fdec6c958_jpg_21.pkl
328,241,355,253,328,241,354,241,354,252,328,252,taffrrrre,the,0.5340961217880249,0.36073145104779136,0.555645901709795,/content/outputs/inference/answersheet/model_finetune_640_results/res_7781f2324e5336288d4d5e7fdec6c958_jpg_22.pkl
73,38,101,47,73,38,98,38,98,46,73,46,ffffkeeeeeeeakd,come,0.5017175674438477,0.20706687321265538,0.4264667510986328,/content/outputs/inference/answersheet/model_finetune_640_results/res_7781f2324e5336288d4d5e7fdec6c958_jpg_23.pkl
