65,267,117,281,65,267,116,267,116,280,65,280,aaaaaaaeeeeeeee,from,0.5020082592964172,0.2798701306184133,0.5967451989650726,/content/outputs/inference/answersheet/model_finetune_640_results/res_758948713e2fee1e2e1756c0d4ffcd56_jpg_0.pkl
258,79,294,91,258,79,293,79,293,90,258,90,bsdhsssddd,sender,0.7098497152328491,0.1438018225133419,0.47022331612450735,/content/outputs/inference/answersheet/model_finetune_640_results/res_758948713e2fee1e2e1756c0d4ffcd56_jpg_1.pkl
317,99,389,114,317,99,388,99,388,113,317,113,aoaat,street,0.5743952393531799,0.24385835081338883,0.43511454122407095,/content/outputs/inference/answersheet/model_finetune_640_results/res_758948713e2fee1e2e1756c0d4ffcd56_jpg_2.pkl
48,3,74,14,48,3,73,3,73,13,48,13,fffeooooooaaaaaaaa,from,0.7265636324882507,0.11935981197489633,0.6615989536046982,/content/outputs/inference/answersheet/model_finetune_640_results/res_758948713e2fee1e2e1756c0d4ffcd56_jpg_3.pkl
251,323,295,335,251,323,294,323,294,334,251,334,feeeeeaaaaaaasteee,from,0.5785343647003174,0.2026461942328347,0.5587655574083328,/content/outputs/inference/answersheet/model_finetune_640_results/res_758948713e2fee1e2e1756c0d4ffcd56_jpg_4.pkl
110,0,194,12,110,0,192,0,192,10,110,10,tdeeeee,come,0.5471159219741821,0.11902266421488353,0.37864028215408324,/content/outputs/inference/answersheet/model_finetune_640_results/res_758948713e2fee1e2e1756c0d4ffcd56_jpg_5.pkl
77,2,106,14,77,2,105,2,105,13,77,13,otnhhnnnnnnnaaaaaaannnnnnnnnnee,come,0.5973002910614014,0.18249827334957738,0.4055895745754242,/content/outputs/inference/answersheet/model_finetune_640_results/res_758948713e2fee1e2e1756c0d4ffcd56_jpg_6.pkl
183,82,209,91,183,82,208,82,208,90,183,90,sdyee,your,0.6060293912887573,0.2674496054649353,0.5116536721587182,/content/outputs/inference/answersheet/model_finetune_640_results/res_758948713e2fee1e2e1756c0d4ffcd56_jpg_7.pkl
299,28,322,37,299,28,321,28,321,36,299,36,dteeeeeeeeeeee,the,0.5716162323951721,0.49357922109110014,0.5444022044539452,/content/outputs/inference/answersheet/model_finetune_640_results/res_758948713e2fee1e2e1756c0d4ffcd56_jpg_8.pkl
293,132,334,145,293,132,333,132,333,144,293,144,ae,the,0.5841517448425293,0.10400388017296791,0.6092431657016277,/content/outputs/inference/answersheet/model_finetune_640_results/res_758948713e2fee1e2e1756c0d4ffcd56_jpg_9.pkl
