294,28,366,39,294,28,365,28,365,38,294,38,teeaa,subject,0.6585193276405334,0.12728371918201448,0.46498575061559677,/content/outputs/inference/answersheet/model_finetune_640_results/res_b5696ce9c8786070cfd9368950c5ec8a_jpg_0.pkl
71,39,113,50,71,39,112,39,112,49,71,49,aaeaaeltteeeee,from,0.550590455532074,0.15300057988081658,0.5424735382199287,/content/outputs/inference/answersheet/model_finetune_640_results/res_b5696ce9c8786070cfd9368950c5ec8a_jpg_1.pkl
261,71,325,83,261,71,324,71,324,82,261,82,tlleaaaennee,from,0.5229281187057495,0.13927154305080572,0.5022859409451484,/content/outputs/inference/answersheet/model_finetune_640_results/res_b5696ce9c8786070cfd9368950c5ec8a_jpg_2.pkl
381,28,407,37,381,28,406,28,406,36,381,36,ffttteee,for,0.7349687814712524,0.2861523889005184,0.5974702090024948,/content/outputs/inference/answersheet/model_finetune_640_results/res_b5696ce9c8786070cfd9368950c5ec8a_jpg_3.pkl
323,42,347,53,323,42,346,42,346,52,323,52,tttttttttaeeeaaa,the,0.5198239684104919,0.19557467568665743,0.4571671672165394,/content/outputs/inference/answersheet/model_finetune_640_results/res_b5696ce9c8786070cfd9368950c5ec8a_jpg_4.pkl
323,49,349,59,323,49,348,49,348,58,323,58,llleaaeeeessesaa,lines,0.5214025378227234,0.18305098405107856,0.6516995206475258,/content/outputs/inference/answersheet/model_finetune_640_results/res_b5696ce9c8786070cfd9368950c5ec8a_jpg_5.pkl
73,28,95,37,73,28,94,28,94,36,73,36,ttttttttttttttthhrrrrttttttt,the,0.7231003046035767,0.31029851441936834,0.748027503490448,/content/outputs/inference/answersheet/model_finetune_640_results/res_b5696ce9c8786070cfd9368950c5ec8a_jpg_6.pkl
343,74,365,83,343,74,364,74,364,82,343,82,ohaaaaaaaeaaeeeese,from,0.5948916673660278,0.11601915541622373,0.6380843132734298,/content/outputs/inference/answersheet/model_finetune_640_results/res_b5696ce9c8786070cfd9368950c5ec8a_jpg_7.pkl
244,29,276,38,244,29,275,29,275,37,244,37,fdtttee,date,0.7148038148880005,0.19471761690718786,0.5298437267541886,/content/outputs/inference/answersheet/model_finetune_640_results/res_b5696ce9c8786070cfd9368950c5ec8a_jpg_8.pkl
349,41,370,51,349,41,369,41,369,50,349,50,hhhhh,the,0.628324031829834,0.2409388840198517,0.6334483548998833,/content/outputs/inference/answersheet/model_finetune_640_results/res_b5696ce9c8786070cfd9368950c5ec8a_jpg_9.pkl
231,73,251,82,231,73,250,73,250,81,231,81,aeee,and,0.5208184123039246,0.3638354614377022,0.5854289308190346,/content/outputs/inference/answersheet/model_finetune_640_results/res_b5696ce9c8786070cfd9368950c5ec8a_jpg_10.pkl
158,28,228,39,158,28,227,28,227,38,158,38,ttfftttetteee,the,0.7109718918800354,0.22530213170326674,0.356506590731442,/content/outputs/inference/answersheet/model_finetune_640_results/res_b5696ce9c8786070cfd9368950c5ec8a_jpg_11.pkl
113,29,146,38,113,29,145,29,145,37,113,37,iiitaaee,the,0.7324392199516296,0.21051020920276642,0.49108076095581055,/content/outputs/inference/answersheet/model_finetune_640_results/res_b5696ce9c8786070cfd9368950c5ec8a_jpg_12.pkl
