155,298,187,311,155,298,186,298,186,310,155,310,ccgffffffeeetteddddd,feed,0.9083804488182068,0.3479804515838623,0.5947066813707351,/content/outputs/inference/answersheet/model_finetune_640_results/res_f6f9b040335a9532a89e731fc6cb6ab7_jpg_0.pkl
193,365,215,374,193,365,214,365,214,373,193,373,d11ee22e2e2e222222222222222238883ss33,the,0.523587167263031,0.12896173205730077,0.5185502432286739,/content/outputs/inference/answersheet/model_finetune_640_results/res_f6f9b040335a9532a89e731fc6cb6ab7_jpg_1.pkl
141,321,164,330,141,321,163,321,163,329,141,329,444osy,of,0.5786506533622742,0.17957418287793794,0.6060662865638733,/content/outputs/inference/answersheet/model_finetune_640_results/res_f6f9b040335a9532a89e731fc6cb6ab7_jpg_2.pkl
148,385,170,396,148,385,169,385,169,395,148,395,gggggpo,for,0.557995617389679,0.24877022419657027,0.692619152367115,/content/outputs/inference/answersheet/model_finetune_640_results/res_f6f9b040335a9532a89e731fc6cb6ab7_jpg_3.pkl
207,252,226,260,207,252,225,252,225,259,207,259,dddddhosssooyyyyyy,do,0.7101977467536926,0.30867981869313454,0.34781105319658917,/content/outputs/inference/answersheet/model_finetune_640_results/res_f6f9b040335a9532a89e731fc6cb6ab7_jpg_4.pkl
183,323,210,332,183,323,209,323,209,331,183,331,eeeeedadaiddssoy,for,0.5909366607666016,0.20575823681429029,0.5029407748952508,/content/outputs/inference/answersheet/model_finetune_640_results/res_f6f9b040335a9532a89e731fc6cb6ab7_jpg_5.pkl
232,237,251,246,232,237,250,237,250,245,232,245,a333333333,and,0.6733322143554688,0.170565690100193,0.5611959677189589,/content/outputs/inference/answersheet/model_finetune_640_results/res_f6f9b040335a9532a89e731fc6cb6ab7_jpg_6.pkl
117,277,163,290,117,277,162,277,162,289,117,289,sddaaaeeeee,show,0.5361816883087158,0.19943422891876914,0.3329200431704521,/content/outputs/inference/answersheet/model_finetune_640_results/res_f6f9b040335a9532a89e731fc6cb6ab7_jpg_7.pkl
96,131,148,145,96,131,147,131,147,144,96,144,aaaaaaayae,after,0.6027846932411194,0.25805238634347916,0.53865093862017,/content/outputs/inference/answersheet/model_finetune_640_results/res_f6f9b040335a9532a89e731fc6cb6ab7_jpg_8.pkl
162,133,223,149,162,131,222,137,221,150,161,143,ydoee,from,0.6341638565063477,0.17466787844896317,0.5209759950637818,/content/outputs/inference/answersheet/model_finetune_640_results/res_f6f9b040335a9532a89e731fc6cb6ab7_jpg_9.pkl
