154,20,199,29,154,20,198,20,198,28,154,28,sshbddddhtheeehheheeeg,school,0.6389257311820984,0.23058917339552532,0.4248309688908713,/content/outputs/inference/answersheet/model_finetune_640_results/res_4ea82517bf565c534ec3b7ec5566a6ed_jpg_0.pkl
364,117,407,128,364,117,406,117,406,127,364,127,raeeeeee,from,0.555122435092926,0.3854740709066391,0.5698400035500526,/content/outputs/inference/answersheet/model_finetune_640_results/res_4ea82517bf565c534ec3b7ec5566a6ed_jpg_1.pkl
105,29,134,39,105,29,133,29,133,38,105,38,ppdgdaaaaooooooooooodenaaeeee,dono,0.5795651078224182,0.11839931381159816,0.27935352027416227,/content/outputs/inference/answersheet/model_finetune_640_results/res_4ea82517bf565c534ec3b7ec5566a6ed_jpg_2.pkl
84,20,140,29,84,20,137,20,137,28,84,28,bbeaeeaddtteebtrnhnnnnne,breading,0.5995105504989624,0.10606533909837405,0.41256771485010785,/content/outputs/inference/answersheet/model_finetune_640_results/res_4ea82517bf565c534ec3b7ec5566a6ed_jpg_3.pkl
221,61,262,72,221,61,261,61,261,71,221,71,sbadttttttt,brice,0.6909242272377014,0.22773537784814835,0.3965502331654231,/content/outputs/inference/answersheet/model_finetune_640_results/res_4ea82517bf565c534ec3b7ec5566a6ed_jpg_4.pkl
204,202,246,216,204,202,245,202,245,215,204,215,dteeeeeesd,the,0.5382645130157471,0.2592164173722267,0.593744546175003,/content/outputs/inference/answersheet/model_finetune_640_results/res_4ea82517bf565c534ec3b7ec5566a6ed_jpg_5.pkl
108,152,128,160,108,152,127,152,127,159,108,159,ttae,the,0.6041547060012817,0.2220736090093851,0.7236995026469231,/content/outputs/inference/answersheet/model_finetune_640_results/res_4ea82517bf565c534ec3b7ec5566a6ed_jpg_6.pkl
146,49,237,61,146,49,236,49,236,60,146,60,yesadyaeedee,yourder,0.7034522891044617,0.29214059685667354,0.5470105167478323,/content/outputs/inference/answersheet/model_finetune_640_results/res_4ea82517bf565c534ec3b7ec5566a6ed_jpg_7.pkl
166,202,193,214,166,202,192,202,192,213,166,213,kkkkksse,the,0.7191734910011292,0.33679547905921936,0.5031630881130695,/content/outputs/inference/answersheet/model_finetune_640_results/res_4ea82517bf565c534ec3b7ec5566a6ed_jpg_8.pkl
218,20,244,28,218,20,243,20,243,27,218,27,hheeeeeeeee,the,0.7972819805145264,0.25859502432021225,0.7460562214255333,/content/outputs/inference/answersheet/model_finetune_640_results/res_4ea82517bf565c534ec3b7ec5566a6ed_jpg_9.pkl
115,83,164,96,115,83,162,83,162,94,115,94,soeeeee,come,0.6123897433280945,0.1348817316549165,0.34948340356349944,/content/outputs/inference/answersheet/model_finetune_640_results/res_4ea82517bf565c534ec3b7ec5566a6ed_jpg_10.pkl
215,18,263,27,218,18,258,18,258,26,218,26,ttdd4edaeeeeeeeeeeeeeeeeeeeeeeeeeeeeee,the,0.5033105611801147,0.30234255014281525,0.608533538877964,/content/outputs/inference/answersheet/model_finetune_640_results/res_4ea82517bf565c534ec3b7ec5566a6ed_jpg_11.pkl
261,20,291,28,261,20,290,20,290,27,261,27,ddfehhhhaahe,shop,0.5479022264480591,0.11982257726291816,0.370075948536396,/content/outputs/inference/answersheet/model_finetune_640_results/res_4ea82517bf565c534ec3b7ec5566a6ed_jpg_12.pkl
268,204,295,214,268,204,294,204,294,213,268,213,lleeeeeeee,the,0.5729118585586548,0.31030816212296486,0.5285313259810209,/content/outputs/inference/answersheet/model_finetune_640_results/res_4ea82517bf565c534ec3b7ec5566a6ed_jpg_13.pkl
373,149,397,159,373,149,396,149,396,158,373,158,tatneuuyuitttee,the,0.5970127582550049,0.1936591734488805,0.5545347929000854,/content/outputs/inference/answersheet/model_finetune_640_results/res_4ea82517bf565c534ec3b7ec5566a6ed_jpg_14.pkl
162,184,181,193,162,184,180,184,180,192,162,192,ttttteeeetttttttttttttttttttttttt,from,0.5172804594039917,0.2808267505783023,0.6417141497135163,/content/outputs/inference/answersheet/model_finetune_640_results/res_4ea82517bf565c534ec3b7ec5566a6ed_jpg_15.pkl
311,21,334,30,311,21,333,21,333,29,311,29,ffbbbboh,the,0.6472339034080505,0.10625977721065283,0.5653503742069006,/content/outputs/inference/answersheet/model_finetune_640_results/res_4ea82517bf565c534ec3b7ec5566a6ed_jpg_16.pkl
297,217,318,226,297,217,317,217,317,225,297,225,ahheee,the,0.5323952436447144,0.16916603781282902,0.4621863979846239,/content/outputs/inference/answersheet/model_finetune_640_results/res_4ea82517bf565c534ec3b7ec5566a6ed_jpg_17.pkl
300,150,325,159,300,150,324,150,324,158,300,158,taaaaahoauttte,the,0.5439254641532898,0.14035623520612717,0.3953860718756914,/content/outputs/inference/answersheet/model_finetune_640_results/res_4ea82517bf565c534ec3b7ec5566a6ed_jpg_18.pkl
