152,354,211,367,152,354,210,354,210,366,152,366,dtftetteeeeeeee,coffee,0.6600551605224609,0.24475750376780828,0.558422891157014,/content/outputs/inference/answersheet/model_finetune_640_results/res_5e1556bb7a4458ff968ac765b44c6aa1_jpg_0.pkl
208,354,252,365,210,354,251,354,251,364,210,364,lddaaaaaaaaasnttttteeee,date,0.5535237789154053,0.1750987023115158,0.5745692789554596,/content/outputs/inference/answersheet/model_finetune_640_results/res_5e1556bb7a4458ff968ac765b44c6aa1_jpg_1.pkl
278,380,329,388,278,380,328,380,328,387,278,387,taaedeeeeeee,from,0.6843223571777344,0.2935707854727904,0.6310634091496468,/content/outputs/inference/answersheet/model_finetune_640_results/res_5e1556bb7a4458ff968ac765b44c6aa1_jpg_2.pkl
208,347,254,356,208,347,253,347,253,355,208,355,ohhheeedddee,the,0.5180236101150513,0.23491879428426424,0.46034711971879005,/content/outputs/inference/answersheet/model_finetune_640_results/res_5e1556bb7a4458ff968ac765b44c6aa1_jpg_3.pkl
244,177,280,190,244,177,279,177,279,189,244,189,etpaittdddddd,from,0.8232929706573486,0.306564025580883,0.6161093235015869,/content/outputs/inference/answersheet/model_finetune_640_results/res_5e1556bb7a4458ff968ac765b44c6aa1_jpg_4.pkl
314,346,361,358,314,346,360,346,360,357,314,357,sdde,charden,0.6083356738090515,0.10539834015071392,0.47834894247353077,/content/outputs/inference/answersheet/model_finetune_640_results/res_5e1556bb7a4458ff968ac765b44c6aa1_jpg_5.pkl
72,354,136,367,72,354,133,354,133,366,72,366,eeee,from,0.5837213397026062,0.09003851003944874,0.5278717562556267,/content/outputs/inference/answersheet/model_finetune_640_results/res_5e1556bb7a4458ff968ac765b44c6aa1_jpg_6.pkl
122,21,201,32,122,21,198,21,198,31,122,31,ahaae,the,0.6283979415893555,0.19462994933128358,0.5147188864648342,/content/outputs/inference/answersheet/model_finetune_640_results/res_5e1556bb7a4458ff968ac765b44c6aa1_jpg_7.pkl
171,240,241,253,173,240,240,240,240,252,173,252,eeeeeyyyyyeee,come,0.5510860681533813,0.365801228926732,0.34184100925922395,/content/outputs/inference/answersheet/model_finetune_640_results/res_5e1556bb7a4458ff968ac765b44c6aa1_jpg_8.pkl
124,30,175,41,124,30,174,30,174,40,124,40,aatteeee,the,0.6329745650291443,0.20475287549197674,0.4582341816276312,/content/outputs/inference/answersheet/model_finetune_640_results/res_5e1556bb7a4458ff968ac765b44c6aa1_jpg_9.pkl
134,53,202,65,134,53,198,53,198,63,134,63,aeeeee,rest,0.50506591796875,0.09729541838169098,0.3867616891860962,/content/outputs/inference/answersheet/model_finetune_640_results/res_5e1556bb7a4458ff968ac765b44c6aa1_jpg_10.pkl
314,243,340,253,314,243,339,243,339,252,314,252,ggasr,the,0.7975779175758362,0.1267561659216881,0.42666885163635015,/content/outputs/inference/answersheet/model_finetune_640_results/res_5e1556bb7a4458ff968ac765b44c6aa1_jpg_11.pkl
345,40,393,53,345,40,392,40,392,52,345,52,theeeeaae,the,0.5938528776168823,0.17052768501970503,0.5681819319725037,/content/outputs/inference/answersheet/model_finetune_640_results/res_5e1556bb7a4458ff968ac765b44c6aa1_jpg_12.pkl
130,23,161,31,130,23,160,23,160,30,130,30,ssaanhnn,the,0.7322202920913696,0.10739065241068602,0.5402982234954834,/content/outputs/inference/answersheet/model_finetune_640_results/res_5e1556bb7a4458ff968ac765b44c6aa1_jpg_13.pkl
209,196,249,210,211,196,248,196,248,209,211,209,oeeeeedde,one,0.5606792569160461,0.30868116435077453,0.4142956715077162,/content/outputs/inference/answersheet/model_finetune_640_results/res_5e1556bb7a4458ff968ac765b44c6aa1_jpg_14.pkl
87,21,127,31,90,21,126,21,126,30,90,30,aae,the,0.584656298160553,0.1316224286953608,0.5911891832947731,/content/outputs/inference/answersheet/model_finetune_640_results/res_5e1556bb7a4458ff968ac765b44c6aa1_jpg_15.pkl
302,200,331,210,302,200,330,200,330,209,302,209,ddeededeedddeddddddddddddddd,and,0.6300861835479736,0.208889652043581,0.6456432957202196,/content/outputs/inference/answersheet/model_finetune_640_results/res_5e1556bb7a4458ff968ac765b44c6aa1_jpg_16.pkl
135,352,249,366,138,352,248,352,248,365,138,365,eeeeeessnaeeee,coffee,0.5728707909584045,0.18579862213560513,0.5083669019596917,/content/outputs/inference/answersheet/model_finetune_640_results/res_5e1556bb7a4458ff968ac765b44c6aa1_jpg_17.pkl
173,88,202,98,173,88,201,88,201,97,173,97,tfa,from,0.5490319728851318,0.18925773352384567,0.6265447974205017,/content/outputs/inference/answersheet/model_finetune_640_results/res_5e1556bb7a4458ff968ac765b44c6aa1_jpg_18.pkl
