60,258,120,270,60,258,119,258,119,269,60,269,osssssattbe,ortaffee,0.7442449331283569,0.27433217384598474,0.458858256538709,/content/outputs/inference/answersheet/model_finetune_640_results/res_efca259bec4272c0d66cd2c9b1588548_jpg_0.pkl
9,256,57,268,11,256,56,256,56,267,11,267,seeaeililhhh,seen,0.7511450052261353,0.23029586051901182,0.3917849212884903,/content/outputs/inference/answersheet/model_finetune_640_results/res_efca259bec4272c0d66cd2c9b1588548_jpg_1.pkl
341,125,394,137,341,125,393,125,393,136,341,136,esaaiite,from,0.5928286910057068,0.14817682281136513,0.4311214044690132,/content/outputs/inference/answersheet/model_finetune_640_results/res_efca259bec4272c0d66cd2c9b1588548_jpg_2.pkl
55,4,78,14,55,4,77,4,77,13,55,13,taaaaaaaaaaat,the,0.8226651549339294,0.12758280164920366,0.3859767261892557,/content/outputs/inference/answersheet/model_finetune_640_results/res_efca259bec4272c0d66cd2c9b1588548_jpg_3.pkl
363,105,412,116,363,105,411,105,411,115,363,115,aeeeee,beader,0.6766025424003601,0.3935618003209432,0.375164840902601,/content/outputs/inference/answersheet/model_finetune_640_results/res_efca259bec4272c0d66cd2c9b1588548_jpg_4.pkl
308,260,324,269,308,260,323,260,323,268,308,268,gee,the,0.5885531902313232,0.3247357904911041,0.6093708872795105,/content/outputs/inference/answersheet/model_finetune_640_results/res_efca259bec4272c0d66cd2c9b1588548_jpg_5.pkl
81,4,109,15,81,4,108,4,108,14,81,14,aaacaeee,come,0.7573617100715637,0.12362763285636902,0.44756163060665133,/content/outputs/inference/answersheet/model_finetune_640_results/res_efca259bec4272c0d66cd2c9b1588548_jpg_6.pkl
212,259,274,272,212,259,270,259,270,271,212,271,caahhd,charden,0.5542166829109192,0.13847097009420395,0.4292488731443882,/content/outputs/inference/answersheet/model_finetune_640_results/res_efca259bec4272c0d66cd2c9b1588548_jpg_7.pkl
120,3,165,13,120,3,164,3,164,12,120,12,ecgggssssssseosoesssssssaaaaeeeet,from,0.6369509100914001,0.11255224703839331,0.6011630229651928,/content/outputs/inference/answersheet/model_finetune_640_results/res_efca259bec4272c0d66cd2c9b1588548_jpg_8.pkl
184,226,204,236,184,226,203,226,203,235,184,235,gggggedotttooo,for,0.5838649272918701,0.18171697429248265,0.6925807073712349,/content/outputs/inference/answersheet/model_finetune_640_results/res_efca259bec4272c0d66cd2c9b1588548_jpg_9.pkl
184,224,237,237,184,224,236,224,236,236,184,236,feeoeeeeeemeeeeeeeeeettggdd,for,0.6039711236953735,0.2237499979911027,0.4825703985989094,/content/outputs/inference/answersheet/model_finetune_640_results/res_efca259bec4272c0d66cd2c9b1588548_jpg_10.pkl
60,104,113,115,60,104,112,104,112,114,60,114,scggttttateee,coffee,0.6725125312805176,0.16637565596745565,0.48951982600348337,/content/outputs/inference/answersheet/model_finetune_640_results/res_efca259bec4272c0d66cd2c9b1588548_jpg_11.pkl
53,2,110,15,53,2,109,2,109,14,53,14,aaaatattccac,canter,0.5674179792404175,0.18623804052670798,0.38824025860854555,/content/outputs/inference/answersheet/model_finetune_640_results/res_efca259bec4272c0d66cd2c9b1588548_jpg_12.pkl
178,176,231,189,178,176,230,176,230,188,178,188,ooeeeeeeeeeeeeeeegg0p,good,0.5200070142745972,0.2127110951003574,0.4841009736061096,/content/outputs/inference/answersheet/model_finetune_640_results/res_efca259bec4272c0d66cd2c9b1588548_jpg_13.pkl
198,205,218,213,198,205,217,205,217,212,198,212,fffffffffk6cccceccccccccecccceecceeao000yyy,you,0.7610946297645569,0.3265252387107805,0.7250675857067108,/content/outputs/inference/answersheet/model_finetune_640_results/res_efca259bec4272c0d66cd2c9b1588548_jpg_14.pkl
64,125,92,135,64,125,91,125,91,134,64,134,thehhhhnnaaahheeeee,the,0.5966359376907349,0.11494479367607519,0.4791303761303425,/content/outputs/inference/answersheet/model_finetune_640_results/res_efca259bec4272c0d66cd2c9b1588548_jpg_15.pkl
199,3,239,15,199,3,238,3,238,14,199,14,dedees,the,0.5321818590164185,0.11242536331216495,0.5221823342144489,/content/outputs/inference/answersheet/model_finetune_640_results/res_efca259bec4272c0d66cd2c9b1588548_jpg_16.pkl
62,82,104,94,62,82,103,82,103,93,62,93,teaaaaaatdddddddeeeeee,that,0.6609494686126709,0.2936856966804374,0.5871528953313827,/content/outputs/inference/answersheet/model_finetune_640_results/res_efca259bec4272c0d66cd2c9b1588548_jpg_17.pkl
60,93,105,103,62,93,104,93,104,102,62,102,gooaaaaappaeeeeee,greader,0.6200898289680481,0.14473929475335515,0.44494185782969,/content/outputs/inference/answersheet/model_finetune_640_results/res_efca259bec4272c0d66cd2c9b1588548_jpg_18.pkl
200,158,215,166,200,158,214,158,214,165,200,165,fffff6geeeeeeeeeeeeeeeeeeeeeeeee0oooooooooooooo0ododoeney,for,0.6095590591430664,0.14911373783099025,0.7707491666078568,/content/outputs/inference/answersheet/model_finetune_640_results/res_efca259bec4272c0d66cd2c9b1588548_jpg_19.pkl
6,80,41,92,6,80,38,80,38,91,6,91,sssssssssas,sale,0.5522372126579285,0.2586540302092379,0.6273057341575623,/content/outputs/inference/answersheet/model_finetune_640_results/res_efca259bec4272c0d66cd2c9b1588548_jpg_20.pkl
328,104,410,118,328,104,409,104,409,117,328,117,tmpmmmmaeeh,colleader,0.6190584301948547,0.10923228886994449,0.3951498791575432,/content/outputs/inference/answersheet/model_finetune_640_results/res_efca259bec4272c0d66cd2c9b1588548_jpg_21.pkl
223,180,239,188,223,180,238,180,238,187,223,187,ggeee0000009999999999999999090900900900ddd,90,0.5262110829353333,0.19101746593202865,0.42157435913880664,/content/outputs/inference/answersheet/model_finetune_640_results/res_efca259bec4272c0d66cd2c9b1588548_jpg_22.pkl
201,123,266,138,201,123,265,123,265,137,201,137,aaaayaaaaae,parking,0.6656304001808167,0.1977985230359164,0.43945595249533653,/content/outputs/inference/answersheet/model_finetune_640_results/res_efca259bec4272c0d66cd2c9b1588548_jpg_23.pkl
101,125,120,135,101,125,119,125,119,134,101,134,teeeee,the,0.5858218669891357,0.22945090010762215,0.7165707424283028,/content/outputs/inference/answersheet/model_finetune_640_results/res_efca259bec4272c0d66cd2c9b1588548_jpg_24.pkl
157,11,229,23,157,11,228,11,228,22,157,22,aaaeeesessssaae,date,0.5401139855384827,0.14056203265984854,0.4603371188044548,/content/outputs/inference/answersheet/model_finetune_640_results/res_efca259bec4272c0d66cd2c9b1588548_jpg_25.pkl
103,13,158,25,103,13,157,13,157,24,103,24,444s44aeeeeaaaaaarpreeeeeeeeeee,grepers,0.5392774939537048,0.17357381841828745,0.4497646475210786,/content/outputs/inference/answersheet/model_finetune_640_results/res_efca259bec4272c0d66cd2c9b1588548_jpg_26.pkl
142,258,206,272,142,258,204,258,204,270,142,270,aaaaeee,from,0.5668685436248779,0.2690922256026949,0.49877704456448557,/content/outputs/inference/answersheet/model_finetune_640_results/res_efca259bec4272c0d66cd2c9b1588548_jpg_27.pkl
245,260,270,273,245,260,269,260,269,272,245,272,eaeeededddd,the,0.5429836511611938,0.18618459864096207,0.5598796606063843,/content/outputs/inference/answersheet/model_finetune_640_results/res_efca259bec4272c0d66cd2c9b1588548_jpg_28.pkl
60,269,100,281,60,269,93,271,92,280,60,277,nannmnnnngge,mang,0.5469010472297668,0.19156081974506378,0.33281736373901366,/content/outputs/inference/answersheet/model_finetune_640_results/res_efca259bec4272c0d66cd2c9b1588548_jpg_29.pkl
107,270,137,281,107,270,136,270,136,280,107,280,aaaaacccccceeeeeeetwwa,counce,0.6073243618011475,0.17354663732376965,0.4827724003366062,/content/outputs/inference/answersheet/model_finetune_640_results/res_efca259bec4272c0d66cd2c9b1588548_jpg_30.pkl
278,259,306,271,278,259,305,259,305,270,278,270,aatdeeeeeeeee,the,0.665895402431488,0.3026457348695168,0.6529894173145294,/content/outputs/inference/answersheet/model_finetune_640_results/res_efca259bec4272c0d66cd2c9b1588548_jpg_31.pkl
