64,392,239,410,69,394,237,394,237,408,69,408,solteleeeesss,restrice,0.5424709320068359,0.0905425651715352,0.3821723370088471,/content/outputs/inference/answersheet/model_finetune_640_results/res_9d55d23d26bcd62e489b270e74625f39_jpg_0.pkl
241,270,294,283,241,270,293,270,293,282,241,282,gaai,sale,0.6385888457298279,0.1184604112058878,0.382916659116745,/content/outputs/inference/answersheet/model_finetune_640_results/res_9d55d23d26bcd62e489b270e74625f39_jpg_1.pkl
289,72,351,83,289,72,349,72,349,81,289,81,deemeehe,dreading,0.6388314366340637,0.2181150671094656,0.4085181388590071,/content/outputs/inference/answersheet/model_finetune_640_results/res_9d55d23d26bcd62e489b270e74625f39_jpg_2.pkl
217,238,256,250,217,238,255,238,255,249,217,249,ffaaaafaidddd,for,0.726152777671814,0.3078856158715028,0.6455158926546574,/content/outputs/inference/answersheet/model_finetune_640_results/res_9d55d23d26bcd62e489b270e74625f39_jpg_3.pkl
74,39,117,51,74,39,116,39,116,50,74,50,cllaattlalaaeeadaeeeeeeeee,coffee,0.6205780506134033,0.15286955523949403,0.5943989029952458,/content/outputs/inference/answersheet/model_finetune_640_results/res_9d55d23d26bcd62e489b270e74625f39_jpg_4.pkl
74,106,126,118,74,106,125,106,125,117,74,117,dheee,from,0.6615073680877686,0.18787860721349717,0.5450135946273804,/content/outputs/inference/answersheet/model_finetune_640_results/res_9d55d23d26bcd62e489b270e74625f39_jpg_5.pkl
315,384,361,394,318,384,359,384,359,392,318,392,ttfoee,the,0.5702489018440247,0.24867196877797446,0.6473336666822433,/content/outputs/inference/answersheet/model_finetune_640_results/res_9d55d23d26bcd62e489b270e74625f39_jpg_6.pkl
258,215,334,230,258,215,333,215,333,229,258,229,teeesekked,from,0.8097894191741943,0.2674588277935982,0.5140656113624573,/content/outputs/inference/answersheet/model_finetune_640_results/res_9d55d23d26bcd62e489b270e74625f39_jpg_7.pkl
162,149,202,162,162,149,201,149,201,161,162,161,aaaaaa11ddddddd,sale,0.637864887714386,0.25629471987485886,0.6201966941356659,/content/outputs/inference/answersheet/model_finetune_640_results/res_9d55d23d26bcd62e489b270e74625f39_jpg_8.pkl
131,81,204,95,135,81,203,81,203,94,135,94,ytteteecee,collect,0.5617060661315918,0.17713745459914207,0.40196135081350803,/content/outputs/inference/answersheet/model_finetune_640_results/res_9d55d23d26bcd62e489b270e74625f39_jpg_9.pkl
305,215,343,229,305,215,342,215,342,228,305,228,2222aaaaaakkkkea33sddd,210,0.5161802172660828,0.2766662748022513,0.37458525598049164,/content/outputs/inference/answersheet/model_finetune_640_results/res_9d55d23d26bcd62e489b270e74625f39_jpg_10.pkl
124,129,146,138,124,129,145,129,145,137,124,137,tttttdaoa,the,0.7275700569152832,0.1306673205561108,0.584293007850647,/content/outputs/inference/answersheet/model_finetune_640_results/res_9d55d23d26bcd62e489b270e74625f39_jpg_11.pkl
308,27,334,38,308,27,333,27,333,37,308,37,teeeeeeeteeeeee,the,0.7070208191871643,0.2833610544602076,0.6398354917764664,/content/outputs/inference/answersheet/model_finetune_640_results/res_9d55d23d26bcd62e489b270e74625f39_jpg_12.pkl
312,15,369,27,312,15,366,15,366,26,312,26,ketedleeeaaaaasyyy,collers,0.5837693810462952,0.22896830240885416,0.4989009462296963,/content/outputs/inference/answersheet/model_finetune_640_results/res_9d55d23d26bcd62e489b270e74625f39_jpg_13.pkl
211,39,232,49,211,39,231,39,231,48,211,48,eee,the,0.5213571190834045,0.20810828606287637,0.6181961297988892,/content/outputs/inference/answersheet/model_finetune_640_results/res_9d55d23d26bcd62e489b270e74625f39_jpg_14.pkl
89,385,115,393,89,385,114,385,114,392,89,392,ttaaaeehheeeeeee,the,0.5671733021736145,0.15539391757920384,0.6654604747891426,/content/outputs/inference/answersheet/model_finetune_640_results/res_9d55d23d26bcd62e489b270e74625f39_jpg_15.pkl
241,170,353,183,243,170,352,170,352,182,243,182,eeekkesen,restricents,0.7624839544296265,0.1481452931960424,0.5140658890207609,/content/outputs/inference/answersheet/model_finetune_640_results/res_9d55d23d26bcd62e489b270e74625f39_jpg_16.pkl
246,62,271,72,246,62,270,62,270,71,246,71,aae,and,0.50465989112854,0.13514594733715057,0.514460688456893,/content/outputs/inference/answersheet/model_finetune_640_results/res_9d55d23d26bcd62e489b270e74625f39_jpg_17.pkl
225,172,243,182,225,172,242,172,242,181,225,181,e,the,0.5692974328994751,0.12243437021970749,0.5080651007592678,/content/outputs/inference/answersheet/model_finetune_640_results/res_9d55d23d26bcd62e489b270e74625f39_jpg_18.pkl
291,4,315,14,291,4,314,4,314,13,291,13,ddkkkkeaainnttt,conto,0.566074788570404,0.19725356598695118,0.4214395408829053,/content/outputs/inference/answersheet/model_finetune_640_results/res_9d55d23d26bcd62e489b270e74625f39_jpg_19.pkl
174,215,258,229,176,215,257,215,257,228,176,228,eesaase,from,0.6105555295944214,0.22476900688239507,0.5626028224825859,/content/outputs/inference/answersheet/model_finetune_640_results/res_9d55d23d26bcd62e489b270e74625f39_jpg_20.pkl
32,50,62,62,32,50,61,50,61,61,32,61,t,from,0.627967357635498,0.08306637406349182,0.6147869423031807,/content/outputs/inference/answersheet/model_finetune_640_results/res_9d55d23d26bcd62e489b270e74625f39_jpg_21.pkl
189,60,213,70,189,60,212,60,212,69,189,69,yttthttttteeepeeeedetl,the,0.55020672082901,0.14222849566828122,0.5877405554056168,/content/outputs/inference/answersheet/model_finetune_640_results/res_9d55d23d26bcd62e489b270e74625f39_jpg_22.pkl
230,24,297,38,234,24,296,24,296,37,234,37,ttegae,from,0.5862751007080078,0.16748837009072304,0.5225389987230301,/content/outputs/inference/answersheet/model_finetune_640_results/res_9d55d23d26bcd62e489b270e74625f39_jpg_23.pkl
237,26,265,38,237,26,264,26,264,37,237,37,ttetee,from,0.501021146774292,0.2006355176369349,0.5461202770471573,/content/outputs/inference/answersheet/model_finetune_640_results/res_9d55d23d26bcd62e489b270e74625f39_jpg_24.pkl
275,60,340,71,275,60,339,60,339,70,275,70,teoeee,from,0.6443508863449097,0.17119313652316728,0.6058367982506752,/content/outputs/inference/answersheet/model_finetune_640_results/res_9d55d23d26bcd62e489b270e74625f39_jpg_25.pkl
275,60,295,70,275,60,294,60,294,69,275,69,ltsdpeeeeeee,from,0.5077000856399536,0.19472047065695128,0.5987437114119529,/content/outputs/inference/answersheet/model_finetune_640_results/res_9d55d23d26bcd62e489b270e74625f39_jpg_26.pkl
169,282,221,295,171,282,219,282,219,293,171,293,bsaaee,sender,0.5677303671836853,0.21297366047898927,0.5630748910563332,/content/outputs/inference/answersheet/model_finetune_640_results/res_9d55d23d26bcd62e489b270e74625f39_jpg_27.pkl
308,16,337,25,308,16,336,16,336,24,308,24,fftffffffpp,coffee,0.7097005844116211,0.2599018710580739,0.555391748036657,/content/outputs/inference/answersheet/model_finetune_640_results/res_9d55d23d26bcd62e489b270e74625f39_jpg_28.pkl
197,126,261,140,200,126,260,126,260,139,200,139,gggggatfeearrd,gref,0.7580192685127258,0.25603209861687254,0.45229862034320834,/content/outputs/inference/answersheet/model_finetune_640_results/res_9d55d23d26bcd62e489b270e74625f39_jpg_29.pkl
193,268,297,291,198,271,295,269,296,284,199,285,ythannrgan,come,0.5103723406791687,0.1712100736796856,0.29452162981033325,/content/outputs/inference/answersheet/model_finetune_640_results/res_9d55d23d26bcd62e489b270e74625f39_jpg_30.pkl
154,126,198,139,154,126,196,126,196,137,154,137,bddd,from,0.7128718495368958,0.2854563780128956,0.5821015566587449,/content/outputs/inference/answersheet/model_finetune_640_results/res_9d55d23d26bcd62e489b270e74625f39_jpg_31.pkl
145,237,181,250,145,237,180,237,180,249,145,249,ehthhtye,that,0.6519392728805542,0.17813329212367535,0.6217340558767319,/content/outputs/inference/answersheet/model_finetune_640_results/res_9d55d23d26bcd62e489b270e74625f39_jpg_32.pkl
