190,134,238,148,190,134,234,134,234,146,190,146,voyyok,ok,0.925683856010437,0.3313763389984767,0.3875243018070857,/content/outputs/inference/answersheet/model_finetune_640_results/res_26f6b547db1819926944386b289ae329_jpg_0.pkl
69,194,130,204,71,194,129,194,129,203,71,203,saoaaaaeaeeaaeee,sender,0.7062817215919495,0.2374765519052744,0.5970197234834943,/content/outputs/inference/answersheet/model_finetune_640_results/res_26f6b547db1819926944386b289ae329_jpg_1.pkl
101,313,133,327,101,313,130,313,130,326,101,326,aaaaaeeo,get,0.720214307308197,0.3071972392499447,0.5031419843435287,/content/outputs/inference/answersheet/model_finetune_640_results/res_26f6b547db1819926944386b289ae329_jpg_2.pkl
263,136,284,147,263,136,283,136,283,146,263,146,tkkkaddddd,ad,0.755240797996521,0.4372210308909416,0.5173237919807434,/content/outputs/inference/answersheet/model_finetune_640_results/res_26f6b547db1819926944386b289ae329_jpg_3.pkl
123,292,145,302,123,292,144,292,144,301,123,301,kk666dgd4d4daaaaa8daann9nh999ooyy,do,0.761703372001648,0.15197043820764078,0.2988478442033132,/content/outputs/inference/answersheet/model_finetune_640_results/res_26f6b547db1819926944386b289ae329_jpg_4.pkl
226,105,247,114,226,105,246,105,246,113,226,113,geeeedppdddoood,get,0.7529952526092529,0.2119375283519427,0.5740040019154549,/content/outputs/inference/answersheet/model_finetune_640_results/res_26f6b547db1819926944386b289ae329_jpg_5.pkl
190,74,210,83,190,74,209,74,209,82,190,82,fffggggggg6ffeoooooo,for,0.6926179528236389,0.21695304848253727,0.6816956922411919,/content/outputs/inference/answersheet/model_finetune_640_results/res_26f6b547db1819926944386b289ae329_jpg_6.pkl
300,293,324,303,300,293,323,293,323,302,300,302,ftttteeey,they,0.6197625994682312,0.17947279496325386,0.6416857928037644,/content/outputs/inference/answersheet/model_finetune_640_results/res_26f6b547db1819926944386b289ae329_jpg_7.pkl
49,259,102,271,49,259,101,259,101,270,49,270,faaaffeeeeeattte,from,0.6809264421463013,0.13562735728919506,0.44354167580604553,/content/outputs/inference/answersheet/model_finetune_640_results/res_26f6b547db1819926944386b289ae329_jpg_8.pkl
333,337,358,347,333,337,357,337,357,346,333,346,dtaso0oooootyy,for,0.7432982325553894,0.11601550078817777,0.5229301042854786,/content/outputs/inference/answersheet/model_finetune_640_results/res_26f6b547db1819926944386b289ae329_jpg_9.pkl
9,16,35,26,9,16,34,16,34,25,9,25,aaaaaaaaaeeee,for,0.6585569381713867,0.3559435479916059,0.5870886445045471,/content/outputs/inference/answersheet/model_finetune_640_results/res_26f6b547db1819926944386b289ae329_jpg_10.pkl
274,248,292,258,274,248,291,248,291,257,274,257,ttt4tt44t4teooo9o9ooooooooopopppooopooooooyayyyyy,for,0.7297161221504211,0.1464307337087028,0.573511891067028,/content/outputs/inference/answersheet/model_finetune_640_results/res_26f6b547db1819926944386b289ae329_jpg_11.pkl
125,338,151,348,125,338,150,338,150,347,125,347,gfe,from,0.6852826476097107,0.26043667644262314,0.5779659166932106,/content/outputs/inference/answersheet/model_finetune_640_results/res_26f6b547db1819926944386b289ae329_jpg_12.pkl
102,359,131,370,102,359,130,359,130,369,102,369,fgggosy,cast,0.7033380270004272,0.3710916531937463,0.48958752751350404,/content/outputs/inference/answersheet/model_finetune_640_results/res_26f6b547db1819926944386b289ae329_jpg_13.pkl
119,47,257,64,121,49,256,49,256,63,121,63,asaaaaleaaeeaaaaal,comperse,0.5410752892494202,0.23451220823658836,0.3721385763751136,/content/outputs/inference/answersheet/model_finetune_640_results/res_26f6b547db1819926944386b289ae329_jpg_14.pkl
