202,167,260,183,204,169,258,169,258,181,204,181,aaweeeeee,sale,0.6557680368423462,0.32360511438714135,0.5205538034439087,/content/outputs/inference/answersheet/model_finetune_640_results/res_848d8cadf47dcf574f1029e1aa69fa1a_jpg_0.pkl
241,32,295,45,241,32,294,32,294,44,241,44,ggddeeeeftttt,get,0.778846025466919,0.35154563990923077,0.444242961704731,/content/outputs/inference/answersheet/model_finetune_640_results/res_848d8cadf47dcf574f1029e1aa69fa1a_jpg_1.pkl
335,378,391,392,335,378,389,378,389,390,335,390,ane,from,0.5516840219497681,0.1476559042930603,0.5956088960170746,/content/outputs/inference/answersheet/model_finetune_640_results/res_848d8cadf47dcf574f1029e1aa69fa1a_jpg_2.pkl
293,281,356,294,293,281,355,281,355,293,293,293,aaaaaeeeff,ander,0.5585561990737915,0.28237420618534087,0.3539474109808604,/content/outputs/inference/answersheet/model_finetune_640_results/res_848d8cadf47dcf574f1029e1aa69fa1a_jpg_3.pkl
144,324,191,335,144,324,190,324,190,334,144,334,tae,the,0.5994868278503418,0.0895092561841011,0.2974477745592594,/content/outputs/inference/answersheet/model_finetune_640_results/res_848d8cadf47dcf574f1029e1aa69fa1a_jpg_4.pkl
180,30,249,44,187,30,244,30,244,43,187,43,coeeeeeaaeeaeeedeledddanneneeeea,come,0.6560757160186768,0.20237075304612517,0.5257965534925461,/content/outputs/inference/answersheet/model_finetune_640_results/res_848d8cadf47dcf574f1029e1aa69fa1a_jpg_5.pkl
236,46,287,60,236,44,286,48,285,61,235,56,fhbetd,from,0.5947393178939819,0.19076499591271082,0.6492177963256835,/content/outputs/inference/answersheet/model_finetune_640_results/res_848d8cadf47dcf574f1029e1aa69fa1a_jpg_6.pkl
272,231,290,241,272,231,289,231,289,240,272,240,aaaaaaadrddrdrdeeedeeeddd93d999,the,0.6562442779541016,0.1512945517897606,0.5988513864576817,/content/outputs/inference/answersheet/model_finetune_640_results/res_848d8cadf47dcf574f1029e1aa69fa1a_jpg_7.pkl
211,63,228,72,211,63,227,63,227,71,211,71,ttttoooossyy,for,0.5012059211730957,0.2951131674150626,0.6440382525324821,/content/outputs/inference/answersheet/model_finetune_640_results/res_848d8cadf47dcf574f1029e1aa69fa1a_jpg_8.pkl
321,324,366,335,321,324,365,324,365,334,321,334,adaae,sale,0.6781021952629089,0.16802950352430343,0.5776976764202117,/content/outputs/inference/answersheet/model_finetune_640_results/res_848d8cadf47dcf574f1029e1aa69fa1a_jpg_9.pkl
244,34,265,43,244,34,264,34,264,42,244,42,ffffgggdhhddhd,get,0.702984631061554,0.24624307293977057,0.39346587657928467,/content/outputs/inference/answersheet/model_finetune_640_results/res_848d8cadf47dcf574f1029e1aa69fa1a_jpg_10.pkl
238,46,263,57,238,46,262,46,262,56,238,56,hhfhhheeaasee,from,0.6363227963447571,0.17328898092875114,0.6707844913005829,/content/outputs/inference/answersheet/model_finetune_640_results/res_848d8cadf47dcf574f1029e1aa69fa1a_jpg_11.pkl
182,26,298,47,186,26,294,26,294,46,186,46,ceeddleeeeeagdetgd,come,0.5013051629066467,0.21340560416380563,0.46928163468837736,/content/outputs/inference/answersheet/model_finetune_640_results/res_848d8cadf47dcf574f1029e1aa69fa1a_jpg_12.pkl
234,230,253,240,234,230,252,230,252,239,234,239,eeoeo,and,0.5032617449760437,0.20531187802553177,0.5617998316884041,/content/outputs/inference/answersheet/model_finetune_640_results/res_848d8cadf47dcf574f1029e1aa69fa1a_jpg_13.pkl
200,234,224,244,200,234,223,234,223,243,200,243,keegeeee,can,0.5114856958389282,0.16003122925758362,0.2998405881226063,/content/outputs/inference/answersheet/model_finetune_640_results/res_848d8cadf47dcf574f1029e1aa69fa1a_jpg_14.pkl
248,217,265,226,248,217,264,217,264,225,248,225,444444444aonn,for,0.5950928330421448,0.17643098934338644,0.6465057767927647,/content/outputs/inference/answersheet/model_finetune_640_results/res_848d8cadf47dcf574f1029e1aa69fa1a_jpg_15.pkl
101,125,138,136,101,125,137,125,137,135,101,135,a,re,0.5138299465179443,0.08575093001127243,0.3205871631701787,/content/outputs/inference/answersheet/model_finetune_640_results/res_848d8cadf47dcf574f1029e1aa69fa1a_jpg_16.pkl
228,346,263,359,228,346,262,346,262,358,228,358,aaaaaaiaiaaaeeeeeeeeeeeeepp,from,0.5274183750152588,0.1888557462780564,0.6076921671628952,/content/outputs/inference/answersheet/model_finetune_640_results/res_848d8cadf47dcf574f1029e1aa69fa1a_jpg_17.pkl
197,48,243,59,201,48,239,48,239,58,201,58,eaaaaeeeeneessf,even,0.8492158651351929,0.20699553191661835,0.4245826780796051,/content/outputs/inference/answersheet/model_finetune_640_results/res_848d8cadf47dcf574f1029e1aa69fa1a_jpg_18.pkl
328,337,362,346,328,337,361,337,361,345,328,345,aiiltttteeeeeeeee,from,0.5126932859420776,0.16962588052539265,0.6292231038212777,/content/outputs/inference/answersheet/model_finetune_640_results/res_848d8cadf47dcf574f1029e1aa69fa1a_jpg_19.pkl
318,105,342,114,318,105,341,105,341,113,318,113,deeeeeeyeeee,the,0.564586877822876,0.12241624481976032,0.5723591223359108,/content/outputs/inference/answersheet/model_finetune_640_results/res_848d8cadf47dcf574f1029e1aa69fa1a_jpg_20.pkl
261,347,301,359,263,347,300,347,300,358,263,358,tiimnaeti,the,0.5854973793029785,0.08906356824768914,0.2826833017170429,/content/outputs/inference/answersheet/model_finetune_640_results/res_848d8cadf47dcf574f1029e1aa69fa1a_jpg_21.pkl
198,105,226,114,198,105,225,105,225,113,198,113,rrtiitttttt,the,0.6947710514068604,0.17951072752475739,0.54719078540802,/content/outputs/inference/answersheet/model_finetune_640_results/res_848d8cadf47dcf574f1029e1aa69fa1a_jpg_22.pkl
185,25,228,40,188,25,227,25,227,39,188,39,ccccctooaadalllldlllldldlfd,colle,0.5054792165756226,0.24701973851080294,0.518882821003596,/content/outputs/inference/answersheet/model_finetune_640_results/res_848d8cadf47dcf574f1029e1aa69fa1a_jpg_23.pkl
320,114,350,124,320,114,349,114,349,123,320,123,adhhe,and,0.5953242182731628,0.14872676879167557,0.589903824031353,/content/outputs/inference/answersheet/model_finetune_640_results/res_848d8cadf47dcf574f1029e1aa69fa1a_jpg_24.pkl
113,105,140,114,113,105,139,105,139,113,113,113,ssnnnsssss,sale,0.5962100028991699,0.2076741248369217,0.6543055504560471,/content/outputs/inference/answersheet/model_finetune_640_results/res_848d8cadf47dcf574f1029e1aa69fa1a_jpg_25.pkl
