318,364,369,377,318,364,367,364,367,375,318,375,uadddiao,the,0.6292045712471008,0.13083075731992722,0.3680359795689583,/content/outputs/inference/answersheet/model_finetune_640_results/res_094f81b0f2be2b7524fa9a156228d543_jpg_0.pkl
84,350,139,363,84,350,138,350,138,362,84,362,sttterfffteeeeeee,street,0.51446133852005,0.31567687585073356,0.6383975446224213,/content/outputs/inference/answersheet/model_finetune_640_results/res_094f81b0f2be2b7524fa9a156228d543_jpg_1.pkl
62,14,86,23,64,14,85,14,85,22,64,22,sanna,and,0.5273019075393677,0.14073722660541535,0.5312145780771971,/content/outputs/inference/answersheet/model_finetune_640_results/res_094f81b0f2be2b7524fa9a156228d543_jpg_2.pkl
174,154,234,167,174,154,233,154,233,166,174,166,dedddffee,coffee,0.6208469271659851,0.23999453170431984,0.6154055829559054,/content/outputs/inference/answersheet/model_finetune_640_results/res_094f81b0f2be2b7524fa9a156228d543_jpg_3.pkl
334,111,389,123,334,111,385,111,385,122,334,122,alreahaaaaeaath,the,0.6809329986572266,0.16324061552683514,0.41431665793061256,/content/outputs/inference/answersheet/model_finetune_640_results/res_094f81b0f2be2b7524fa9a156228d543_jpg_4.pkl
61,7,87,17,63,7,86,7,86,16,63,16,ttllhaaaaaaaaaaaa,more,0.5680360198020935,0.13534148300395293,0.4306196257472038,/content/outputs/inference/answersheet/model_finetune_640_results/res_094f81b0f2be2b7524fa9a156228d543_jpg_5.pkl
178,109,227,120,178,109,226,109,226,119,178,119,yete,from,0.538873016834259,0.10955523326992989,0.48880869448184966,/content/outputs/inference/answersheet/model_finetune_640_results/res_094f81b0f2be2b7524fa9a156228d543_jpg_6.pkl
151,109,174,119,151,109,173,109,173,118,151,118,aaaea,the,0.6777582764625549,0.20117430984973908,0.45611866749823093,/content/outputs/inference/answersheet/model_finetune_640_results/res_094f81b0f2be2b7524fa9a156228d543_jpg_7.pkl
297,175,364,188,297,175,363,175,363,187,297,187,aeae,rester,0.6649630069732666,0.2922699321061373,0.4656627061111586,/content/outputs/inference/answersheet/model_finetune_640_results/res_094f81b0f2be2b7524fa9a156228d543_jpg_8.pkl
352,146,377,155,352,146,376,146,376,154,352,154,e,the,0.7367834448814392,0.12417052686214447,0.5772788412868977,/content/outputs/inference/answersheet/model_finetune_640_results/res_094f81b0f2be2b7524fa9a156228d543_jpg_9.pkl
243,110,271,119,243,110,270,110,270,118,243,118,tfeeeesssese,from,0.6754277944564819,0.14641309591631094,0.6401324570178986,/content/outputs/inference/answersheet/model_finetune_640_results/res_094f81b0f2be2b7524fa9a156228d543_jpg_10.pkl
235,123,261,133,235,123,260,123,260,132,235,132,eeeeeeeeaaattrffrfft,chart,0.6924862265586853,0.17329661399126053,0.3848806694149971,/content/outputs/inference/answersheet/model_finetune_640_results/res_094f81b0f2be2b7524fa9a156228d543_jpg_11.pkl
129,12,155,20,129,12,154,12,154,19,129,19,cccdddddhhhhaaahadayyyyyyy,chool,0.5528879761695862,0.18957889911073905,0.424516295393308,/content/outputs/inference/answersheet/model_finetune_640_results/res_094f81b0f2be2b7524fa9a156228d543_jpg_12.pkl
241,12,270,21,241,12,269,12,269,20,241,20,fetttteeee,from,0.5162453055381775,0.11974019557237625,0.6068731263279915,/content/outputs/inference/answersheet/model_finetune_640_results/res_094f81b0f2be2b7524fa9a156228d543_jpg_13.pkl
196,11,236,22,198,11,235,11,235,21,198,21,sse,from,0.5278530120849609,0.13494920482238135,0.5740679934620857,/content/outputs/inference/answersheet/model_finetune_640_results/res_094f81b0f2be2b7524fa9a156228d543_jpg_14.pkl
292,110,320,120,292,110,319,110,319,119,292,119,ddadssat,sender,0.6606217622756958,0.14669390860944986,0.5536818078586033,/content/outputs/inference/answersheet/model_finetune_640_results/res_094f81b0f2be2b7524fa9a156228d543_jpg_15.pkl
174,175,196,186,174,175,195,175,195,185,174,185,afaffftffhffeeennnnnnnnnnn,off,0.7123469710350037,0.15016269253996703,0.627911064773798,/content/outputs/inference/answersheet/model_finetune_640_results/res_094f81b0f2be2b7524fa9a156228d543_jpg_16.pkl
329,132,355,143,329,132,354,132,354,142,329,142,taaaaaaattttftee,the,0.6585923433303833,0.27331290021538734,0.6976946145296097,/content/outputs/inference/answersheet/model_finetune_640_results/res_094f81b0f2be2b7524fa9a156228d543_jpg_17.pkl
322,53,363,68,322,53,362,53,362,67,322,67,heoesseoaneee,from,0.5530960559844971,0.15289507118555215,0.6333504974842071,/content/outputs/inference/answersheet/model_finetune_640_results/res_094f81b0f2be2b7524fa9a156228d543_jpg_18.pkl
258,144,289,155,258,144,288,144,288,154,258,154,fnnnnnyhh,from,0.6689382195472717,0.1551165125436253,0.5885652482509613,/content/outputs/inference/answersheet/model_finetune_640_results/res_094f81b0f2be2b7524fa9a156228d543_jpg_19.pkl
297,187,379,200,297,187,378,187,378,199,297,199,essaae,forders,0.6360778212547302,0.1973733752965927,0.42351279221475124,/content/outputs/inference/answersheet/model_finetune_640_results/res_094f81b0f2be2b7524fa9a156228d543_jpg_20.pkl
92,11,121,21,92,11,120,11,120,20,92,20,kkkssccssccssssssssssssssscrseyyyy,sale,0.7102808356285095,0.2871873926590471,0.5382802098989486,/content/outputs/inference/answersheet/model_finetune_640_results/res_094f81b0f2be2b7524fa9a156228d543_jpg_21.pkl
85,153,114,164,85,153,113,153,113,163,85,163,saaaaaaaaallller,sale,0.7433391809463501,0.19516601134091616,0.5119435399770736,/content/outputs/inference/answersheet/model_finetune_640_results/res_094f81b0f2be2b7524fa9a156228d543_jpg_22.pkl
213,133,237,144,213,133,236,133,236,143,213,143,dthttthhaaaaaaaaaaaaaaeeeeeeeeeeeeeeeeeeeeeeee,the,0.5299002528190613,0.30713501524018205,0.5633378513157368,/content/outputs/inference/answersheet/model_finetune_640_results/res_094f81b0f2be2b7524fa9a156228d543_jpg_23.pkl
