305,38,374,52,305,38,373,38,373,51,305,51,taaae,from,0.5155975818634033,0.216979455947876,0.5964152008295059,/content/outputs/inference/answersheet/model_finetune_640_results/res_53c3713fb4ef4bbb458bd7911c9233ab_jpg_0.pkl
220,41,268,53,222,41,267,41,267,52,222,52,hehhaa,was,0.5143773555755615,0.1285641205807527,0.40840510092675686,/content/outputs/inference/answersheet/model_finetune_640_results/res_53c3713fb4ef4bbb458bd7911c9233ab_jpg_1.pkl
93,294,136,306,96,294,135,294,135,305,96,305,aeaaaaeaa,and,0.5419642925262451,0.22819595783948898,0.5177638120949268,/content/outputs/inference/answersheet/model_finetune_640_results/res_53c3713fb4ef4bbb458bd7911c9233ab_jpg_2.pkl
137,306,183,319,137,306,182,306,182,318,137,318,fte,refersity,0.5634548664093018,0.1980838825305303,0.556987039744854,/content/outputs/inference/answersheet/model_finetune_640_results/res_53c3713fb4ef4bbb458bd7911c9233ab_jpg_3.pkl
113,42,164,53,115,42,163,42,163,52,115,52,aaaeeaaatthheeeeeedddttte,from,0.5526333451271057,0.1987844803929329,0.5862747773528099,/content/outputs/inference/answersheet/model_finetune_640_results/res_53c3713fb4ef4bbb458bd7911c9233ab_jpg_4.pkl
308,295,331,305,308,295,330,295,330,304,308,304,afttte,from,0.6196664571762085,0.1962846244374911,0.66985302567482,/content/outputs/inference/answersheet/model_finetune_640_results/res_53c3713fb4ef4bbb458bd7911c9233ab_jpg_5.pkl
166,296,186,305,166,296,185,296,185,304,166,304,ssttithhtt,the,0.5023041367530823,0.16206443756818772,0.752769373357296,/content/outputs/inference/answersheet/model_finetune_640_results/res_53c3713fb4ef4bbb458bd7911c9233ab_jpg_6.pkl
156,62,211,74,156,62,210,62,210,73,156,73,ttteae,stevers,0.5512453317642212,0.24591499070326486,0.39998432621359825,/content/outputs/inference/answersheet/model_finetune_640_results/res_53c3713fb4ef4bbb458bd7911c9233ab_jpg_7.pkl
80,384,106,395,80,384,105,384,105,394,80,394,aannnua,from,0.5513544678688049,0.10939038970640727,0.5480785638093948,/content/outputs/inference/answersheet/model_finetune_640_results/res_53c3713fb4ef4bbb458bd7911c9233ab_jpg_8.pkl
328,294,372,306,328,294,370,294,370,304,328,304,ffeaaeddddddd,from,0.7607465982437134,0.22993110349545112,0.5685533195734024,/content/outputs/inference/answersheet/model_finetune_640_results/res_53c3713fb4ef4bbb458bd7911c9233ab_jpg_9.pkl
123,44,149,54,123,44,148,44,148,53,123,53,ttheee,the,0.5878512263298035,0.17546800523996353,0.5509713664650917,/content/outputs/inference/answersheet/model_finetune_640_results/res_53c3713fb4ef4bbb458bd7911c9233ab_jpg_10.pkl
284,383,359,397,286,383,358,383,358,396,286,396,aaaeen,save,0.5656143426895142,0.19556284447511038,0.5351043999195099,/content/outputs/inference/answersheet/model_finetune_640_results/res_53c3713fb4ef4bbb458bd7911c9233ab_jpg_11.pkl
210,296,237,306,210,296,236,296,236,305,210,305,tteatllt,from,0.547076940536499,0.2263852609321475,0.56702900826931,/content/outputs/inference/answersheet/model_finetune_640_results/res_53c3713fb4ef4bbb458bd7911c9233ab_jpg_12.pkl
297,308,324,319,297,308,323,308,323,318,297,318,yseey,from,0.5110630989074707,0.09759894907474517,0.5795196741819382,/content/outputs/inference/answersheet/model_finetune_640_results/res_53c3713fb4ef4bbb458bd7911c9233ab_jpg_13.pkl
129,293,190,306,129,293,189,293,189,305,129,305,ffeesstt,from,0.5358782410621643,0.16816789843142033,0.5632747426629067,/content/outputs/inference/answersheet/model_finetune_640_results/res_53c3713fb4ef4bbb458bd7911c9233ab_jpg_14.pkl
86,43,112,53,86,43,111,43,111,52,86,52,aaanannnnnnnnnneeeeeeeeeee,and,0.7068674564361572,0.22938315570354462,0.5792343076318502,/content/outputs/inference/answersheet/model_finetune_640_results/res_53c3713fb4ef4bbb458bd7911c9233ab_jpg_15.pkl
328,274,349,283,328,274,348,274,348,282,328,282,tttoeee,the,0.6079864501953125,0.22529942861625127,0.637807309627533,/content/outputs/inference/answersheet/model_finetune_640_results/res_53c3713fb4ef4bbb458bd7911c9233ab_jpg_16.pkl
95,296,117,306,95,296,116,296,116,305,95,305,aaaeeee,are,0.6295101642608643,0.39137730428150724,0.717709518969059,/content/outputs/inference/answersheet/model_finetune_640_results/res_53c3713fb4ef4bbb458bd7911c9233ab_jpg_17.pkl
267,298,287,306,267,298,286,298,286,305,267,305,tcateee,can,0.6338083148002625,0.16583813620465143,0.463011272251606,/content/outputs/inference/answersheet/model_finetune_640_results/res_53c3713fb4ef4bbb458bd7911c9233ab_jpg_18.pkl
307,41,330,50,307,41,329,41,329,49,307,49,ha,the,0.5828598737716675,0.14165391772985458,0.5143682360649109,/content/outputs/inference/answersheet/model_finetune_640_results/res_53c3713fb4ef4bbb458bd7911c9233ab_jpg_19.pkl
324,340,354,351,324,340,353,340,353,350,324,350,e,offee,0.5079354047775269,0.1749119907617569,0.5818488125999769,/content/outputs/inference/answersheet/model_finetune_640_results/res_53c3713fb4ef4bbb458bd7911c9233ab_jpg_20.pkl
98,308,115,317,100,308,114,308,114,316,100,316,tee,the,0.6655508279800415,0.2972569167613983,0.831239178776741,/content/outputs/inference/answersheet/model_finetune_640_results/res_53c3713fb4ef4bbb458bd7911c9233ab_jpg_21.pkl
83,7,118,18,86,9,117,9,117,17,86,17,liiie,sale,0.7266653776168823,0.2110444575548172,0.5400737166404724,/content/outputs/inference/answersheet/model_finetune_640_results/res_53c3713fb4ef4bbb458bd7911c9233ab_jpg_22.pkl
