289,17,401,36,296,19,395,19,395,35,296,35,efoeoahneeeee,from,0.5439610481262207,0.17865944997622416,0.5577420577406883,/content/outputs/inference/answersheet/model_finetune_640_results/res_4c213c5adae3726b27ca0b09a2cb01c1_jpg_0.pkl
236,22,303,32,238,22,302,22,302,31,238,31,eeeeaeee,come,0.5829565525054932,0.1853808220475912,0.3742250621318817,/content/outputs/inference/answersheet/model_finetune_640_results/res_4c213c5adae3726b27ca0b09a2cb01c1_jpg_1.pkl
50,24,75,36,50,24,74,24,74,35,50,35,ffffheeeeeeeeeee,from,0.6854689121246338,0.15720623452216387,0.6896352976560592,/content/outputs/inference/answersheet/model_finetune_640_results/res_4c213c5adae3726b27ca0b09a2cb01c1_jpg_2.pkl
308,24,332,33,308,24,331,24,331,32,308,32,aeeooeannuueeeeeeeeeeee,from,0.7328329086303711,0.2096047786914784,0.6461594343185425,/content/outputs/inference/answersheet/model_finetune_640_results/res_4c213c5adae3726b27ca0b09a2cb01c1_jpg_3.pkl
350,48,380,68,350,48,379,48,379,67,350,67,oddd,go,0.66546231508255,0.3845571391284466,0.5827466348807017,/content/outputs/inference/answersheet/model_finetune_640_results/res_4c213c5adae3726b27ca0b09a2cb01c1_jpg_4.pkl
347,20,395,32,347,20,394,20,394,31,347,31,theneeeeeeee,the,0.7154006958007812,0.22520220341781774,0.6311174407601357,/content/outputs/inference/answersheet/model_finetune_640_results/res_4c213c5adae3726b27ca0b09a2cb01c1_jpg_5.pkl
304,22,350,33,304,22,349,22,349,32,304,32,fneaaal,from,0.5544231534004211,0.1612402360354151,0.6254987135529518,/content/outputs/inference/answersheet/model_finetune_640_results/res_4c213c5adae3726b27ca0b09a2cb01c1_jpg_6.pkl
195,22,226,34,195,22,225,22,225,33,195,33,aaaeeeeee,the,0.622603178024292,0.21270420981778038,0.6258721277117729,/content/outputs/inference/answersheet/model_finetune_640_results/res_4c213c5adae3726b27ca0b09a2cb01c1_jpg_7.pkl
118,24,146,36,118,24,145,24,145,35,118,35,deeee,and,0.5455403923988342,0.13944267928600312,0.46143671311438084,/content/outputs/inference/answersheet/model_finetune_640_results/res_4c213c5adae3726b27ca0b09a2cb01c1_jpg_8.pkl
47,18,79,32,49,20,78,20,78,31,49,31,ffe,from,0.5617221593856812,0.14211168636878332,0.7056434065103531,/content/outputs/inference/answersheet/model_finetune_640_results/res_4c213c5adae3726b27ca0b09a2cb01c1_jpg_9.pkl
