47,28,91,40,47,28,90,28,90,39,47,39,eeaaaaaaaaaaaaae,stever,0.7941994071006775,0.2444475842639804,0.5113951308386666,/content/outputs/inference/answersheet/model_finetune_640_results/res_f11031cf25e85288fe1f4368d5d157c5_jpg_0.pkl
125,183,185,199,125,183,184,183,184,198,125,198,eaatt,was,0.5091726183891296,0.20513333678245543,0.2765484359115362,/content/outputs/inference/answersheet/model_finetune_640_results/res_f11031cf25e85288fe1f4368d5d157c5_jpg_1.pkl
247,174,291,186,247,174,290,174,290,185,247,185,eeednnn,straid,0.653789758682251,0.11966595905167716,0.35868011840752195,/content/outputs/inference/answersheet/model_finetune_640_results/res_f11031cf25e85288fe1f4368d5d157c5_jpg_2.pkl
227,98,242,106,227,98,241,98,241,105,227,105,1111099099,10,0.583324670791626,0.3028616219758987,0.7301391859849294,/content/outputs/inference/answersheet/model_finetune_640_results/res_f11031cf25e85288fe1f4368d5d157c5_jpg_3.pkl
228,252,247,261,228,252,246,252,246,260,228,260,dsoooooooooyyyyy,and,0.5948363542556763,0.18965230975300074,0.5827672630548477,/content/outputs/inference/answersheet/model_finetune_640_results/res_f11031cf25e85288fe1f4368d5d157c5_jpg_4.pkl
41,184,111,196,41,184,109,184,109,194,41,194,nnnnanteaaaasassy,news,0.6110134720802307,0.24254008689347437,0.4837243385612965,/content/outputs/inference/answersheet/model_finetune_640_results/res_f11031cf25e85288fe1f4368d5d157c5_jpg_5.pkl
170,95,244,107,170,95,241,95,241,106,170,106,sberseeeeeeetto,bread,0.5668675303459167,0.18293260236581166,0.36751048515240353,/content/outputs/inference/answersheet/model_finetune_640_results/res_f11031cf25e85288fe1f4368d5d157c5_jpg_6.pkl
214,176,241,186,214,176,240,176,240,185,214,185,taaantt,come,0.5259907841682434,0.15931891011340277,0.3187889695167542,/content/outputs/inference/answersheet/model_finetune_640_results/res_f11031cf25e85288fe1f4368d5d157c5_jpg_7.pkl
168,208,193,218,168,208,192,208,192,217,168,217,aad,did,0.761247992515564,0.14745460947354636,0.48701512441039085,/content/outputs/inference/answersheet/model_finetune_640_results/res_f11031cf25e85288fe1f4368d5d157c5_jpg_8.pkl
191,173,245,186,191,173,244,173,244,185,191,185,vvaaat,from,0.5012062788009644,0.15742148955663046,0.5830514475703239,/content/outputs/inference/answersheet/model_finetune_640_results/res_f11031cf25e85288fe1f4368d5d157c5_jpg_9.pkl
174,296,196,306,174,296,195,296,195,305,174,305,saaaaaaaaaaadoss,the,0.7494872808456421,0.1316720242612064,0.5530787222087383,/content/outputs/inference/answersheet/model_finetune_640_results/res_f11031cf25e85288fe1f4368d5d157c5_jpg_10.pkl
143,317,170,328,143,317,169,317,169,327,143,327,ggggooooy,for,0.613403856754303,0.2319486430949635,0.5486698094755411,/content/outputs/inference/answersheet/model_finetune_640_results/res_f11031cf25e85288fe1f4368d5d157c5_jpg_11.pkl
10,19,35,31,10,19,34,19,34,30,10,30,aaaaaaaaiiiaaa,all,0.5328587889671326,0.3727633176105363,0.6636009514331818,/content/outputs/inference/answersheet/model_finetune_640_results/res_f11031cf25e85288fe1f4368d5d157c5_jpg_12.pkl
196,274,218,282,196,274,217,274,217,281,196,281,ksa11333e,for,0.621772825717926,0.11226868795024024,0.5369011238217354,/content/outputs/inference/answersheet/model_finetune_640_results/res_f11031cf25e85288fe1f4368d5d157c5_jpg_13.pkl
197,228,218,238,197,228,217,228,217,237,197,237,ffttton,the,0.8175170421600342,0.32382246213299887,0.5587738007307053,/content/outputs/inference/answersheet/model_finetune_640_results/res_f11031cf25e85288fe1f4368d5d157c5_jpg_14.pkl
205,76,219,84,205,76,218,76,218,83,205,83,90nnnnnnnnnn,19,0.7090920209884644,0.12703093017141023,0.7222800453503927,/content/outputs/inference/answersheet/model_finetune_640_results/res_f11031cf25e85288fe1f4368d5d157c5_jpg_15.pkl
333,179,361,187,333,179,358,179,358,186,333,186,aaurt,date,0.5196350812911987,0.11314539909362793,0.48941789418458936,/content/outputs/inference/answersheet/model_finetune_640_results/res_f11031cf25e85288fe1f4368d5d157c5_jpg_16.pkl
164,174,192,185,164,174,191,174,191,184,164,184,eee,and,0.5608648061752319,0.15154411643743515,0.5150980390608311,/content/outputs/inference/answersheet/model_finetune_640_results/res_f11031cf25e85288fe1f4368d5d157c5_jpg_17.pkl
165,340,190,350,165,340,189,340,189,349,165,349,ffttd3333dddd,and,0.660172700881958,0.1983739802470574,0.6153626637533307,/content/outputs/inference/answersheet/model_finetune_640_results/res_f11031cf25e85288fe1f4368d5d157c5_jpg_18.pkl
51,51,79,62,51,51,78,51,78,61,51,61,eaaaaaaaaaaaaa11iee,that,0.7643793821334839,0.1855570658257133,0.5634526252746582,/content/outputs/inference/answersheet/model_finetune_640_results/res_f11031cf25e85288fe1f4368d5d157c5_jpg_19.pkl
