288,129,361,142,288,129,360,129,360,141,288,141,oaoeaeet,organ,0.8322881460189819,0.25978880375623703,0.38817498087882996,/content/outputs/inference/answersheet/model_finetune_640_results/res_d01ba18411ee3d25075f204ef19771da_jpg_0.pkl
196,96,259,112,196,96,258,98,257,112,196,109,feaeaae,greath,0.7512407302856445,0.22077410135950362,0.3428661525249481,/content/outputs/inference/answersheet/model_finetune_640_results/res_d01ba18411ee3d25075f204ef19771da_jpg_1.pkl
281,19,330,29,281,19,329,19,329,28,281,28,tyyaeaeee,from,0.5754442811012268,0.11606657670603858,0.5321759536862374,/content/outputs/inference/answersheet/model_finetune_640_results/res_d01ba18411ee3d25075f204ef19771da_jpg_2.pkl
155,339,244,353,155,339,243,339,243,352,155,352,yytfesaesaaed,coffers,0.6218337416648865,0.20955709253366178,0.46864138171076775,/content/outputs/inference/answersheet/model_finetune_640_results/res_d01ba18411ee3d25075f204ef19771da_jpg_3.pkl
329,9,370,19,329,9,369,9,369,18,329,18,ccchede,come,0.6779407262802124,0.20891367005450384,0.48225989788770673,/content/outputs/inference/answersheet/model_finetune_640_results/res_d01ba18411ee3d25075f204ef19771da_jpg_4.pkl
139,240,214,253,139,240,211,240,211,252,139,252,ttaaeeeasiooy,from,0.5170624256134033,0.2530130228170982,0.5176498673856258,/content/outputs/inference/answersheet/model_finetune_640_results/res_d01ba18411ee3d25075f204ef19771da_jpg_5.pkl
155,296,240,313,155,296,239,296,239,312,155,312,aesaaae,messageid,0.6642946600914001,0.23073962330818176,0.647859425470233,/content/outputs/inference/answersheet/model_finetune_640_results/res_d01ba18411ee3d25075f204ef19771da_jpg_6.pkl
143,19,197,29,145,19,193,19,193,27,145,27,eeeeeeeeaffff,from,0.5386757850646973,0.14704689956628358,0.5615590244531632,/content/outputs/inference/answersheet/model_finetune_640_results/res_d01ba18411ee3d25075f204ef19771da_jpg_7.pkl
154,218,266,235,154,218,265,220,264,235,154,232,eaeeaaeaaaa,subject,0.6729122996330261,0.15621589936993338,0.41249779146164656,/content/outputs/inference/answersheet/model_finetune_640_results/res_d01ba18411ee3d25075f204ef19771da_jpg_8.pkl
177,174,260,189,177,174,259,174,259,188,177,188,ecaaaphaad,schops,0.6680758595466614,0.20403603911399842,0.43145324076925007,/content/outputs/inference/answersheet/model_finetune_640_results/res_d01ba18411ee3d25075f204ef19771da_jpg_9.pkl
232,19,286,31,232,19,282,19,282,29,232,29,eallggggaeeeeaentl,sale,0.5062977075576782,0.11121255945828226,0.43660545349121094,/content/outputs/inference/answersheet/model_finetune_640_results/res_d01ba18411ee3d25075f204ef19771da_jpg_10.pkl
133,104,196,120,133,104,193,104,193,119,133,119,aeetteeessyy,the,0.5513937473297119,0.20989250764250755,0.4839579425752163,/content/outputs/inference/answersheet/model_finetune_640_results/res_d01ba18411ee3d25075f204ef19771da_jpg_11.pkl
91,19,137,28,91,19,133,19,133,26,91,26,llleooeeeoeedef,from,0.5799826979637146,0.13387801746527353,0.5845612108707428,/content/outputs/inference/answersheet/model_finetune_640_results/res_d01ba18411ee3d25075f204ef19771da_jpg_12.pkl
104,298,128,306,104,298,127,298,127,305,104,305,ta,the,0.6832281947135925,0.15499156340956688,0.5713195130228996,/content/outputs/inference/answersheet/model_finetune_640_results/res_d01ba18411ee3d25075f204ef19771da_jpg_13.pkl
109,221,134,230,109,221,133,221,133,229,109,229,ateeeeee,sale,0.6957370042800903,0.2626803610473871,0.6381005972623826,/content/outputs/inference/answersheet/model_finetune_640_results/res_d01ba18411ee3d25075f204ef19771da_jpg_14.pkl
109,341,135,352,109,341,134,341,134,351,109,351,taaatth,from,0.6561294198036194,0.1874477160828454,0.6296191036701202,/content/outputs/inference/answersheet/model_finetune_640_results/res_d01ba18411ee3d25075f204ef19771da_jpg_15.pkl
140,242,158,253,140,242,157,242,157,252,140,252,taaaff,the,0.5427064895629883,0.18357626597086588,0.5824835225939751,/content/outputs/inference/answersheet/model_finetune_640_results/res_d01ba18411ee3d25075f204ef19771da_jpg_16.pkl
113,386,141,396,113,386,140,386,140,395,113,395,aaaee,the,0.6738266944885254,0.1503681033849716,0.5692640151828527,/content/outputs/inference/answersheet/model_finetune_640_results/res_d01ba18411ee3d25075f204ef19771da_jpg_17.pkl
93,177,114,186,93,177,113,177,113,185,93,185,ataaattt,from,0.56655353307724,0.19410105794668198,0.6298710942268372,/content/outputs/inference/answersheet/model_finetune_640_results/res_d01ba18411ee3d25075f204ef19771da_jpg_18.pkl
99,70,213,91,104,74,211,72,212,89,105,91,aeeoi,compersity,0.5382713675498962,0.1291474536061287,0.4567522555589676,/content/outputs/inference/answersheet/model_finetune_640_results/res_d01ba18411ee3d25075f204ef19771da_jpg_19.pkl
187,385,269,397,187,385,268,385,268,396,187,396,tttttdbhgggiygadnnnyy,the,0.6535777449607849,0.21293224128229277,0.28581858053803444,/content/outputs/inference/answersheet/model_finetune_640_results/res_d01ba18411ee3d25075f204ef19771da_jpg_20.pkl
147,386,172,396,147,386,171,386,171,395,147,395,sad,sender,0.5770423412322998,0.0988682210445404,0.5739428571292332,/content/outputs/inference/answersheet/model_finetune_640_results/res_d01ba18411ee3d25075f204ef19771da_jpg_21.pkl
152,221,174,230,152,221,173,221,173,229,152,229,aee,the,0.640383243560791,0.09203725556532542,0.610777972266078,/content/outputs/inference/answersheet/model_finetune_640_results/res_d01ba18411ee3d25075f204ef19771da_jpg_22.pkl
