60,12,101,23,60,12,100,12,100,22,60,22,ltaee,spe,0.6247450709342957,0.1388114273548126,0.3369333744049072,/content/outputs/inference/answersheet/model_finetune_640_results/res_919483fc8513b7151876bbd3169fd498_jpg_0.pkl
264,211,288,220,264,211,287,211,287,219,264,219,oc4oihhhhha44444444444sssssssssssssssseaaae,off,0.6617477536201477,0.15178515276936597,0.6041447259485722,/content/outputs/inference/answersheet/model_finetune_640_results/res_919483fc8513b7151876bbd3169fd498_jpg_1.pkl
288,144,310,154,288,144,309,144,309,153,288,153,dddpppdddddd,did,0.7085135579109192,0.4054027547438939,0.6999059915542603,/content/outputs/inference/answersheet/model_finetune_640_results/res_919483fc8513b7151876bbd3169fd498_jpg_2.pkl
239,364,302,375,245,364,301,364,301,374,245,374,gattaeeesssssssseaeeeeeesss,offee,0.546543300151825,0.1488908921126966,0.5417042449116707,/content/outputs/inference/answersheet/model_finetune_640_results/res_919483fc8513b7151876bbd3169fd498_jpg_3.pkl
61,21,108,33,63,21,105,21,105,32,63,32,sdlleeeeeeeeds,sender,0.6244807839393616,0.15359938623649733,0.5098098686763218,/content/outputs/inference/answersheet/model_finetune_640_results/res_919483fc8513b7151876bbd3169fd498_jpg_4.pkl
268,348,289,356,268,348,288,348,288,355,268,355,ttttttteeteeeeeddyddddyoynw,the,0.5725136399269104,0.13454948945177925,0.6284078508615494,/content/outputs/inference/answersheet/model_finetune_640_results/res_919483fc8513b7151876bbd3169fd498_jpg_5.pkl
280,298,301,307,280,298,300,298,300,306,280,306,ddarrrt,the,0.5627204179763794,0.11138920060225896,0.5563519541174173,/content/outputs/inference/answersheet/model_finetune_640_results/res_919483fc8513b7151876bbd3169fd498_jpg_6.pkl
292,281,311,291,292,281,310,281,310,290,292,290,aehhteeeoe,the,0.6682199835777283,0.12034648731350898,0.6628198027610779,/content/outputs/inference/answersheet/model_finetune_640_results/res_919483fc8513b7151876bbd3169fd498_jpg_7.pkl
73,89,136,102,76,89,135,89,135,101,76,101,ttttoataaye,the,0.5935142636299133,0.22682339494878595,0.35728079453110695,/content/outputs/inference/answersheet/model_finetune_640_results/res_919483fc8513b7151876bbd3169fd498_jpg_8.pkl
230,14,256,24,230,14,255,14,255,23,230,23,etre,the,0.7099756002426147,0.11967088654637337,0.47098507825285196,/content/outputs/inference/answersheet/model_finetune_640_results/res_919483fc8513b7151876bbd3169fd498_jpg_9.pkl
239,114,375,125,243,114,373,114,373,123,243,123,eeaesaaaetee,some,0.5582871437072754,0.1525020313759645,0.415420800447464,/content/outputs/inference/answersheet/model_finetune_640_results/res_919483fc8513b7151876bbd3169fd498_jpg_10.pkl
255,310,330,322,260,310,328,310,328,320,260,320,gtleatttt,greater,0.5764625668525696,0.27750588208436966,0.549205731600523,/content/outputs/inference/answersheet/model_finetune_640_results/res_919483fc8513b7151876bbd3169fd498_jpg_11.pkl
70,87,211,104,75,89,209,89,209,102,75,102,ioaaeeeaaaaiak,coffeen,0.6745080351829529,0.18233312187450273,0.44154463429003954,/content/outputs/inference/answersheet/model_finetune_640_results/res_919483fc8513b7151876bbd3169fd498_jpg_12.pkl
