123,76,194,92,123,76,192,76,192,90,123,90,tttternnttaaaeeeddd,restrand,0.7541593313217163,0.2037539176250759,0.4758017228709327,/content/outputs/inference/answersheet/model_finetune_640_results/res_5b86575d661ac6f5c824dea60334b6f5_jpg_0.pkl
290,286,345,303,292,285,344,288,343,304,291,300,aee,coffeen,0.6582579016685486,0.16615021973848343,0.4779122471809387,/content/outputs/inference/answersheet/model_finetune_640_results/res_5b86575d661ac6f5c824dea60334b6f5_jpg_1.pkl
221,234,264,246,221,234,263,234,263,245,221,245,nsaaaleewrr,from,0.6259153485298157,0.18146142702211032,0.4945852354168892,/content/outputs/inference/answersheet/model_finetune_640_results/res_5b86575d661ac6f5c824dea60334b6f5_jpg_2.pkl
133,243,181,255,133,243,180,243,180,254,133,254,haseooee,restrice,0.521653413772583,0.11779324058443308,0.3975939096675979,/content/outputs/inference/answersheet/model_finetune_640_results/res_5b86575d661ac6f5c824dea60334b6f5_jpg_3.pkl
120,39,202,58,123,39,201,39,201,57,123,57,nesse,need,0.7206598520278931,0.22952655851840972,0.3906605541706085,/content/outputs/inference/answersheet/model_finetune_640_results/res_5b86575d661ac6f5c824dea60334b6f5_jpg_4.pkl
266,268,307,279,266,268,306,268,306,278,266,278,iaaade,from,0.5690460205078125,0.21426770960291228,0.6136740803718567,/content/outputs/inference/answersheet/model_finetune_640_results/res_5b86575d661ac6f5c824dea60334b6f5_jpg_5.pkl
349,322,409,335,349,322,408,322,408,334,349,334,tttthhde,the,0.6436452269554138,0.24909493699669838,0.46567387878894806,/content/outputs/inference/answersheet/model_finetune_640_results/res_5b86575d661ac6f5c824dea60334b6f5_jpg_6.pkl
284,323,339,335,284,323,338,323,338,334,284,334,ttttoottttee,for,0.6118730306625366,0.17510310746729374,0.40050672739744186,/content/outputs/inference/answersheet/model_finetune_640_results/res_5b86575d661ac6f5c824dea60334b6f5_jpg_7.pkl
287,233,341,246,290,233,339,233,339,244,290,244,eaessedddddddedeeeeeeeeayy,messageid,0.5525287389755249,0.13396235154225275,0.6065318264067173,/content/outputs/inference/answersheet/model_finetune_640_results/res_5b86575d661ac6f5c824dea60334b6f5_jpg_8.pkl
119,133,142,144,119,133,141,133,141,143,119,143,nnnnnnnnndattttttt,and,0.6428306102752686,0.41138255844513577,0.7195613235235214,/content/outputs/inference/answersheet/model_finetune_640_results/res_5b86575d661ac6f5c824dea60334b6f5_jpg_9.pkl
184,223,226,234,184,223,225,223,225,233,184,233,pe,from,0.559009313583374,0.09478774294257164,0.5528659716248512,/content/outputs/inference/answersheet/model_finetune_640_results/res_5b86575d661ac6f5c824dea60334b6f5_jpg_10.pkl
321,269,344,281,321,269,343,269,343,280,321,280,ttssaaaaaatttddteeeee,sale,0.711001992225647,0.141106611206418,0.6698712646961212,/content/outputs/inference/answersheet/model_finetune_640_results/res_5b86575d661ac6f5c824dea60334b6f5_jpg_11.pkl
66,223,85,232,66,223,84,223,84,231,66,231,tanannnnnnnnnaaaaatta,the,0.6518023610115051,0.12662616797855922,0.6367681846022606,/content/outputs/inference/answersheet/model_finetune_640_results/res_5b86575d661ac6f5c824dea60334b6f5_jpg_12.pkl
114,78,135,89,114,78,134,78,134,88,114,88,hhhhttttttt,the,0.6330788731575012,0.3664892573248256,0.6091600880026817,/content/outputs/inference/answersheet/model_finetune_640_results/res_5b86575d661ac6f5c824dea60334b6f5_jpg_13.pkl
115,105,151,121,117,105,150,105,150,120,117,120,yhhnee,the,0.7543981075286865,0.1322681891421477,0.6890171207487583,/content/outputs/inference/answersheet/model_finetune_640_results/res_5b86575d661ac6f5c824dea60334b6f5_jpg_14.pkl
138,224,162,233,138,224,161,224,161,232,138,232,dddhaahhae,the,0.5228126645088196,0.10573712065815925,0.6467074695974588,/content/outputs/inference/answersheet/model_finetune_640_results/res_5b86575d661ac6f5c824dea60334b6f5_jpg_15.pkl
315,226,342,236,315,226,341,226,341,235,315,235,toent,from,0.588529109954834,0.08091262057423591,0.6265770867466927,/content/outputs/inference/answersheet/model_finetune_640_results/res_5b86575d661ac6f5c824dea60334b6f5_jpg_16.pkl
322,388,409,402,322,388,408,388,408,401,322,401,leggopdfdfdt,coffee,0.5252203345298767,0.23398263504107794,0.4948654834713255,/content/outputs/inference/answersheet/model_finetune_640_results/res_5b86575d661ac6f5c824dea60334b6f5_jpg_17.pkl
175,114,197,122,175,114,196,114,196,121,175,121,attthhhhhhhhhhhthhhhhhhhheeeeeeaaaaaaa,the,0.5892176628112793,0.16159215726350484,0.6314923986792564,/content/outputs/inference/answersheet/model_finetune_640_results/res_5b86575d661ac6f5c824dea60334b6f5_jpg_18.pkl
123,10,223,23,123,10,219,10,219,21,123,21,aaaead,reference,0.8630368113517761,0.1611931969722112,0.5050288021564484,/content/outputs/inference/answersheet/model_finetune_640_results/res_5b86575d661ac6f5c824dea60334b6f5_jpg_19.pkl
142,132,199,143,142,132,198,132,198,142,142,142,tfsettttarnttnndd,estrient,0.6398752927780151,0.13457437034915476,0.4635624090830485,/content/outputs/inference/answersheet/model_finetune_640_results/res_5b86575d661ac6f5c824dea60334b6f5_jpg_20.pkl
245,225,268,233,245,225,267,225,267,232,245,232,natee,the,0.7828922867774963,0.13833457827568055,0.6754172593355179,/content/outputs/inference/answersheet/model_finetune_640_results/res_5b86575d661ac6f5c824dea60334b6f5_jpg_21.pkl
126,388,154,398,126,388,153,388,153,397,126,397,tnnnnnnnnaaaaatt,the,0.5154497623443604,0.16806743945926428,0.6053686738014221,/content/outputs/inference/answersheet/model_finetune_640_results/res_5b86575d661ac6f5c824dea60334b6f5_jpg_22.pkl
189,268,243,279,189,268,241,268,241,277,189,277,taeeaadaha,the,0.5105444192886353,0.14977522268891336,0.292086586356163,/content/outputs/inference/answersheet/model_finetune_640_results/res_5b86575d661ac6f5c824dea60334b6f5_jpg_23.pkl
