187,279,244,290,187,279,243,279,243,289,187,289,eaaaaayyyyres,the,0.7381142973899841,0.1806761043576094,0.29284377209842205,/content/outputs/inference/answersheet/model_finetune_640_results/res_6139ce4f78097400214da1744d93734d_jpg_0.pkl
147,163,168,171,147,163,167,163,167,170,147,170,odsddyyyy,do,0.6829628944396973,0.16889789203802744,0.33105897903442383,/content/outputs/inference/answersheet/model_finetune_640_results/res_6139ce4f78097400214da1744d93734d_jpg_1.pkl
189,229,212,238,189,229,211,229,211,237,189,237,44ahhhhhhhrptttetteeeeeeeeet,apr,0.6588633060455322,0.12373148623321738,0.5570520590990782,/content/outputs/inference/answersheet/model_finetune_640_results/res_6139ce4f78097400214da1744d93734d_jpg_2.pkl
135,128,158,138,135,128,157,128,157,137,135,137,ssffffsss,from,0.5729330778121948,0.29630421019262737,0.6551249563694,/content/outputs/inference/answersheet/model_finetune_640_results/res_6139ce4f78097400214da1744d93734d_jpg_3.pkl
178,127,203,136,178,127,202,127,202,135,178,135,eooettk,off,0.5671393275260925,0.16068654507398605,0.6619439721107483,/content/outputs/inference/answersheet/model_finetune_640_results/res_6139ce4f78097400214da1744d93734d_jpg_4.pkl
182,37,207,47,182,37,206,37,206,46,182,46,ggggeeeddepppppe,can,0.843393087387085,0.25364644546061754,0.30611565709114075,/content/outputs/inference/answersheet/model_finetune_640_results/res_6139ce4f78097400214da1744d93734d_jpg_5.pkl
150,109,178,120,150,109,177,109,177,119,150,119,e,sale,0.7123287320137024,0.11531826108694077,0.5545541554689407,/content/outputs/inference/answersheet/model_finetune_640_results/res_6139ce4f78097400214da1744d93734d_jpg_6.pkl
135,40,158,48,135,40,157,40,157,47,135,47,ffgeoododdduduuuuuele,from,0.5374789834022522,0.1332144804653667,0.638233733177185,/content/outputs/inference/answersheet/model_finetune_640_results/res_6139ce4f78097400214da1744d93734d_jpg_7.pkl
148,20,183,29,150,20,182,20,182,28,150,28,fffkkkkgg4eseeeeettwe,for,0.7731696963310242,0.21183216075102487,0.463922917842865,/content/outputs/inference/answersheet/model_finetune_640_results/res_6139ce4f78097400214da1744d93734d_jpg_8.pkl
171,72,204,84,171,72,203,72,203,83,171,83,kkeeeaaaaa,for,0.7717661261558533,0.2039075642824173,0.48891130089759827,/content/outputs/inference/answersheet/model_finetune_640_results/res_6139ce4f78097400214da1744d93734d_jpg_9.pkl
136,229,156,238,136,229,155,229,155,237,136,237,st,stop,0.6538314819335938,0.1608736366033554,0.5134778797626496,/content/outputs/inference/answersheet/model_finetune_640_results/res_6139ce4f78097400214da1744d93734d_jpg_10.pkl
