236,43,293,55,236,43,292,43,292,54,236,54,aeeeeaa,from,0.6843093037605286,0.16926253693444387,0.49095818102359773,/content/outputs/inference/answersheet/model_finetune_640_results/res_4c728dd642b86683a3f569d47b6e2c02_jpg_0.pkl
201,75,263,89,201,75,262,75,262,88,201,88,sratttte,streets,0.7787618041038513,0.2806687531992793,0.5525203179568052,/content/outputs/inference/answersheet/model_finetune_640_results/res_4c728dd642b86683a3f569d47b6e2c02_jpg_1.pkl
173,187,277,200,179,187,276,187,276,199,179,199,feaokegrte,from,0.7593350410461426,0.19850183576345443,0.5669565260410309,/content/outputs/inference/answersheet/model_finetune_640_results/res_4c728dd642b86683a3f569d47b6e2c02_jpg_2.pkl
86,44,134,58,86,44,133,44,133,57,86,57,yeeeee,year,0.7203831076622009,0.4095770592490832,0.6258003950119019,/content/outputs/inference/answersheet/model_finetune_640_results/res_4c728dd642b86683a3f569d47b6e2c02_jpg_3.pkl
341,42,397,56,341,42,396,42,396,55,341,55,feeeeeeh,fri,0.5468578338623047,0.18274556286633015,0.4864661209285259,/content/outputs/inference/answersheet/model_finetune_640_results/res_4c728dd642b86683a3f569d47b6e2c02_jpg_4.pkl
138,44,195,56,138,44,194,44,194,55,138,55,eemsiggeeee,exprice,0.5668151378631592,0.29776292091066187,0.4810990169644356,/content/outputs/inference/answersheet/model_finetune_640_results/res_4c728dd642b86683a3f569d47b6e2c02_jpg_5.pkl
103,186,181,199,106,186,180,186,180,198,106,198,taraeeeeeeeeee,the,0.6110438704490662,0.19411037915519305,0.4542343057692051,/content/outputs/inference/answersheet/model_finetune_640_results/res_4c728dd642b86683a3f569d47b6e2c02_jpg_6.pkl
169,108,215,121,169,108,214,108,214,120,169,120,aaeatteeeeee,the,0.6321911811828613,0.241932171707352,0.43143849447369576,/content/outputs/inference/answersheet/model_finetune_640_results/res_4c728dd642b86683a3f569d47b6e2c02_jpg_7.pkl
298,43,340,55,298,43,339,43,339,54,298,54,feisseeeeeee,file,0.5593955516815186,0.1708001016328732,0.36602357029914856,/content/outputs/inference/answersheet/model_finetune_640_results/res_4c728dd642b86683a3f569d47b6e2c02_jpg_8.pkl
103,108,165,122,105,108,164,108,164,121,105,121,attee,from,0.523841142654419,0.29503909051418303,0.5334416173398495,/content/outputs/inference/answersheet/model_finetune_640_results/res_4c728dd642b86683a3f569d47b6e2c02_jpg_9.pkl
188,330,206,338,188,330,205,330,205,337,188,337,tttttteeaeaade,the,0.5174940228462219,0.12247393546359879,0.5610408522188663,/content/outputs/inference/answersheet/model_finetune_640_results/res_4c728dd642b86683a3f569d47b6e2c02_jpg_10.pkl
191,231,212,239,191,231,211,231,211,238,191,238,tttttsttttttt7trrttntntnn113113133333aiaa,off,0.8838049173355103,0.1586856405000861,0.5322895143181086,/content/outputs/inference/answersheet/model_finetune_640_results/res_4c728dd642b86683a3f569d47b6e2c02_jpg_11.pkl
97,185,283,201,106,187,282,187,282,200,106,200,oaeeeeeeeeeeareie,prestribation,0.6179124116897583,0.1665932908654213,0.49618392224822727,/content/outputs/inference/answersheet/model_finetune_640_results/res_4c728dd642b86683a3f569d47b6e2c02_jpg_12.pkl
98,76,165,90,98,76,164,76,164,89,98,89,aaaaamwetaee,the,0.6326965689659119,0.24795406746367613,0.26922182366251945,/content/outputs/inference/answersheet/model_finetune_640_results/res_4c728dd642b86683a3f569d47b6e2c02_jpg_13.pkl
190,251,211,261,190,251,210,251,210,260,190,260,ssssseoaooonoo,so,0.7853159308433533,0.14827665739825793,0.43295974532763165,/content/outputs/inference/answersheet/model_finetune_640_results/res_4c728dd642b86683a3f569d47b6e2c02_jpg_14.pkl
