289,24,350,39,289,24,348,24,348,37,289,37,lfeeeeadehtttt,from,0.9183314442634583,0.2375270463526249,0.4603527426719666,/content/outputs/inference/answersheet/model_finetune_640_results/res_a76822321d47264871fccb424b0fbc91_jpg_0.pkl
313,258,361,270,313,258,359,258,359,268,313,268,nfftee,coffeen,0.7271378040313721,0.09215397387742996,0.4283235128968954,/content/outputs/inference/answersheet/model_finetune_640_results/res_a76822321d47264871fccb424b0fbc91_jpg_1.pkl
197,133,247,145,197,133,246,133,246,144,197,144,aheeee,from,0.5792050957679749,0.08926824231942494,0.5626402169466018,/content/outputs/inference/answersheet/model_finetune_640_results/res_a76822321d47264871fccb424b0fbc91_jpg_2.pkl
280,58,326,70,283,58,325,58,325,69,283,69,apee,kide,0.5345870852470398,0.37380826845765114,0.4210319608449936,/content/outputs/inference/answersheet/model_finetune_640_results/res_a76822321d47264871fccb424b0fbc91_jpg_3.pkl
205,154,272,169,207,154,271,154,271,168,207,168,epad,from,0.7401491403579712,0.2120216991752386,0.5108982935547829,/content/outputs/inference/answersheet/model_finetune_640_results/res_a76822321d47264871fccb424b0fbc91_jpg_4.pkl
234,11,263,21,234,11,262,11,262,20,234,20,llllltmtttt,sale,0.7312004566192627,0.26443923806602304,0.5603736579418183,/content/outputs/inference/answersheet/model_finetune_640_results/res_a76822321d47264871fccb424b0fbc91_jpg_5.pkl
157,310,179,320,157,310,178,310,178,319,157,319,thehhee,the,0.7130631804466248,0.13787326642445155,0.5859737545251846,/content/outputs/inference/answersheet/model_finetune_640_results/res_a76822321d47264871fccb424b0fbc91_jpg_6.pkl
250,47,283,58,250,47,282,47,282,57,250,57,syttftaassasxsxsssyssyyye,the,0.8155211806297302,0.25413344740867616,0.5034736730158329,/content/outputs/inference/answersheet/model_finetune_640_results/res_a76822321d47264871fccb424b0fbc91_jpg_7.pkl
161,44,183,57,161,44,182,44,182,56,161,56,tat,the,0.6855521202087402,0.2969079812367757,0.7214358001947403,/content/outputs/inference/answersheet/model_finetune_640_results/res_a76822321d47264871fccb424b0fbc91_jpg_8.pkl
179,22,245,36,179,22,240,22,240,35,179,35,aaaaaaacaasd,cache,0.653830349445343,0.18709968340893587,0.29828625669082004,/content/outputs/inference/answersheet/model_finetune_640_results/res_a76822321d47264871fccb424b0fbc91_jpg_9.pkl
198,134,223,143,198,134,222,134,222,142,198,142,ooooooaoa,from,0.6374362111091614,0.09308650427394444,0.5974413514137268,/content/outputs/inference/answersheet/model_finetune_640_results/res_a76822321d47264871fccb424b0fbc91_jpg_10.pkl
230,344,257,357,230,344,256,344,256,356,230,356,app9eerree,also,0.5531017184257507,0.23637669607996942,0.635332214832306,/content/outputs/inference/answersheet/model_finetune_640_results/res_a76822321d47264871fccb424b0fbc91_jpg_11.pkl
253,56,282,66,253,58,281,58,281,65,253,65,saaaeanhnnneneeeeeehhht,come,0.6331637501716614,0.12709821209959363,0.30188906341791155,/content/outputs/inference/answersheet/model_finetune_640_results/res_a76822321d47264871fccb424b0fbc91_jpg_12.pkl
250,35,278,47,250,35,277,35,277,46,250,46,tttdtdddaaadaaddllallllaaaaaaeeeeeee,the,0.6634913682937622,0.21174456054965654,0.655476275831461,/content/outputs/inference/answersheet/model_finetune_640_results/res_a76822321d47264871fccb424b0fbc91_jpg_13.pkl
170,279,194,288,170,279,193,279,193,287,170,287,yyde,from,0.5858092308044434,0.2684037219733,0.6132297307252884,/content/outputs/inference/answersheet/model_finetune_640_results/res_a76822321d47264871fccb424b0fbc91_jpg_14.pkl
257,25,290,35,257,25,289,25,289,34,257,34,wwwwwhwhddyyy,and,0.8995147347450256,0.3703033419755789,0.47930203564465046,/content/outputs/inference/answersheet/model_finetune_640_results/res_a76822321d47264871fccb424b0fbc91_jpg_15.pkl
214,33,241,46,214,33,240,33,240,45,214,45,aee,the,0.7374195456504822,0.17386233558257422,0.46099198423326015,/content/outputs/inference/answersheet/model_finetune_640_results/res_a76822321d47264871fccb424b0fbc91_jpg_16.pkl
163,136,189,144,163,136,188,136,188,143,163,143,dddeheeeeeee,the,0.7111194729804993,0.3410334537426631,0.6318111550062895,/content/outputs/inference/answersheet/model_finetune_640_results/res_a76822321d47264871fccb424b0fbc91_jpg_17.pkl
190,11,216,21,190,11,215,11,215,20,190,20,yditttttttee,you,0.6897679567337036,0.42784615854422253,0.6055494043976068,/content/outputs/inference/answersheet/model_finetune_640_results/res_a76822321d47264871fccb424b0fbc91_jpg_18.pkl
267,194,292,203,267,194,291,194,291,202,267,202,tttheeeeeeeeeeee,from,0.6576036810874939,0.22666042973287404,0.5340181604027748,/content/outputs/inference/answersheet/model_finetune_640_results/res_a76822321d47264871fccb424b0fbc91_jpg_19.pkl
257,277,303,292,259,277,300,277,300,291,259,291,tted,the,0.5387551784515381,0.17878791689872742,0.6914956793189049,/content/outputs/inference/answersheet/model_finetune_640_results/res_a76822321d47264871fccb424b0fbc91_jpg_20.pkl
266,168,286,179,266,168,285,168,285,178,266,178,aattuutut,st,0.6493589878082275,0.32459714512030285,0.5044343570868174,/content/outputs/inference/answersheet/model_finetune_640_results/res_a76822321d47264871fccb424b0fbc91_jpg_21.pkl
248,256,295,268,250,256,294,256,294,267,250,267,taawneeeeey,spe,0.5015509128570557,0.13655540414831854,0.3425069786608219,/content/outputs/inference/answersheet/model_finetune_640_results/res_a76822321d47264871fccb424b0fbc91_jpg_22.pkl
131,44,161,55,131,44,160,44,160,54,131,54,thaaaaaaaaaeaaaaaaaaaaaaeaaeeee,the,0.6309873461723328,0.3039224133376152,0.5376703292131424,/content/outputs/inference/answersheet/model_finetune_640_results/res_a76822321d47264871fccb424b0fbc91_jpg_23.pkl
128,43,178,58,130,43,177,43,177,57,130,57,traaaaaeeth,that,0.5273421406745911,0.23445847630500793,0.5694812119007111,/content/outputs/inference/answersheet/model_finetune_640_results/res_a76822321d47264871fccb424b0fbc91_jpg_24.pkl
138,276,153,286,138,276,152,276,152,285,138,285,dt,the,0.5491137504577637,0.0965840071439743,0.5481723733246326,/content/outputs/inference/answersheet/model_finetune_640_results/res_a76822321d47264871fccb424b0fbc91_jpg_25.pkl
277,71,320,86,277,71,319,71,319,85,277,85,egaaaaay,sale,0.6197030544281006,0.22044484317302704,0.4002500236034393,/content/outputs/inference/answersheet/model_finetune_640_results/res_a76822321d47264871fccb424b0fbc91_jpg_26.pkl
323,59,372,72,323,59,370,59,370,70,323,70,eeeeeeh,crabs,0.5473711490631104,0.16564756418977464,0.48292463769515354,/content/outputs/inference/answersheet/model_finetune_640_results/res_a76822321d47264871fccb424b0fbc91_jpg_27.pkl
189,47,218,61,189,47,217,47,217,60,189,60,ybhhppppyyyyyyyy,the,0.5143678784370422,0.23041104013100266,0.4758923426270485,/content/outputs/inference/answersheet/model_finetune_640_results/res_a76822321d47264871fccb424b0fbc91_jpg_28.pkl
200,278,221,287,200,278,220,278,220,286,200,286,deee,and,0.6662039160728455,0.1657252386212349,0.5340714752674103,/content/outputs/inference/answersheet/model_finetune_640_results/res_a76822321d47264871fccb424b0fbc91_jpg_29.pkl
295,193,354,205,298,193,350,193,350,204,298,204,heee,from,0.6977077126502991,0.27155571430921555,0.5345524460077286,/content/outputs/inference/answersheet/model_finetune_640_results/res_a76822321d47264871fccb424b0fbc91_jpg_30.pkl
219,68,250,78,219,68,249,68,249,77,219,77,e,apr,0.6014992594718933,0.09744492918252945,0.438486959785223,/content/outputs/inference/answersheet/model_finetune_640_results/res_a76822321d47264871fccb424b0fbc91_jpg_31.pkl
161,64,251,81,163,66,250,66,250,80,163,80,dneessinim,rights,0.6108801960945129,0.19114595726132394,0.38265875620501383,/content/outputs/inference/answersheet/model_finetune_640_results/res_a76822321d47264871fccb424b0fbc91_jpg_32.pkl
319,229,340,238,319,229,339,229,339,237,319,237,eeee,sender,0.5246872901916504,0.10914612747728825,0.5336617614541735,/content/outputs/inference/answersheet/model_finetune_640_results/res_a76822321d47264871fccb424b0fbc91_jpg_33.pkl
240,55,372,72,249,58,371,58,371,71,249,71,hnenssassnkderrrh,marking,0.6212854981422424,0.1440587118268013,0.4251438481733203,/content/outputs/inference/answersheet/model_finetune_640_results/res_a76822321d47264871fccb424b0fbc91_jpg_34.pkl
