290,82,342,96,290,82,341,82,341,95,290,95,aaeaff,some,0.7221564054489136,0.20080704862872759,0.35154312252998354,/content/outputs/inference/answersheet/model_finetune_640_results/res_0d1040e7c080529e586eb05adb3dd0b6_jpg_0.pkl
282,28,324,39,282,28,321,28,321,38,282,38,tyfaaa,from,0.7992408275604248,0.20105977108081183,0.6097507417201996,/content/outputs/inference/answersheet/model_finetune_640_results/res_0d1040e7c080529e586eb05adb3dd0b6_jpg_1.pkl
327,62,348,70,327,62,347,62,347,69,327,69,aaahrrr,the,0.6729934811592102,0.15647305867501668,0.6857974007725716,/content/outputs/inference/answersheet/model_finetune_640_results/res_0d1040e7c080529e586eb05adb3dd0b6_jpg_2.pkl
329,41,358,49,329,41,357,41,357,48,329,48,taawwahhh,the,0.7368408441543579,0.13008078022135627,0.4193282648921013,/content/outputs/inference/answersheet/model_finetune_640_results/res_0d1040e7c080529e586eb05adb3dd0b6_jpg_3.pkl
215,27,239,37,215,27,238,27,238,36,215,36,stte,the,0.7052152752876282,0.17041156813502312,0.6932600662112236,/content/outputs/inference/answersheet/model_finetune_640_results/res_0d1040e7c080529e586eb05adb3dd0b6_jpg_4.pkl
123,25,180,36,126,25,178,25,178,34,126,34,aahhree,the,0.5195976495742798,0.2317264654806682,0.5261655505746603,/content/outputs/inference/answersheet/model_finetune_640_results/res_0d1040e7c080529e586eb05adb3dd0b6_jpg_5.pkl
63,37,122,47,65,37,121,37,121,46,65,46,eeeedefpallllannnnneea,coffee,0.5301967859268188,0.1064214909618551,0.4216225988098553,/content/outputs/inference/answersheet/model_finetune_640_results/res_0d1040e7c080529e586eb05adb3dd0b6_jpg_6.pkl
11,11,43,23,11,11,42,11,42,22,11,22,es,for,0.6614641547203064,0.17498503625392914,0.6441418454051018,/content/outputs/inference/answersheet/model_finetune_640_results/res_0d1040e7c080529e586eb05adb3dd0b6_jpg_7.pkl
273,28,360,40,278,28,356,28,356,39,278,39,eeaebdaee,from,0.5477278232574463,0.14812129653162426,0.6110189154744148,/content/outputs/inference/answersheet/model_finetune_640_results/res_0d1040e7c080529e586eb05adb3dd0b6_jpg_8.pkl
129,26,156,36,129,26,155,26,155,35,129,35,aaha,the,0.8245568871498108,0.16889335960149765,0.5483727864921093,/content/outputs/inference/answersheet/model_finetune_640_results/res_0d1040e7c080529e586eb05adb3dd0b6_jpg_9.pkl
148,37,166,47,148,37,165,37,165,46,148,46,lltaeahhhhhhhyhhhhhh,the,0.5793346762657166,0.127354995906353,0.5213402342051268,/content/outputs/inference/answersheet/model_finetune_640_results/res_0d1040e7c080529e586eb05adb3dd0b6_jpg_10.pkl
284,38,313,47,284,38,312,38,312,46,284,46,ggggppppee,repers,0.6602104902267456,0.19800761640071868,0.47178197119917187,/content/outputs/inference/answersheet/model_finetune_640_results/res_0d1040e7c080529e586eb05adb3dd0b6_jpg_11.pkl
94,59,119,67,94,59,118,59,118,66,94,66,feeeeeeeeeeete,from,0.558417558670044,0.10715617878096444,0.6331747770309448,/content/outputs/inference/answersheet/model_finetune_640_results/res_0d1040e7c080529e586eb05adb3dd0b6_jpg_12.pkl
283,52,306,63,283,52,305,52,305,62,283,62,fa,from,0.5104302167892456,0.15206845104694366,0.6054100088775158,/content/outputs/inference/answersheet/model_finetune_640_results/res_0d1040e7c080529e586eb05adb3dd0b6_jpg_13.pkl
326,65,346,72,326,65,345,65,345,71,326,71,aaaaaaaaahhhhhhhr,and,0.626305103302002,0.1513154874829685,0.5533450841903687,/content/outputs/inference/answersheet/model_finetune_640_results/res_0d1040e7c080529e586eb05adb3dd0b6_jpg_14.pkl
183,49,219,58,183,49,218,49,218,57,183,57,efltaeyy,subject,0.582035481929779,0.15531819593161345,0.41828293539583683,/content/outputs/inference/answersheet/model_finetune_640_results/res_0d1040e7c080529e586eb05adb3dd0b6_jpg_15.pkl
32,23,47,32,32,23,46,23,46,31,32,31,taaatttttttaaaaaaann,the,0.5373013019561768,0.26206870228052137,0.6371408030390739,/content/outputs/inference/answersheet/model_finetune_640_results/res_0d1040e7c080529e586eb05adb3dd0b6_jpg_16.pkl
295,62,314,71,295,62,313,62,313,70,295,70,yteeeeeeeeeeeee,from,0.5187360048294067,0.28561672767003377,0.6259241119027138,/content/outputs/inference/answersheet/model_finetune_640_results/res_0d1040e7c080529e586eb05adb3dd0b6_jpg_17.pkl
