62,387,141,398,66,387,140,387,140,397,66,397,yyydaeeeeeeeeee,subject,0.5227825045585632,0.25155018145839375,0.44690053537487984,/content/outputs/inference/answersheet/model_finetune_640_results/res_ae773e087622da155ea4cca434214d3e_jpg_0.pkl
75,297,141,311,75,297,140,297,140,310,75,310,sreeeeeenneeeeeee,subject,0.5792114734649658,0.21690079525989645,0.47772411070764065,/content/outputs/inference/answersheet/model_finetune_640_results/res_ae773e087622da155ea4cca434214d3e_jpg_1.pkl
258,91,310,108,258,91,309,93,308,108,258,105,epyyy,from,0.7091622352600098,0.21155581027269363,0.4530226081609726,/content/outputs/inference/answersheet/model_finetune_640_results/res_ae773e087622da155ea4cca434214d3e_jpg_2.pkl
191,92,245,103,191,92,244,92,244,102,191,102,osaeaie,offee,0.7432461380958557,0.14966831249850138,0.4960692599415779,/content/outputs/inference/answersheet/model_finetune_640_results/res_ae773e087622da155ea4cca434214d3e_jpg_3.pkl
124,91,173,103,124,91,170,91,170,102,124,102,ddeleee,the,0.6120942831039429,0.17406998255423137,0.4250855492427945,/content/outputs/inference/answersheet/model_finetune_640_results/res_ae773e087622da155ea4cca434214d3e_jpg_4.pkl
59,12,120,24,61,12,116,12,116,22,61,22,etrr,coffee,0.5296032428741455,0.08232336491346359,0.4074097105434963,/content/outputs/inference/answersheet/model_finetune_640_results/res_ae773e087622da155ea4cca434214d3e_jpg_5.pkl
346,371,382,382,346,371,381,371,381,381,346,381,bbbbbbbbbbse,best,0.5349026918411255,0.3034719241162141,0.4666121542453766,/content/outputs/inference/answersheet/model_finetune_640_results/res_ae773e087622da155ea4cca434214d3e_jpg_6.pkl
65,365,88,376,65,365,87,365,87,375,65,375,feeeeeeeooooooooos,for,0.6325065493583679,0.29831716749403214,0.6802861914038658,/content/outputs/inference/answersheet/model_finetune_640_results/res_ae773e087622da155ea4cca434214d3e_jpg_7.pkl
61,13,86,23,61,13,85,13,85,22,61,22,sakk,sender,0.5597453117370605,0.19101656042039394,0.5388868983302798,/content/outputs/inference/answersheet/model_finetune_640_results/res_ae773e087622da155ea4cca434214d3e_jpg_8.pkl
344,16,388,33,344,16,387,16,387,32,344,32,yyyyaappie,apr,0.6746504902839661,0.23079249039292335,0.5503889732062817,/content/outputs/inference/answersheet/model_finetune_640_results/res_ae773e087622da155ea4cca434214d3e_jpg_9.pkl
189,101,246,113,189,101,245,101,245,112,189,112,saaaeeaaeeeee,come,0.5617214441299438,0.09671842421476658,0.294021075963974,/content/outputs/inference/answersheet/model_finetune_640_results/res_ae773e087622da155ea4cca434214d3e_jpg_10.pkl
199,12,229,23,199,12,228,12,228,22,199,22,ceeeeeoue,can,0.6692681908607483,0.22320486191246244,0.5061535015702248,/content/outputs/inference/answersheet/model_finetune_640_results/res_ae773e087622da155ea4cca434214d3e_jpg_11.pkl
313,93,356,107,313,93,355,93,355,106,313,106,btaa,sender,0.5562222003936768,0.1475347876548767,0.5684900092227119,/content/outputs/inference/answersheet/model_finetune_640_results/res_ae773e087622da155ea4cca434214d3e_jpg_12.pkl
49,7,190,27,59,10,186,10,186,25,59,25,esspeeeesneeee,coffeen,0.5706716775894165,0.14487829059362411,0.4372545816004276,/content/outputs/inference/answersheet/model_finetune_640_results/res_ae773e087622da155ea4cca434214d3e_jpg_13.pkl
