284,41,331,52,286,41,329,41,329,50,286,50,eadldddddddd,and,0.7774375081062317,0.4166719739635785,0.5209951922297478,/content/outputs/inference/answersheet/model_finetune_640_results/res_ef3a29787f5d336b278e54ce68e99efa_jpg_0.pkl
312,107,356,121,312,107,355,107,355,120,312,120,dtttddd,off,0.9470331072807312,0.3051821504320417,0.582947876304388,/content/outputs/inference/answersheet/model_finetune_640_results/res_ef3a29787f5d336b278e54ce68e99efa_jpg_1.pkl
105,23,152,37,105,23,151,23,151,36,105,36,eel,che,0.7659977674484253,0.1814327339331309,0.3690669573843479,/content/outputs/inference/answersheet/model_finetune_640_results/res_ef3a29787f5d336b278e54ce68e99efa_jpg_2.pkl
314,74,355,86,314,74,354,74,354,85,314,85,yyykaaaaeadaeeeddddddddddddddddddddd,your,0.8057450652122498,0.44451834882299107,0.5404450327157975,/content/outputs/inference/answersheet/model_finetune_640_results/res_ef3a29787f5d336b278e54ce68e99efa_jpg_3.pkl
108,73,146,85,108,73,145,73,145,84,108,84,ssasatdy,sale,0.7834538221359253,0.2757913498207927,0.4550753325223923,/content/outputs/inference/answersheet/model_finetune_640_results/res_ef3a29787f5d336b278e54ce68e99efa_jpg_4.pkl
124,54,167,69,124,54,166,54,166,68,124,68,satfeddd,sale,0.8330905437469482,0.20037685427814722,0.6404248416423798,/content/outputs/inference/answersheet/model_finetune_640_results/res_ef3a29787f5d336b278e54ce68e99efa_jpg_5.pkl
117,107,154,118,117,107,153,107,153,117,117,117,ppofaaaa333bbbdddddd,and,0.68828284740448,0.15349698439240456,0.5874650403857231,/content/outputs/inference/answersheet/model_finetune_640_results/res_ef3a29787f5d336b278e54ce68e99efa_jpg_6.pkl
284,91,320,104,284,91,319,91,319,103,284,103,dggsssssifesy,date,0.8612551689147949,0.16194254962297586,0.5286230146884918,/content/outputs/inference/answersheet/model_finetune_640_results/res_ef3a29787f5d336b278e54ce68e99efa_jpg_7.pkl
226,185,270,197,226,185,269,185,269,196,226,196,coe,colle,0.6151980757713318,0.14552518973747888,0.46854057411352795,/content/outputs/inference/answersheet/model_finetune_640_results/res_ef3a29787f5d336b278e54ce68e99efa_jpg_8.pkl
249,29,284,41,249,29,283,29,283,40,249,40,k1aaaaaaaaaaaaaaaaaadddl,for,0.7861259579658508,0.3654433252910773,0.44768159836530685,/content/outputs/inference/answersheet/model_finetune_640_results/res_ef3a29787f5d336b278e54ce68e99efa_jpg_9.pkl
266,8,313,20,266,8,312,8,312,19,266,19,ffcfcssfado,and,0.6041181087493896,0.2364700036970052,0.5982963442802429,/content/outputs/inference/answersheet/model_finetune_640_results/res_ef3a29787f5d336b278e54ce68e99efa_jpg_10.pkl
287,206,338,218,287,206,337,206,337,217,287,217,tfaassee,you,0.6023429036140442,0.169792584143579,0.5067296735942364,/content/outputs/inference/answersheet/model_finetune_640_results/res_ef3a29787f5d336b278e54ce68e99efa_jpg_11.pkl
68,4,115,16,68,4,113,4,113,14,68,14,dgeeoyy,date,0.6809272170066833,0.2792030849627086,0.6018816247582436,/content/outputs/inference/answersheet/model_finetune_640_results/res_ef3a29787f5d336b278e54ce68e99efa_jpg_12.pkl
280,383,388,397,280,383,387,383,387,396,280,396,eeeeeettfcc,coffee,0.5348495841026306,0.17869846726005728,0.4683178524885859,/content/outputs/inference/answersheet/model_finetune_640_results/res_ef3a29787f5d336b278e54ce68e99efa_jpg_13.pkl
189,205,236,216,189,205,235,205,235,215,189,215,fstnnneeee,steve,0.6163457036018372,0.2825502432882786,0.5301953156789144,/content/outputs/inference/answersheet/model_finetune_640_results/res_ef3a29787f5d336b278e54ce68e99efa_jpg_14.pkl
317,220,338,229,317,220,337,220,337,228,317,228,taaeeeeeee,the,0.5633470416069031,0.1038372851908207,0.5832631811499596,/content/outputs/inference/answersheet/model_finetune_640_results/res_ef3a29787f5d336b278e54ce68e99efa_jpg_15.pkl
153,37,193,49,153,37,190,37,190,48,153,48,oeoodede,can,0.596488893032074,0.11110889445990324,0.4940975047647953,/content/outputs/inference/answersheet/model_finetune_640_results/res_ef3a29787f5d336b278e54ce68e99efa_jpg_16.pkl
83,93,115,103,83,93,114,93,114,102,83,102,afffffdeeeersrrtrstrtret,off,0.6483146548271179,0.12197811466952165,0.5968687646090984,/content/outputs/inference/answersheet/model_finetune_640_results/res_ef3a29787f5d336b278e54ce68e99efa_jpg_17.pkl
274,60,307,70,274,60,306,60,306,69,274,69,fccffdffftfssss,for,0.6623439788818359,0.27033787270387016,0.47551392018795013,/content/outputs/inference/answersheet/model_finetune_640_results/res_ef3a29787f5d336b278e54ce68e99efa_jpg_18.pkl
326,273,397,285,326,273,391,273,391,283,326,283,asssffffaoaar,coffee,0.514906644821167,0.18054776466809785,0.41700351557561327,/content/outputs/inference/answersheet/model_finetune_640_results/res_ef3a29787f5d336b278e54ce68e99efa_jpg_19.pkl
