165,2,235,15,165,2,234,2,234,14,165,14,eeeespiese,bight,0.5613678693771362,0.18189706280827522,0.4359478938082854,/content/outputs/inference/answersheet/model_finetune_640_results/res_85aa66e5f55576a58fb87f827cd2e529_jpg_0.pkl
105,33,210,47,105,33,209,33,209,46,105,46,steeae,from,0.7877082824707031,0.16882766286532083,0.5820957571268082,/content/outputs/inference/answersheet/model_finetune_640_results/res_85aa66e5f55576a58fb87f827cd2e529_jpg_1.pkl
274,235,333,246,274,235,330,235,330,245,274,245,lllallle,from,0.5710773468017578,0.10929103475064039,0.6109915621578693,/content/outputs/inference/answersheet/model_finetune_640_results/res_85aa66e5f55576a58fb87f827cd2e529_jpg_2.pkl
101,2,144,13,101,2,143,2,143,12,101,12,thhtt,the,0.5664744973182678,0.13988918662071229,0.4968888983130455,/content/outputs/inference/answersheet/model_finetune_640_results/res_85aa66e5f55576a58fb87f827cd2e529_jpg_3.pkl
150,236,174,247,150,236,173,236,173,246,150,246,ffassedddtdddddee,sender,0.8257876038551331,0.15882073036011526,0.5208708835499627,/content/outputs/inference/answersheet/model_finetune_640_results/res_85aa66e5f55576a58fb87f827cd2e529_jpg_4.pkl
266,246,325,258,268,246,324,246,324,257,268,257,taaweteee,come,0.5539597272872925,0.19662298179335064,0.33058748096227647,/content/outputs/inference/answersheet/model_finetune_640_results/res_85aa66e5f55576a58fb87f827cd2e529_jpg_5.pkl
78,238,133,248,78,238,129,238,129,247,78,247,tttltbbbbbaaasaaeeeeeeeeee,from,0.6332859396934509,0.16901832876297143,0.5233525767922401,/content/outputs/inference/answersheet/model_finetune_640_results/res_85aa66e5f55576a58fb87f827cd2e529_jpg_6.pkl
81,237,110,246,81,237,109,237,109,245,81,245,tlttbbddddooooosssssssssaea,from,0.5868101716041565,0.13785499168766868,0.49396288245916364,/content/outputs/inference/answersheet/model_finetune_640_results/res_85aa66e5f55576a58fb87f827cd2e529_jpg_7.pkl
134,227,157,237,134,227,156,227,156,236,134,236,tttttttlllllleecccccscceee,the,0.7164779305458069,0.20845881706246963,0.5239060595631599,/content/outputs/inference/answersheet/model_finetune_640_results/res_85aa66e5f55576a58fb87f827cd2e529_jpg_8.pkl
173,225,227,236,173,227,226,227,226,235,173,235,chhsshdeeeee,chool,0.5058273077011108,0.18184790015220642,0.385540172457695,/content/outputs/inference/answersheet/model_finetune_640_results/res_85aa66e5f55576a58fb87f827cd2e529_jpg_9.pkl
65,226,87,235,65,226,86,226,86,234,65,234,ehda,the,0.64009690284729,0.0987083688378334,0.5079324264079332,/content/outputs/inference/answersheet/model_finetune_640_results/res_85aa66e5f55576a58fb87f827cd2e529_jpg_10.pkl
277,237,305,245,277,237,304,237,304,244,277,244,dbebbereeooaolllallh,from,0.658542275428772,0.09995763637125492,0.6571550771594048,/content/outputs/inference/answersheet/model_finetune_640_results/res_85aa66e5f55576a58fb87f827cd2e529_jpg_11.pkl
139,1,166,14,139,1,165,1,165,13,139,13,ftt,the,0.5506407618522644,0.20887596905231476,0.5046629868447781,/content/outputs/inference/answersheet/model_finetune_640_results/res_85aa66e5f55576a58fb87f827cd2e529_jpg_12.pkl
190,247,215,257,190,247,214,247,214,256,190,256,feeeeeeeeeeeeeee,from,0.6259426474571228,0.10100492229685187,0.6314730942249298,/content/outputs/inference/answersheet/model_finetune_640_results/res_85aa66e5f55576a58fb87f827cd2e529_jpg_13.pkl
389,292,412,302,389,292,411,292,411,301,389,301,at,the,0.5642280578613281,0.12778686359524727,0.5946564264595509,/content/outputs/inference/answersheet/model_finetune_640_results/res_85aa66e5f55576a58fb87f827cd2e529_jpg_14.pkl
305,236,326,245,305,236,325,236,325,244,305,244,eeaaeae,come,0.5799679160118103,0.10595961660146713,0.3657204627990723,/content/outputs/inference/answersheet/model_finetune_640_results/res_85aa66e5f55576a58fb87f827cd2e529_jpg_15.pkl
50,258,82,268,50,258,81,258,81,267,50,267,fsfbsnue,sender,0.5336050391197205,0.11885356344282627,0.59498388000897,/content/outputs/inference/answersheet/model_finetune_640_results/res_85aa66e5f55576a58fb87f827cd2e529_jpg_16.pkl
