241,163,267,174,241,163,266,163,266,173,241,173,oon,com,0.5560857057571411,0.11493994295597076,0.33017248660326004,/content/outputs/inference/answersheet/model_finetune_640_results/res_a678b5c6e50a3a655966a9928bc564d5_jpg_0.pkl
191,142,216,153,191,142,215,142,215,152,191,152,kkkkccccopdddpoeoons,from,0.6976406574249268,0.16452726647257804,0.6094255417585372,/content/outputs/inference/answersheet/model_finetune_640_results/res_a678b5c6e50a3a655966a9928bc564d5_jpg_1.pkl
197,339,220,348,197,339,219,339,219,347,197,347,ddddedeeeeeedyhhhe,come,0.6270378828048706,0.13842695910069677,0.3831214874982834,/content/outputs/inference/answersheet/model_finetune_640_results/res_a678b5c6e50a3a655966a9928bc564d5_jpg_2.pkl
165,162,191,174,165,162,190,162,190,173,165,173,cccsccgces,sale,0.6466134190559387,0.13992566987872124,0.5227944493293762,/content/outputs/inference/answersheet/model_finetune_640_results/res_a678b5c6e50a3a655966a9928bc564d5_jpg_3.pkl
278,183,307,195,278,183,306,183,306,194,278,194,ad,did,0.5580492615699768,0.20164024829864502,0.5566872209310532,/content/outputs/inference/answersheet/model_finetune_640_results/res_a678b5c6e50a3a655966a9928bc564d5_jpg_4.pkl
215,32,244,42,215,32,243,32,243,41,215,41,gaaaaaeaaaagaedeeeeeeeeeee,can,0.7477795481681824,0.15265327462783226,0.3563202694058418,/content/outputs/inference/answersheet/model_finetune_640_results/res_a678b5c6e50a3a655966a9928bc564d5_jpg_5.pkl
28,11,79,24,30,11,78,11,78,23,30,23,olleedbb,gold,0.7163923978805542,0.2766513731330633,0.5623701095581055,/content/outputs/inference/answersheet/model_finetune_640_results/res_a678b5c6e50a3a655966a9928bc564d5_jpg_6.pkl
155,277,174,286,155,277,173,277,173,285,155,285,eeefess,from,0.646926760673523,0.12077232130936214,0.6588353723287582,/content/outputs/inference/answersheet/model_finetune_640_results/res_a678b5c6e50a3a655966a9928bc564d5_jpg_7.pkl
245,353,269,363,245,353,268,353,268,362,245,362,fffgo,from,0.6242416501045227,0.39985225051641465,0.5916023910045624,/content/outputs/inference/answersheet/model_finetune_640_results/res_a678b5c6e50a3a655966a9928bc564d5_jpg_8.pkl
176,355,198,363,176,355,197,355,197,362,176,362,f4tipeo,kip,0.6999480724334717,0.14999295132500784,0.4303111657500267,/content/outputs/inference/answersheet/model_finetune_640_results/res_a678b5c6e50a3a655966a9928bc564d5_jpg_9.pkl
151,182,173,192,151,182,172,182,172,191,151,191,faoeey,from,0.5067621469497681,0.11350213487943013,0.6398924365639687,/content/outputs/inference/answersheet/model_finetune_640_results/res_a678b5c6e50a3a655966a9928bc564d5_jpg_10.pkl
126,384,183,397,129,384,182,384,182,396,129,396,gyentn,coffee,0.5145764350891113,0.14113087207078934,0.542831369808742,/content/outputs/inference/answersheet/model_finetune_640_results/res_a678b5c6e50a3a655966a9928bc564d5_jpg_11.pkl
