307,26,372,43,307,26,371,28,370,42,307,39,faaaed,from,0.6993525624275208,0.2707721156378587,0.5408331274986267,/content/outputs/inference/answersheet/model_finetune_640_results/res_7b3e09b00211a9208887a8012a37ea47_jpg_0.pkl
157,308,179,318,157,308,178,308,178,317,157,317,ea,from,0.811699390411377,0.09447808936238289,0.6940978676080704,/content/outputs/inference/answersheet/model_finetune_640_results/res_7b3e09b00211a9208887a8012a37ea47_jpg_1.pkl
367,96,391,108,367,96,390,96,390,107,367,107,fesss,the,0.6357637643814087,0.2863794967532158,0.522063285112381,/content/outputs/inference/answersheet/model_finetune_640_results/res_7b3e09b00211a9208887a8012a37ea47_jpg_2.pkl
213,142,232,152,213,142,231,142,231,151,213,151,fdddddcedee,for,0.5030159950256348,0.1648561419411139,0.6133258901536465,/content/outputs/inference/answersheet/model_finetune_640_results/res_7b3e09b00211a9208887a8012a37ea47_jpg_3.pkl
183,9,206,20,183,9,205,9,205,19,183,19,gggoyn,for,0.7320920825004578,0.23576315864920616,0.6613991521298885,/content/outputs/inference/answersheet/model_finetune_640_results/res_7b3e09b00211a9208887a8012a37ea47_jpg_4.pkl
168,197,189,206,168,197,188,197,188,205,168,205,ftthhnhhnnhnnnnnnnn00,the,0.7800269722938538,0.12187102614414125,0.6061567775905132,/content/outputs/inference/answersheet/model_finetune_640_results/res_7b3e09b00211a9208887a8012a37ea47_jpg_5.pkl
161,285,201,298,161,285,200,285,200,297,161,297,ttttttt,the,0.6548402309417725,0.2520195948226111,0.36110702343285084,/content/outputs/inference/answersheet/model_finetune_640_results/res_7b3e09b00211a9208887a8012a37ea47_jpg_6.pkl
193,29,216,39,193,29,215,29,215,38,193,38,t,for,0.7477265000343323,0.0880194827914238,0.5738156586885452,/content/outputs/inference/answersheet/model_finetune_640_results/res_7b3e09b00211a9208887a8012a37ea47_jpg_7.pkl
205,227,226,238,205,227,225,227,225,237,205,237,heeeeheyt,the,0.589242160320282,0.15602141535944408,0.5113655477762222,/content/outputs/inference/answersheet/model_finetune_640_results/res_7b3e09b00211a9208887a8012a37ea47_jpg_8.pkl
322,83,343,94,322,83,342,83,342,93,322,93,eeeeeeeyyyyyyy,the,0.5466606616973877,0.2542569786310196,0.47985775023698807,/content/outputs/inference/answersheet/model_finetune_640_results/res_7b3e09b00211a9208887a8012a37ea47_jpg_9.pkl
156,82,177,92,156,82,176,82,176,91,156,91,ftttdddfiffdddydyy,and,0.5742718577384949,0.2870766975813442,0.6533586047589779,/content/outputs/inference/answersheet/model_finetune_640_results/res_7b3e09b00211a9208887a8012a37ea47_jpg_10.pkl
354,33,375,45,354,33,374,33,374,44,354,44,4eeeeeeed,apr,0.7130065560340881,0.21088128123018476,0.5947477426379919,/content/outputs/inference/answersheet/model_finetune_640_results/res_7b3e09b00211a9208887a8012a37ea47_jpg_11.pkl
226,245,245,254,226,245,244,245,244,253,226,253,t4aiiii,any,0.6665173768997192,0.12335079056876046,0.5313932001590729,/content/outputs/inference/answersheet/model_finetune_640_results/res_7b3e09b00211a9208887a8012a37ea47_jpg_12.pkl
216,45,239,55,216,45,238,45,238,54,216,54,tdoos,the,0.6616843342781067,0.12053868621587753,0.48109540715813637,/content/outputs/inference/answersheet/model_finetune_640_results/res_7b3e09b00211a9208887a8012a37ea47_jpg_13.pkl
184,109,204,119,184,109,203,109,203,118,184,118,foa3yy,for,0.701336145401001,0.19087189560135207,0.639105536043644,/content/outputs/inference/answersheet/model_finetune_640_results/res_7b3e09b00211a9208887a8012a37ea47_jpg_14.pkl
336,65,358,75,336,65,357,65,357,74,336,74,ffffffffffffffsennnn,from,0.6555855870246887,0.360938336327672,0.6599308550357819,/content/outputs/inference/answersheet/model_finetune_640_results/res_7b3e09b00211a9208887a8012a37ea47_jpg_15.pkl
162,286,186,296,162,286,185,286,185,295,162,295,ooddaaaaaaaaaaaaaaaaaam,the,0.5272738337516785,0.24263212570677634,0.42370709776878357,/content/outputs/inference/answersheet/model_finetune_640_results/res_7b3e09b00211a9208887a8012a37ea47_jpg_16.pkl
99,394,224,410,102,394,223,394,223,409,102,409,eseee,messageid,0.5357934236526489,0.1862542748451233,0.6134474776685238,/content/outputs/inference/answersheet/model_finetune_640_results/res_7b3e09b00211a9208887a8012a37ea47_jpg_17.pkl
183,244,199,250,183,244,198,244,198,249,183,249,tfeeeeeeeeeeedsssooooooyyyy,for,0.5639562010765076,0.21360189633236992,0.622963011264801,/content/outputs/inference/answersheet/model_finetune_640_results/res_7b3e09b00211a9208887a8012a37ea47_jpg_18.pkl
206,341,227,350,206,341,226,341,226,349,206,349,odd,the,0.841336190700531,0.08624865114688873,0.47704824805259705,/content/outputs/inference/answersheet/model_finetune_640_results/res_7b3e09b00211a9208887a8012a37ea47_jpg_19.pkl
335,64,373,76,337,64,372,64,372,75,337,75,fffffnneeeeeeeeaaeaeaeeaeeeee,from,0.5531120300292969,0.2123608691938992,0.6449582934379577,/content/outputs/inference/answersheet/model_finetune_640_results/res_7b3e09b00211a9208887a8012a37ea47_jpg_20.pkl
188,213,208,221,188,213,207,213,207,220,188,220,ddddddaaaeaereennnnyny,the,0.6384632587432861,0.16080712188373913,0.5150431431829929,/content/outputs/inference/answersheet/model_finetune_640_results/res_7b3e09b00211a9208887a8012a37ea47_jpg_21.pkl
169,45,189,54,169,45,188,45,188,53,169,53,tfeeeeeeeeteseee,the,0.6515201926231384,0.19438039138913155,0.6263594031333923,/content/outputs/inference/answersheet/model_finetune_640_results/res_7b3e09b00211a9208887a8012a37ea47_jpg_22.pkl
320,81,374,95,322,81,373,81,373,94,322,94,eeyeedoe,the,0.6029845476150513,0.13772171083837748,0.4797249399125576,/content/outputs/inference/answersheet/model_finetune_640_results/res_7b3e09b00211a9208887a8012a37ea47_jpg_23.pkl
230,380,251,390,230,380,250,380,250,389,230,389,fffdte,and,0.6003251075744629,0.3449577254553636,0.572263952344656,/content/outputs/inference/answersheet/model_finetune_640_results/res_7b3e09b00211a9208887a8012a37ea47_jpg_24.pkl
333,95,354,107,333,95,353,95,353,106,333,106,natateeey,the,0.5447149276733398,0.12778707262542513,0.4394691362977028,/content/outputs/inference/answersheet/model_finetune_640_results/res_7b3e09b00211a9208887a8012a37ea47_jpg_25.pkl
362,52,389,63,362,52,388,52,388,62,362,62,ttataayyayyayyrre,from,0.633508026599884,0.1659458709113738,0.6148663207888603,/content/outputs/inference/answersheet/model_finetune_640_results/res_7b3e09b00211a9208887a8012a37ea47_jpg_26.pkl
189,287,318,306,196,287,315,291,314,306,195,300,treten,restardent,0.550184428691864,0.16760898754000664,0.48890898715366016,/content/outputs/inference/answersheet/model_finetune_640_results/res_7b3e09b00211a9208887a8012a37ea47_jpg_27.pkl
189,380,210,390,189,380,209,380,209,389,189,389,44a44adstsoe,the,0.5462353229522705,0.1446789801120758,0.6100674252957106,/content/outputs/inference/answersheet/model_finetune_640_results/res_7b3e09b00211a9208887a8012a37ea47_jpg_28.pkl
164,226,185,235,164,226,184,226,184,234,164,234,tffffheey,the,0.6556602716445923,0.20206976764731938,0.6927191093564034,/content/outputs/inference/answersheet/model_finetune_640_results/res_7b3e09b00211a9208887a8012a37ea47_jpg_29.pkl
