187,91,236,104,187,91,235,91,235,103,187,103,ffnnady,from,0.725386917591095,0.2260586747101375,0.5634814471006393,/content/outputs/inference/answersheet/model_finetune_640_results/res_3d0c6a2544fec9d6aa4365c2f8c07c4d_jpg_0.pkl
176,68,217,82,176,68,216,68,216,81,176,81,tnaaaaaaoaoii9ooyy,the,0.7350360751152039,0.1464308446480168,0.5161890536546707,/content/outputs/inference/answersheet/model_finetune_640_results/res_3d0c6a2544fec9d6aa4365c2f8c07c4d_jpg_1.pkl
284,75,324,88,284,75,323,75,323,87,284,87,ateee,the,0.6478994488716125,0.3308969378471375,0.482387438416481,/content/outputs/inference/answersheet/model_finetune_640_results/res_3d0c6a2544fec9d6aa4365c2f8c07c4d_jpg_2.pkl
119,117,144,128,119,117,143,117,143,127,119,127,ttththhhhnnaall,the,0.5190578699111938,0.21355283558368682,0.6862308979034424,/content/outputs/inference/answersheet/model_finetune_640_results/res_3d0c6a2544fec9d6aa4365c2f8c07c4d_jpg_3.pkl
141,128,168,138,141,128,167,128,167,137,141,137,gg,spe,0.5000573396682739,0.07350600510835648,0.28301697596907616,/content/outputs/inference/answersheet/model_finetune_640_results/res_3d0c6a2544fec9d6aa4365c2f8c07c4d_jpg_4.pkl
171,14,233,26,171,14,232,14,232,25,171,25,dlaassssyymphaoo,also,0.5168906450271606,0.23928566742688417,0.3621949404478073,/content/outputs/inference/answersheet/model_finetune_640_results/res_3d0c6a2544fec9d6aa4365c2f8c07c4d_jpg_5.pkl
121,16,164,29,121,16,163,16,163,28,121,28,pao,sale,0.6962702870368958,0.31862378120422363,0.5170783817768096,/content/outputs/inference/answersheet/model_finetune_640_results/res_3d0c6a2544fec9d6aa4365c2f8c07c4d_jpg_6.pkl
137,35,199,47,137,35,197,35,197,45,137,45,taafaatanadddded,from,0.5695391893386841,0.23863721173256636,0.580080147087574,/content/outputs/inference/answersheet/model_finetune_640_results/res_3d0c6a2544fec9d6aa4365c2f8c07c4d_jpg_7.pkl
168,117,190,126,168,117,189,117,189,125,168,125,tyedddddddde,from,0.5335620641708374,0.20062142548461756,0.6026677548885345,/content/outputs/inference/answersheet/model_finetune_640_results/res_3d0c6a2544fec9d6aa4365c2f8c07c4d_jpg_8.pkl
207,16,233,26,207,16,232,16,232,25,207,25,pppaaoaeaooeoooooo,the,0.5908814668655396,0.24531366055210432,0.5319806933403015,/content/outputs/inference/answersheet/model_finetune_640_results/res_3d0c6a2544fec9d6aa4365c2f8c07c4d_jpg_9.pkl
272,33,357,46,277,33,356,33,356,45,277,45,ttlaeywyyyyee,stave,0.6285974383354187,0.2939297270316344,0.5408917715152105,/content/outputs/inference/answersheet/model_finetune_640_results/res_3d0c6a2544fec9d6aa4365c2f8c07c4d_jpg_10.pkl
276,11,322,25,276,11,321,11,321,24,276,24,ttttyfneeedd,the,0.5224459171295166,0.2789563983678818,0.5585093349218369,/content/outputs/inference/answersheet/model_finetune_640_results/res_3d0c6a2544fec9d6aa4365c2f8c07c4d_jpg_11.pkl
123,19,148,29,123,19,147,19,147,28,123,28,pdaaaaa,par,0.6700794696807861,0.3553620534283774,0.3723658546805382,/content/outputs/inference/answersheet/model_finetune_640_results/res_3d0c6a2544fec9d6aa4365c2f8c07c4d_jpg_12.pkl
155,93,183,105,155,93,182,93,182,104,155,104,asddsdddddaani,sale,0.6336032748222351,0.12078721501997539,0.5764802396297455,/content/outputs/inference/answersheet/model_finetune_640_results/res_3d0c6a2544fec9d6aa4365c2f8c07c4d_jpg_13.pkl
347,8,378,20,347,8,377,8,377,19,347,19,ssadadddd,the,0.6650898456573486,0.14078809238142437,0.6922113597393036,/content/outputs/inference/answersheet/model_finetune_640_results/res_3d0c6a2544fec9d6aa4365c2f8c07c4d_jpg_14.pkl
240,112,273,125,240,112,272,112,272,124,240,124,olflffffffpes,off,0.7635195851325989,0.3830376462294505,0.810978040099144,/content/outputs/inference/answersheet/model_finetune_640_results/res_3d0c6a2544fec9d6aa4365c2f8c07c4d_jpg_15.pkl
114,71,141,84,114,71,140,71,140,83,114,83,aop,the,0.5613239407539368,0.16535837948322296,0.5290477499365807,/content/outputs/inference/answersheet/model_finetune_640_results/res_3d0c6a2544fec9d6aa4365c2f8c07c4d_jpg_16.pkl
366,31,395,41,366,31,394,31,394,40,366,40,taosooo9,the,0.7468973994255066,0.2844439074397087,0.5422049090266228,/content/outputs/inference/answersheet/model_finetune_640_results/res_3d0c6a2544fec9d6aa4365c2f8c07c4d_jpg_17.pkl
133,27,201,60,135,33,199,26,203,53,138,62,kgnaaasss,school,0.5156291723251343,0.20261292656262717,0.41395370236464907,/content/outputs/inference/answersheet/model_finetune_640_results/res_3d0c6a2544fec9d6aa4365c2f8c07c4d_jpg_18.pkl
