60,354,120,367,60,354,119,354,119,366,60,366,sepatee,shople,0.6187882423400879,0.34384038725069593,0.5702586131436485,/content/outputs/inference/answersheet/model_finetune_640_results/res_1706f268a753acc7c8d6b2498f72af78_jpg_0.pkl
195,130,246,143,195,130,244,130,244,141,195,141,fteeayyy,from,0.6937411427497864,0.27200486324727535,0.48149685859680175,/content/outputs/inference/answersheet/model_finetune_640_results/res_1706f268a753acc7c8d6b2498f72af78_jpg_1.pkl
57,275,114,290,57,275,113,275,113,289,57,289,saaan,ske,0.5832564830780029,0.3171412914991379,0.5422660261392593,/content/outputs/inference/answersheet/model_finetune_640_results/res_1706f268a753acc7c8d6b2498f72af78_jpg_2.pkl
92,42,198,57,94,42,197,42,197,56,94,56,nteeteeed,nationaged,0.8121504783630371,0.2788230834735764,0.5873325473882935,/content/outputs/inference/answersheet/model_finetune_640_results/res_1706f268a753acc7c8d6b2498f72af78_jpg_3.pkl
65,0,107,11,65,0,105,0,105,9,65,9,franlyeeeeeee,the,0.7050320506095886,0.09520741724050961,0.45489567890763283,/content/outputs/inference/answersheet/model_finetune_640_results/res_1706f268a753acc7c8d6b2498f72af78_jpg_4.pkl
94,131,178,143,94,131,177,131,177,142,94,142,ttcnnsaeaaaeees,from,0.6647071242332458,0.14865119457244874,0.504498440027237,/content/outputs/inference/answersheet/model_finetune_640_results/res_1706f268a753acc7c8d6b2498f72af78_jpg_5.pkl
196,175,230,188,196,175,229,175,229,187,196,187,geddeeddd,ded,0.638014554977417,0.3296381996737586,0.615840457379818,/content/outputs/inference/answersheet/model_finetune_640_results/res_1706f268a753acc7c8d6b2498f72af78_jpg_6.pkl
50,120,88,132,50,120,85,120,85,131,50,131,aaaaaaaeet,the,0.6686175465583801,0.1622281067073345,0.43040962889790535,/content/outputs/inference/answersheet/model_finetune_640_results/res_1706f268a753acc7c8d6b2498f72af78_jpg_7.pkl
175,127,290,144,183,130,284,130,284,143,183,143,fffaaaooyyaaette,coffeen,0.5756296515464783,0.17202261602506042,0.48696368373930454,/content/outputs/inference/answersheet/model_finetune_640_results/res_1706f268a753acc7c8d6b2498f72af78_jpg_8.pkl
72,11,106,22,72,11,103,11,103,21,72,21,aeaaaae,from,0.5090693235397339,0.13350249933344976,0.5303754925727844,/content/outputs/inference/answersheet/model_finetune_640_results/res_1706f268a753acc7c8d6b2498f72af78_jpg_9.pkl
197,308,225,318,197,308,224,308,224,317,197,317,ttttttttttdd0,the,0.8425775766372681,0.31416687082785827,0.6138348579406738,/content/outputs/inference/answersheet/model_finetune_640_results/res_1706f268a753acc7c8d6b2498f72af78_jpg_10.pkl
171,331,196,342,171,331,195,331,195,341,171,341,fgggggaaa,from,0.7394753098487854,0.18593263294961718,0.6246916562318802,/content/outputs/inference/answersheet/model_finetune_640_results/res_1706f268a753acc7c8d6b2498f72af78_jpg_11.pkl
254,133,275,142,254,133,274,133,274,141,254,141,aaaaaaaaaaaaaaaaaaaaaaaaaaaaaaaaett,and,0.7910973429679871,0.4181122945887702,0.6084817573428154,/content/outputs/inference/answersheet/model_finetune_640_results/res_1706f268a753acc7c8d6b2498f72af78_jpg_12.pkl
83,155,112,165,83,155,111,155,111,164,83,164,4111t1t1aaeeee,the,0.5600172877311707,0.16313126842890466,0.5305265486240387,/content/outputs/inference/answersheet/model_finetune_640_results/res_1706f268a753acc7c8d6b2498f72af78_jpg_13.pkl
204,372,230,380,204,372,229,372,229,379,204,379,tdd,from,0.7577431797981262,0.246834268172582,0.6162911921739578,/content/outputs/inference/answersheet/model_finetune_640_results/res_1706f268a753acc7c8d6b2498f72af78_jpg_14.pkl
190,232,220,246,190,232,219,232,219,245,190,245,111111eeccccoooo,100,0.6547545790672302,0.31414651218801737,0.7040794640779495,/content/outputs/inference/answersheet/model_finetune_640_results/res_1706f268a753acc7c8d6b2498f72af78_jpg_15.pkl
288,123,316,131,288,123,313,123,313,130,288,130,yyyeatd4,you,0.6505228281021118,0.1828015074133873,0.55295804515481,/content/outputs/inference/answersheet/model_finetune_640_results/res_1706f268a753acc7c8d6b2498f72af78_jpg_16.pkl
245,122,275,131,245,122,274,122,274,130,245,130,ttyyyyyyyyhe,the,0.5533168911933899,0.24997537086407343,0.6444519199430943,/content/outputs/inference/answersheet/model_finetune_640_results/res_1706f268a753acc7c8d6b2498f72af78_jpg_17.pkl
331,121,351,129,331,121,350,121,350,128,331,128,aaaaaaaaaaaaoaaoaoooooddddddeereen,of,0.5599669218063354,0.21858031697133007,0.31163910528024036,/content/outputs/inference/answersheet/model_finetune_640_results/res_1706f268a753acc7c8d6b2498f72af78_jpg_18.pkl
350,120,384,131,350,120,383,120,383,130,350,130,aaeeee,mark,0.7405643463134766,0.20799895375967026,0.39191009253263476,/content/outputs/inference/answersheet/model_finetune_640_results/res_1706f268a753acc7c8d6b2498f72af78_jpg_19.pkl
181,119,205,128,181,119,204,119,204,127,181,127,ppppppetttddeeede,the,0.6549832820892334,0.14632143299369252,0.4762383569031954,/content/outputs/inference/answersheet/model_finetune_640_results/res_1706f268a753acc7c8d6b2498f72af78_jpg_20.pkl
