292,348,360,361,292,348,359,348,359,360,292,360,fdilaeerd,from,0.7414295077323914,0.22979693445894453,0.6417516350746155,/content/outputs/inference/answersheet/model_finetune_640_results/res_ec6e86f497dc79b73397c4264593c52a_jpg_0.pkl
311,139,362,153,313,139,361,139,361,152,313,152,aas,from,0.5950417518615723,0.31359804173310596,0.4924019530415535,/content/outputs/inference/answersheet/model_finetune_640_results/res_ec6e86f497dc79b73397c4264593c52a_jpg_1.pkl
109,161,158,174,111,161,157,161,157,173,111,173,aaka,more,0.6158313155174255,0.13974341750144958,0.3010106056928635,/content/outputs/inference/answersheet/model_finetune_640_results/res_ec6e86f497dc79b73397c4264593c52a_jpg_2.pkl
227,195,281,207,227,195,280,195,280,206,227,206,ghoooooaaggffefffffetttssstsassaedd,from,0.6312978863716125,0.13960966765880584,0.48545839041471484,/content/outputs/inference/answersheet/model_finetune_640_results/res_ec6e86f497dc79b73397c4264593c52a_jpg_3.pkl
227,186,282,196,227,186,281,186,281,195,227,195,heeeele,hellers,0.6075377464294434,0.22191537065165384,0.3914832267910242,/content/outputs/inference/answersheet/model_finetune_640_results/res_ec6e86f497dc79b73397c4264593c52a_jpg_4.pkl
111,216,160,228,111,216,159,216,159,227,111,227,hdaaeyyyyy,the,0.6638131737709045,0.1785474494099617,0.4330139309167862,/content/outputs/inference/answersheet/model_finetune_640_results/res_ec6e86f497dc79b73397c4264593c52a_jpg_5.pkl
228,215,280,229,228,217,279,217,279,228,228,228,aaaafteaeeeaanee,charden,0.6853388547897339,0.2318600034341216,0.5325723364949226,/content/outputs/inference/answersheet/model_finetune_640_results/res_ec6e86f497dc79b73397c4264593c52a_jpg_6.pkl
109,152,158,164,109,152,157,152,157,163,109,163,haaeed,from,0.5166616439819336,0.13181422278285027,0.5402140378952026,/content/outputs/inference/answersheet/model_finetune_640_results/res_ec6e86f497dc79b73397c4264593c52a_jpg_7.pkl
286,370,357,384,288,370,356,370,356,383,288,383,afffraaaaaedeee,from,0.677283763885498,0.22645805180072784,0.43747279047966003,/content/outputs/inference/answersheet/model_finetune_640_results/res_ec6e86f497dc79b73397c4264593c52a_jpg_8.pkl
72,20,144,32,72,20,141,20,141,31,72,31,stoeeetto,the,0.6370396614074707,0.2849859686361419,0.4120255783200264,/content/outputs/inference/answersheet/model_finetune_640_results/res_ec6e86f497dc79b73397c4264593c52a_jpg_9.pkl
83,242,147,254,83,242,146,242,146,253,83,253,orkkkkkceeeeaamaaee,coffee,0.5104512572288513,0.21413902546230115,0.4577384293079376,/content/outputs/inference/answersheet/model_finetune_640_results/res_ec6e86f497dc79b73397c4264593c52a_jpg_10.pkl
118,294,181,309,118,294,179,294,179,307,118,307,eeeytfesd,coffee,0.6125800013542175,0.13343987448347938,0.4223123150212424,/content/outputs/inference/answersheet/model_finetune_640_results/res_ec6e86f497dc79b73397c4264593c52a_jpg_11.pkl
292,273,342,284,292,273,341,273,341,283,292,283,akeaa,parkers,0.701869785785675,0.21090856492519378,0.4959230348467827,/content/outputs/inference/answersheet/model_finetune_640_results/res_ec6e86f497dc79b73397c4264593c52a_jpg_12.pkl
80,75,122,86,80,75,121,75,121,85,80,85,eheeeeee,from,0.6564282178878784,0.16737280692905188,0.5847834199666977,/content/outputs/inference/answersheet/model_finetune_640_results/res_ec6e86f497dc79b73397c4264593c52a_jpg_13.pkl
107,359,177,375,107,359,176,359,176,374,107,374,tenp,from,0.5223052501678467,0.13511415757238865,0.468702594935894,/content/outputs/inference/answersheet/model_finetune_640_results/res_ec6e86f497dc79b73397c4264593c52a_jpg_14.pkl
117,21,140,31,117,21,139,21,139,30,117,30,tttseaeeeeeeeo,the,0.5103850364685059,0.23992762874279702,0.592009574174881,/content/outputs/inference/answersheet/model_finetune_640_results/res_ec6e86f497dc79b73397c4264593c52a_jpg_15.pkl
108,330,134,340,108,330,133,330,133,339,108,339,hhoobee,bread,0.542316198348999,0.12191358634403773,0.40824433664480847,/content/outputs/inference/answersheet/model_finetune_640_results/res_ec6e86f497dc79b73397c4264593c52a_jpg_16.pkl
288,291,343,304,290,291,342,291,342,303,290,303,eooaaiiaattttttsa,from,0.6497035026550293,0.17732194986413508,0.3944560617208481,/content/outputs/inference/answersheet/model_finetune_640_results/res_ec6e86f497dc79b73397c4264593c52a_jpg_17.pkl
137,329,169,338,137,329,168,329,168,337,137,337,ffaee,from,0.6084653735160828,0.1401546537876129,0.5935423001646996,/content/outputs/inference/answersheet/model_finetune_640_results/res_ec6e86f497dc79b73397c4264593c52a_jpg_18.pkl
249,387,310,396,251,387,309,387,309,395,251,395,oieeeee,offee,0.6558477878570557,0.1610541439482144,0.5557899003227552,/content/outputs/inference/answersheet/model_finetune_640_results/res_ec6e86f497dc79b73397c4264593c52a_jpg_19.pkl
120,276,141,285,120,276,140,276,140,284,120,284,hhhhhhhahaaaaaaaaaaa,have,0.5102146863937378,0.1648273516446352,0.49952088892459867,/content/outputs/inference/answersheet/model_finetune_640_results/res_ec6e86f497dc79b73397c4264593c52a_jpg_20.pkl
272,244,298,252,272,244,297,244,297,251,272,251,eeeeeeeeeeeaaaeaauee,from,0.5135706663131714,0.25589132867753506,0.573854175209999,/content/outputs/inference/answersheet/model_finetune_640_results/res_ec6e86f497dc79b73397c4264593c52a_jpg_21.pkl
