228,117,293,130,228,117,291,117,291,128,228,128,fehgodyrees,for,0.8942634463310242,0.2811069644310258,0.5579144358634949,/content/outputs/inference/answersheet/model_finetune_640_results/res_203dfc578ff33d4c62b924643ffea321_jpg_0.pkl
175,374,191,382,175,374,190,374,190,381,175,381,4444444444444444gdyydddnnnyyyyyyy,4,0.7600420713424683,0.3019839809699492,0.3806358464062214,/content/outputs/inference/answersheet/model_finetune_640_results/res_203dfc578ff33d4c62b924643ffea321_jpg_1.pkl
217,196,306,209,219,196,304,196,304,207,219,207,eyoyykggddbette,for,0.8633584976196289,0.283100954691569,0.4106163941323757,/content/outputs/inference/answersheet/model_finetune_640_results/res_203dfc578ff33d4c62b924643ffea321_jpg_2.pkl
185,293,208,302,185,293,207,293,207,301,185,301,4444aaaaetiiiiiiiiiitiittatoddsdss55sss,the,0.7241830825805664,0.13659876852463454,0.5476171001791954,/content/outputs/inference/answersheet/model_finetune_640_results/res_203dfc578ff33d4c62b924643ffea321_jpg_3.pkl
208,40,228,51,208,40,227,40,227,50,208,50,t2999,too,0.8332095742225647,0.1537124067544937,0.6070616841316223,/content/outputs/inference/answersheet/model_finetune_640_results/res_203dfc578ff33d4c62b924643ffea321_jpg_4.pkl
215,345,269,360,217,343,269,349,267,362,216,355,rreaat,chanal,0.6036263108253479,0.24516971906026205,0.41502793771880014,/content/outputs/inference/answersheet/model_finetune_640_results/res_203dfc578ff33d4c62b924643ffea321_jpg_5.pkl
276,181,292,187,276,181,291,181,291,186,276,186,66ddfooeeeppepeepddddeddde,for,0.8693142533302307,0.14030290480989677,0.6667362004518509,/content/outputs/inference/answersheet/model_finetune_640_results/res_203dfc578ff33d4c62b924643ffea321_jpg_6.pkl
125,251,140,260,125,251,139,251,139,259,125,259,ggggoyoyyyyyyyyyyyy,for,0.5374556183815002,0.20045433428726697,0.7514442317187786,/content/outputs/inference/answersheet/model_finetune_640_results/res_203dfc578ff33d4c62b924643ffea321_jpg_7.pkl
293,197,310,207,293,197,309,197,309,206,293,206,tttttttteeeeeed,to,0.6288129687309265,0.5599485208590825,0.8884389996528625,/content/outputs/inference/answersheet/model_finetune_640_results/res_203dfc578ff33d4c62b924643ffea321_jpg_8.pkl
250,237,267,245,250,237,266,237,266,244,250,244,fffffffffffffffffffffffffff4fffffftftetto2222oo,for,0.8059319257736206,0.3353277658845516,0.639762669801712,/content/outputs/inference/answersheet/model_finetune_640_results/res_203dfc578ff33d4c62b924643ffea321_jpg_9.pkl
69,286,89,296,69,286,88,286,88,295,69,295,ttttosff,for,0.707002580165863,0.30965462792664766,0.7245262563228607,/content/outputs/inference/answersheet/model_finetune_640_results/res_203dfc578ff33d4c62b924643ffea321_jpg_10.pkl
207,272,290,288,207,272,289,275,288,289,207,285,toyyrttpbkkttdd,coffee,0.5989147424697876,0.2572765549023946,0.45394385925361086,/content/outputs/inference/answersheet/model_finetune_640_results/res_203dfc578ff33d4c62b924643ffea321_jpg_11.pkl
141,369,191,383,143,369,190,369,190,382,143,382,dssgd,does,0.7658706903457642,0.1975791186094284,0.3779868960380554,/content/outputs/inference/answersheet/model_finetune_640_results/res_203dfc578ff33d4c62b924643ffea321_jpg_12.pkl
84,331,105,341,84,331,104,331,104,340,84,340,ooos,for,0.678482711315155,0.238384909927845,0.7098125740885735,/content/outputs/inference/answersheet/model_finetune_640_results/res_203dfc578ff33d4c62b924643ffea321_jpg_13.pkl
251,101,267,108,251,101,266,101,266,107,251,107,ffffffseeoeeeye,for,0.7778831720352173,0.24744851340850194,0.7922045588493347,/content/outputs/inference/answersheet/model_finetune_640_results/res_203dfc578ff33d4c62b924643ffea321_jpg_14.pkl
236,176,293,188,236,176,290,176,290,187,236,187,gggoaaaaaeeeeeeee,for,0.6615893244743347,0.17999282698420918,0.48201760835945606,/content/outputs/inference/answersheet/model_finetune_640_results/res_203dfc578ff33d4c62b924643ffea321_jpg_15.pkl
203,311,216,319,203,311,215,311,215,318,203,318,ffffttttnnnnnnnn,the,0.6460886597633362,0.22302457597106695,0.6980965808033943,/content/outputs/inference/answersheet/model_finetune_640_results/res_203dfc578ff33d4c62b924643ffea321_jpg_16.pkl
163,351,179,361,163,351,178,351,178,360,163,360,fefeeeoooooyy,for,0.8260974884033203,0.21972474742394227,0.7101778388023376,/content/outputs/inference/answersheet/model_finetune_640_results/res_203dfc578ff33d4c62b924643ffea321_jpg_17.pkl
223,259,273,274,223,259,272,259,272,273,223,273,fffaasatteddffadttggea,the,0.5317609906196594,0.22521183436567133,0.49867211654782295,/content/outputs/inference/answersheet/model_finetune_640_results/res_203dfc578ff33d4c62b924643ffea321_jpg_18.pkl
184,100,204,107,184,100,203,100,203,106,184,106,s4tttdo9,for,0.6255964636802673,0.1991480551660061,0.6235815808176994,/content/outputs/inference/answersheet/model_finetune_640_results/res_203dfc578ff33d4c62b924643ffea321_jpg_19.pkl
57,351,78,361,57,351,77,351,77,360,57,360,teea,date,0.5540667772293091,0.13243588246405125,0.5632209330797195,/content/outputs/inference/answersheet/model_finetune_640_results/res_203dfc578ff33d4c62b924643ffea321_jpg_20.pkl
186,21,204,31,186,21,203,21,203,30,186,30,cg6fofftrnnnny,off,0.8572170734405518,0.141193511230605,0.6997679173946381,/content/outputs/inference/answersheet/model_finetune_640_results/res_203dfc578ff33d4c62b924643ffea321_jpg_21.pkl
118,349,145,360,118,349,144,349,144,359,118,359,offffffffffkooooo,for,0.6168597340583801,0.3094438323203255,0.6935637816786766,/content/outputs/inference/answersheet/model_finetune_640_results/res_203dfc578ff33d4c62b924643ffea321_jpg_22.pkl
90,356,109,364,90,356,108,356,108,363,90,363,ddddeeeaeaadyyyytyyyyy,and,0.5935455560684204,0.25620284033092583,0.6505276560783386,/content/outputs/inference/answersheet/model_finetune_640_results/res_203dfc578ff33d4c62b924643ffea321_jpg_23.pkl
259,158,274,165,259,158,273,158,273,164,259,164,fffff44ff4f4f4f10000000y,10,0.7709299325942993,0.23635869038601717,0.660961464047432,/content/outputs/inference/answersheet/model_finetune_640_results/res_203dfc578ff33d4c62b924643ffea321_jpg_24.pkl
164,36,188,49,166,36,187,36,187,48,166,48,geggegggegegggoy,for,0.6743463277816772,0.29161887243390083,0.5132753290235996,/content/outputs/inference/answersheet/model_finetune_640_results/res_203dfc578ff33d4c62b924643ffea321_jpg_25.pkl
102,196,124,206,102,196,123,196,123,205,102,205,44gaaee4eeeeeesss,43,0.5633998513221741,0.2087176073999966,0.33063896000385284,/content/outputs/inference/answersheet/model_finetune_640_results/res_203dfc578ff33d4c62b924643ffea321_jpg_26.pkl
135,97,156,108,135,97,155,97,155,107,135,107,ffffffffffkesssss,for,0.5907294750213623,0.4768355997169719,0.6630713976919651,/content/outputs/inference/answersheet/model_finetune_640_results/res_203dfc578ff33d4c62b924643ffea321_jpg_27.pkl
180,331,197,341,180,331,196,331,196,340,180,340,ftaaa1fffffff,for,0.6762517094612122,0.31606753170490265,0.6926644220948219,/content/outputs/inference/answersheet/model_finetune_640_results/res_203dfc578ff33d4c62b924643ffea321_jpg_28.pkl
149,233,162,240,149,233,161,233,161,239,149,239,ttttttttleeeeeeeoooeeoeoeedeee,for,0.7962406873703003,0.16868797888358433,0.6639433354139328,/content/outputs/inference/answersheet/model_finetune_640_results/res_203dfc578ff33d4c62b924643ffea321_jpg_29.pkl
113,312,127,320,113,312,126,312,126,319,113,319,4444a4audeeeedddddddpppppppppoooeeeedenen,the,0.730563223361969,0.10890787367413683,0.648125110194087,/content/outputs/inference/answersheet/model_finetune_640_results/res_203dfc578ff33d4c62b924643ffea321_jpg_30.pkl
140,368,171,380,143,368,170,368,170,379,143,379,4o,does,0.5786036252975464,0.13515231758356094,0.39278612434864046,/content/outputs/inference/answersheet/model_finetune_640_results/res_203dfc578ff33d4c62b924643ffea321_jpg_31.pkl
160,254,175,262,160,254,174,254,174,261,160,261,4dd4t4ff4,the,0.8163378238677979,0.14155078513754737,0.6326832622289658,/content/outputs/inference/answersheet/model_finetune_640_results/res_203dfc578ff33d4c62b924643ffea321_jpg_32.pkl
92,265,128,280,92,267,127,267,127,279,92,279,g44sae,1993,0.5349349975585938,0.22106510028243065,0.4026279464364052,/content/outputs/inference/answersheet/model_finetune_640_results/res_203dfc578ff33d4c62b924643ffea321_jpg_33.pkl
35,361,76,377,38,363,73,363,73,376,38,376,dsssffssssssss,for,0.6183544993400574,0.2964807929737227,0.534955833107233,/content/outputs/inference/answersheet/model_finetune_640_results/res_203dfc578ff33d4c62b924643ffea321_jpg_34.pkl
68,372,84,382,68,372,83,372,83,381,68,381,eeeeeeeeeeeeeaee4ee4eeeeeeeggddyyyddyddddd,4,0.6046015024185181,0.23691913006561144,0.45073216408491135,/content/outputs/inference/answersheet/model_finetune_640_results/res_203dfc578ff33d4c62b924643ffea321_jpg_35.pkl
