250,346,286,358,250,346,285,346,285,357,250,357,aeeeee,that,0.626531720161438,0.4814579387505849,0.5220209315419198,/content/outputs/inference/answersheet/model_finetune_640_results/res_d16de348d042f7d67a429e6fc94bf871_jpg_0.pkl
134,274,150,284,134,274,149,274,149,283,134,283,tfftyr,for,0.5772481560707092,0.18646924446026483,0.6301237270236015,/content/outputs/inference/answersheet/model_finetune_640_results/res_d16de348d042f7d67a429e6fc94bf871_jpg_1.pkl
139,347,164,355,139,347,163,347,163,354,139,354,eee,colle,0.6378785967826843,0.08634946991999944,0.351599283516407,/content/outputs/inference/answersheet/model_finetune_640_results/res_d16de348d042f7d67a429e6fc94bf871_jpg_2.pkl
178,132,195,142,178,132,194,132,194,141,178,141,tttteeo000000000,and,0.7294073104858398,0.1202806057408452,0.6160330157727003,/content/outputs/inference/answersheet/model_finetune_640_results/res_d16de348d042f7d67a429e6fc94bf871_jpg_3.pkl
136,385,217,397,139,385,213,385,213,396,139,396,toddetddeeeety,the,0.7249544858932495,0.2516686554465975,0.4668484516441822,/content/outputs/inference/answersheet/model_finetune_640_results/res_d16de348d042f7d67a429e6fc94bf871_jpg_4.pkl
152,243,174,254,152,243,173,243,173,253,152,253,ffffftt,from,0.6552420854568481,0.29946531994002207,0.521808785200119,/content/outputs/inference/answersheet/model_finetune_640_results/res_d16de348d042f7d67a429e6fc94bf871_jpg_5.pkl
139,373,155,383,139,373,154,373,154,382,139,382,11111tootoooootooootototohhhhyfyy,for,0.5028902292251587,0.11731458161816452,0.6864913590252399,/content/outputs/inference/answersheet/model_finetune_640_results/res_d16de348d042f7d67a429e6fc94bf871_jpg_6.pkl
242,171,260,184,242,171,259,171,259,183,242,183,222a2222a22203393,23,0.5390402674674988,0.1343622453072492,0.5970032016436259,/content/outputs/inference/answersheet/model_finetune_640_results/res_d16de348d042f7d67a429e6fc94bf871_jpg_7.pkl
240,74,258,82,240,74,257,74,257,81,240,81,tetedd,the,0.7492932677268982,0.11605122064550717,0.6958653815090656,/content/outputs/inference/answersheet/model_finetune_640_results/res_d16de348d042f7d67a429e6fc94bf871_jpg_8.pkl
180,348,208,356,180,348,207,348,207,355,180,355,fffffafeoooafahhheeee,from,0.6468974947929382,0.1848458864149593,0.5438174366950989,/content/outputs/inference/answersheet/model_finetune_640_results/res_d16de348d042f7d67a429e6fc94bf871_jpg_9.pkl
74,241,96,251,76,241,95,241,95,250,76,250,aaaaaae,from,0.5856971740722656,0.15687732504946844,0.5962413869798183,/content/outputs/inference/answersheet/model_finetune_640_results/res_d16de348d042f7d67a429e6fc94bf871_jpg_10.pkl
189,275,209,285,189,275,208,275,208,284,189,284,tddtddddhdhheeeeey,the,0.6643078327178955,0.16330664190981123,0.6490153968334198,/content/outputs/inference/answersheet/model_finetune_640_results/res_d16de348d042f7d67a429e6fc94bf871_jpg_11.pkl
196,386,215,395,196,386,214,386,214,394,196,394,tttttttttttdedh,the,0.7333132028579712,0.27172403236230214,0.6989511623978615,/content/outputs/inference/answersheet/model_finetune_640_results/res_d16de348d042f7d67a429e6fc94bf871_jpg_12.pkl
213,53,234,63,213,53,233,53,233,62,213,62,44444444w,15,0.5777201056480408,0.3804064202639792,0.40804221232732135,/content/outputs/inference/answersheet/model_finetune_640_results/res_d16de348d042f7d67a429e6fc94bf871_jpg_13.pkl
152,209,171,219,152,209,170,209,170,218,152,218,ttyyyy,from,0.505610466003418,0.1645327607790629,0.6725063920021057,/content/outputs/inference/answersheet/model_finetune_640_results/res_d16de348d042f7d67a429e6fc94bf871_jpg_14.pkl
182,34,211,44,182,34,210,34,210,43,182,43,ssss4tdddddee,for,0.5178810954093933,0.19035088844024217,0.559827433899045,/content/outputs/inference/answersheet/model_finetune_640_results/res_d16de348d042f7d67a429e6fc94bf871_jpg_15.pkl
209,155,231,164,209,155,230,155,230,163,209,163,fffdhnnnnnnnnn,from,0.6526311635971069,0.14239322021603584,0.6661250591278076,/content/outputs/inference/answersheet/model_finetune_640_results/res_d16de348d042f7d67a429e6fc94bf871_jpg_16.pkl
180,370,199,377,180,370,198,370,198,376,180,376,aaaooyy,the,0.5747336149215698,0.15991940242903574,0.584997646510601,/content/outputs/inference/answersheet/model_finetune_640_results/res_d16de348d042f7d67a429e6fc94bf871_jpg_17.pkl
79,230,108,241,79,230,107,230,107,240,79,240,aatttlleee,and,0.7332506775856018,0.23603144735097886,0.3593255691230297,/content/outputs/inference/answersheet/model_finetune_640_results/res_d16de348d042f7d67a429e6fc94bf871_jpg_18.pkl
