339,27,380,39,339,27,379,27,379,38,339,38,aaeeeee,brice,0.5233936905860901,0.26838469611746923,0.36327630778153736,/content/outputs/inference/answersheet/model_finetune_640_results/res_ea9eda456a9a9c80f952050716ffc90c_jpg_0.pkl
84,306,154,319,84,306,152,306,152,317,84,317,paa,sprience,0.7044945359230042,0.11290595183769862,0.41749753885798985,/content/outputs/inference/answersheet/model_finetune_640_results/res_ea9eda456a9a9c80f952050716ffc90c_jpg_1.pkl
305,339,343,351,305,339,342,339,342,350,305,350,aadaabbbrrd,from,0.7625444531440735,0.1531419720162045,0.6233049958944321,/content/outputs/inference/answersheet/model_finetune_640_results/res_ea9eda456a9a9c80f952050716ffc90c_jpg_2.pkl
125,252,161,266,125,252,160,252,160,265,125,265,tfaateeeeeeee,date,0.537102997303009,0.3798346267296718,0.6309725016355514,/content/outputs/inference/answersheet/model_finetune_640_results/res_ea9eda456a9a9c80f952050716ffc90c_jpg_3.pkl
191,49,250,62,195,49,249,49,249,61,195,61,dtdaaay,coffee,0.507036030292511,0.22800796266113008,0.45330786279269625,/content/outputs/inference/answersheet/model_finetune_640_results/res_ea9eda456a9a9c80f952050716ffc90c_jpg_4.pkl
172,25,219,37,172,25,218,25,218,36,172,36,ssssaeneeatteeeeeeeaneprppyyypee,sender,0.6196308135986328,0.18505149916745722,0.5703857306923185,/content/outputs/inference/answersheet/model_finetune_640_results/res_ea9eda456a9a9c80f952050716ffc90c_jpg_5.pkl
295,393,337,404,297,393,336,393,336,403,297,403,ogsseteeey,coffee,0.6420606374740601,0.16973984986543655,0.6049089772360665,/content/outputs/inference/answersheet/model_finetune_640_results/res_ea9eda456a9a9c80f952050716ffc90c_jpg_6.pkl
127,50,171,63,127,50,170,50,170,62,127,62,fsaeet,from,0.6129173040390015,0.12321094175179799,0.593332602083683,/content/outputs/inference/answersheet/model_finetune_640_results/res_ea9eda456a9a9c80f952050716ffc90c_jpg_7.pkl
259,230,281,238,259,230,280,230,280,237,259,237,t0oodeetttt,too,0.6718543767929077,0.2751732461831786,0.560565859079361,/content/outputs/inference/answersheet/model_finetune_640_results/res_ea9eda456a9a9c80f952050716ffc90c_jpg_8.pkl
247,61,287,74,247,61,286,61,286,73,247,73,apoyppeylee,date,0.6769808530807495,0.20019708235155453,0.47947946190834045,/content/outputs/inference/answersheet/model_finetune_640_results/res_ea9eda456a9a9c80f952050716ffc90c_jpg_9.pkl
147,338,178,347,147,338,177,338,177,346,147,346,fffoaaaa,from,0.8029255270957947,0.245685831643641,0.581956097483635,/content/outputs/inference/answersheet/model_finetune_640_results/res_ea9eda456a9a9c80f952050716ffc90c_jpg_10.pkl
253,19,318,30,253,19,315,19,315,29,253,29,agaeaiiahhhhhhn,from,0.7753421068191528,0.16357898190617562,0.5056599527597427,/content/outputs/inference/answersheet/model_finetune_640_results/res_ea9eda456a9a9c80f952050716ffc90c_jpg_11.pkl
170,19,225,31,170,19,224,19,224,30,170,30,aaesooddtphpepppdddedt,date,0.8585303425788879,0.2550210150128061,0.46600405424833297,/content/outputs/inference/answersheet/model_finetune_640_results/res_ea9eda456a9a9c80f952050716ffc90c_jpg_12.pkl
121,20,151,29,121,20,150,20,150,28,121,28,oaaatahh,the,0.7141770124435425,0.1560555687174201,0.6689669601619244,/content/outputs/inference/answersheet/model_finetune_640_results/res_ea9eda456a9a9c80f952050716ffc90c_jpg_13.pkl
336,20,357,29,336,20,356,20,356,28,336,28,aaaabbhhhhhhhhteee,the,0.6354758739471436,0.26131634248627555,0.7851202040910721,/content/outputs/inference/answersheet/model_finetune_640_results/res_ea9eda456a9a9c80f952050716ffc90c_jpg_14.pkl
291,19,315,29,291,19,314,19,314,28,291,28,haaaaaaae,the,0.6853341460227966,0.1753647824128469,0.640131127089262,/content/outputs/inference/answersheet/model_finetune_640_results/res_ea9eda456a9a9c80f952050716ffc90c_jpg_15.pkl
29,18,56,29,29,18,55,18,55,28,29,28,fhaaaa,gas,0.6721656918525696,0.3467877134680748,0.5205875560641289,/content/outputs/inference/answersheet/model_finetune_640_results/res_ea9eda456a9a9c80f952050716ffc90c_jpg_16.pkl
78,42,103,51,78,42,102,42,102,50,78,50,ouwotttt,sale,0.8032702207565308,0.14477387815713882,0.4395118683576584,/content/outputs/inference/answersheet/model_finetune_640_results/res_ea9eda456a9a9c80f952050716ffc90c_jpg_17.pkl
248,29,273,39,248,29,272,29,272,38,248,38,aa,from,0.5131090879440308,0.17275255173444748,0.6024208948016166,/content/outputs/inference/answersheet/model_finetune_640_results/res_ea9eda456a9a9c80f952050716ffc90c_jpg_18.pkl
182,280,221,290,182,280,220,280,220,289,182,289,annaoeeeee,the,0.5694174766540527,0.18093207851052284,0.6278448402881622,/content/outputs/inference/answersheet/model_finetune_640_results/res_ea9eda456a9a9c80f952050716ffc90c_jpg_19.pkl
79,20,100,29,79,20,99,20,99,28,79,28,ireee,the,0.6832216382026672,0.22035109102725983,0.7167000100016594,/content/outputs/inference/answersheet/model_finetune_640_results/res_ea9eda456a9a9c80f952050716ffc90c_jpg_20.pkl
384,32,407,40,384,32,406,32,406,39,384,39,a,all,0.5205130577087402,0.190704345703125,0.5626943483948708,/content/outputs/inference/answersheet/model_finetune_640_results/res_ea9eda456a9a9c80f952050716ffc90c_jpg_21.pkl
253,278,283,288,253,278,282,278,282,287,253,287,aa44ssoseeeeeeeeo,44,0.6187581419944763,0.1624812076196951,0.25506187975406647,/content/outputs/inference/answersheet/model_finetune_640_results/res_ea9eda456a9a9c80f952050716ffc90c_jpg_22.pkl
228,118,258,127,228,118,257,118,257,126,228,126,hnaeii,the,0.5079432725906372,0.15432162086168924,0.5977922081947327,/content/outputs/inference/answersheet/model_finetune_640_results/res_ea9eda456a9a9c80f952050716ffc90c_jpg_23.pkl
250,253,281,263,250,253,280,253,280,262,250,262,eeaaaaaaaaaaaaet,for,0.6539777517318726,0.26886958722025156,0.4904673099517822,/content/outputs/inference/answersheet/model_finetune_640_results/res_ea9eda456a9a9c80f952050716ffc90c_jpg_24.pkl
185,195,235,207,185,195,233,195,233,205,185,205,aeestey,from,0.5611557960510254,0.13250193744897842,0.5328985884785652,/content/outputs/inference/answersheet/model_finetune_640_results/res_ea9eda456a9a9c80f952050716ffc90c_jpg_25.pkl
