167,216,238,232,167,216,237,216,237,231,167,231,yyyttelssaaae,coffeen,0.8349387645721436,0.23194936147102943,0.4894394502043724,/content/outputs/inference/answersheet/model_finetune_640_results/res_bf0b00abaafce2567f32374cc28f8ef3_jpg_0.pkl
174,237,228,250,174,237,227,237,227,249,174,249,ssssssssttlleiaeeeteee,coffee,0.8674355149269104,0.17965707419948143,0.48189171297209604,/content/outputs/inference/answersheet/model_finetune_640_results/res_bf0b00abaafce2567f32374cc28f8ef3_jpg_1.pkl
91,17,140,29,91,17,139,17,139,28,91,28,taaaaoo,from,0.6233189702033997,0.17242551062788283,0.5395213901996613,/content/outputs/inference/answersheet/model_finetune_640_results/res_bf0b00abaafce2567f32374cc28f8ef3_jpg_2.pkl
92,217,144,230,92,217,143,217,143,229,92,229,daeaannnl,restain,0.6400362253189087,0.18512403468290964,0.43815779127180576,/content/outputs/inference/answersheet/model_finetune_640_results/res_bf0b00abaafce2567f32374cc28f8ef3_jpg_3.pkl
175,251,230,263,175,251,229,251,229,262,175,262,sceeeaeeaaaaaaaaaattass,come,0.804382860660553,0.18627264739378638,0.37309975624084474,/content/outputs/inference/answersheet/model_finetune_640_results/res_bf0b00abaafce2567f32374cc28f8ef3_jpg_4.pkl
145,194,196,208,145,194,195,194,195,207,145,207,tsee,the,0.6263110041618347,0.2834680639207363,0.5279980376362801,/content/outputs/inference/answersheet/model_finetune_640_results/res_bf0b00abaafce2567f32374cc28f8ef3_jpg_5.pkl
92,196,122,206,92,196,121,196,121,205,92,205,ahaeee,the,0.9168559908866882,0.1956461841861407,0.5814091265201569,/content/outputs/inference/answersheet/model_finetune_640_results/res_bf0b00abaafce2567f32374cc28f8ef3_jpg_6.pkl
96,240,131,250,96,240,130,240,130,249,96,249,fatttatateee,from,0.7912113666534424,0.17510484283169112,0.5883470177650452,/content/outputs/inference/answersheet/model_finetune_640_results/res_bf0b00abaafce2567f32374cc28f8ef3_jpg_7.pkl
93,207,136,218,95,207,135,207,135,217,95,217,eee,come,0.6950604915618896,0.2678358604510625,0.38033448457717894,/content/outputs/inference/answersheet/model_finetune_640_results/res_bf0b00abaafce2567f32374cc28f8ef3_jpg_8.pkl
188,159,287,175,193,159,286,159,286,174,193,174,eetaaaaeaaaa,from,0.746497392654419,0.1970626705636581,0.5340291082859039,/content/outputs/inference/answersheet/model_finetune_640_results/res_bf0b00abaafce2567f32374cc28f8ef3_jpg_9.pkl
125,196,146,205,125,196,145,196,145,204,125,204,lesftaatalttt,the,0.6654638051986694,0.1635857602724662,0.592471856623888,/content/outputs/inference/answersheet/model_finetune_640_results/res_bf0b00abaafce2567f32374cc28f8ef3_jpg_10.pkl
177,261,233,273,177,261,232,261,232,272,177,272,taeeeeeaeaiiieeeeareees,been,0.6295568346977234,0.2189820632338524,0.3512092098593712,/content/outputs/inference/answersheet/model_finetune_640_results/res_bf0b00abaafce2567f32374cc28f8ef3_jpg_11.pkl
90,196,142,208,92,196,141,196,141,207,92,207,hhtse,from,0.6030246615409851,0.15272773802280426,0.6450978934764862,/content/outputs/inference/answersheet/model_finetune_640_results/res_bf0b00abaafce2567f32374cc28f8ef3_jpg_12.pkl
106,275,254,298,116,275,252,275,252,296,116,296,tteeasashneeceeteeeedd,collection,0.5246472954750061,0.1688717525791038,0.47166831385005603,/content/outputs/inference/answersheet/model_finetune_640_results/res_bf0b00abaafce2567f32374cc28f8ef3_jpg_13.pkl
109,160,174,174,109,160,172,160,172,172,109,172,dflfeeeeiee,coffee,0.7307427525520325,0.21909692206166007,0.5822272385869708,/content/outputs/inference/answersheet/model_finetune_640_results/res_bf0b00abaafce2567f32374cc28f8ef3_jpg_14.pkl
162,196,192,207,162,196,191,196,191,206,162,206,ssseeeee,the,0.5749516487121582,0.2819566298276186,0.4003379214555025,/content/outputs/inference/answersheet/model_finetune_640_results/res_bf0b00abaafce2567f32374cc28f8ef3_jpg_15.pkl
101,261,129,273,101,261,128,261,128,272,101,272,fhaaeaaeaa,from,0.6604650616645813,0.13047226890921593,0.6141242444515228,/content/outputs/inference/answersheet/model_finetune_640_results/res_bf0b00abaafce2567f32374cc28f8ef3_jpg_16.pkl
135,237,171,250,135,237,170,237,170,249,135,249,tefeffefffttttteeee,the,0.6476180553436279,0.31713920361117315,0.6046396046876907,/content/outputs/inference/answersheet/model_finetune_640_results/res_bf0b00abaafce2567f32374cc28f8ef3_jpg_17.pkl
101,250,135,262,101,250,134,250,134,261,101,261,aeaaaeaaanndooo,from,0.5560190081596375,0.1280795931816101,0.5936925157904624,/content/outputs/inference/answersheet/model_finetune_640_results/res_bf0b00abaafce2567f32374cc28f8ef3_jpg_18.pkl
