65,28,113,40,65,28,112,28,112,39,65,39,atteee,coffee,0.9049657583236694,0.30101052050789195,0.5605968534946442,/content/outputs/inference/answersheet/model_finetune_640_results/res_1fa2e0c31d2420c83aeb0417a2f43a9b_jpg_0.pkl
19,18,58,31,19,18,57,18,57,30,19,30,osssssaaerrrrnyye,gery,0.7636303901672363,0.20419697857954922,0.6043940782546997,/content/outputs/inference/answersheet/model_finetune_640_results/res_1fa2e0c31d2420c83aeb0417a2f43a9b_jpg_1.pkl
85,50,139,61,85,50,138,50,138,60,85,60,seeeereeyddde,sender,0.7501773238182068,0.16811657811586672,0.5262911341020039,/content/outputs/inference/answersheet/model_finetune_640_results/res_1fa2e0c31d2420c83aeb0417a2f43a9b_jpg_2.pkl
341,34,396,47,341,34,395,34,395,46,341,46,ffperate,from,0.5257827639579773,0.19472827296704054,0.5884015917778015,/content/outputs/inference/answersheet/model_finetune_640_results/res_1fa2e0c31d2420c83aeb0417a2f43a9b_jpg_3.pkl
303,68,352,79,303,68,351,68,351,78,303,78,tstaa,from,0.6594590544700623,0.14723208397626877,0.5293884187936783,/content/outputs/inference/answersheet/model_finetune_640_results/res_1fa2e0c31d2420c83aeb0417a2f43a9b_jpg_4.pkl
236,202,287,214,236,202,286,202,286,213,236,213,asttaaetee,sale,0.7404181957244873,0.19853426069021224,0.5838480234146118,/content/outputs/inference/answersheet/model_finetune_640_results/res_1fa2e0c31d2420c83aeb0417a2f43a9b_jpg_5.pkl
198,124,235,136,198,124,234,124,234,135,198,135,tannnntttttd,and,0.7051312327384949,0.22028497606515884,0.6652149483561516,/content/outputs/inference/answersheet/model_finetune_640_results/res_1fa2e0c31d2420c83aeb0417a2f43a9b_jpg_6.pkl
208,46,264,59,208,46,263,46,263,58,208,58,leeoaaaalanntttttteee,more,0.6523313522338867,0.21079766289109275,0.4384097754955292,/content/outputs/inference/answersheet/model_finetune_640_results/res_1fa2e0c31d2420c83aeb0417a2f43a9b_jpg_7.pkl
222,70,283,81,222,70,282,70,282,80,222,80,ge,bread,0.5688996315002441,0.12167629972100258,0.3146924003958702,/content/outputs/inference/answersheet/model_finetune_640_results/res_1fa2e0c31d2420c83aeb0417a2f43a9b_jpg_8.pkl
150,49,206,60,150,49,205,49,205,59,150,59,eaeanawneeeeee,from,0.6418262124061584,0.15222153120807239,0.48255291655659677,/content/outputs/inference/answersheet/model_finetune_640_results/res_1fa2e0c31d2420c83aeb0417a2f43a9b_jpg_9.pkl
254,281,295,294,254,281,294,281,294,293,254,293,athaaaaaatttntte,that,0.5636562705039978,0.2055026376619935,0.526409986615181,/content/outputs/inference/answersheet/model_finetune_640_results/res_1fa2e0c31d2420c83aeb0417a2f43a9b_jpg_10.pkl
289,33,398,49,289,33,396,33,396,47,289,47,eeeleiihe,reperbers,0.6253111362457275,0.18192076683044434,0.4937052488327026,/content/outputs/inference/answersheet/model_finetune_640_results/res_1fa2e0c31d2420c83aeb0417a2f43a9b_jpg_11.pkl
267,69,289,79,267,69,288,69,288,78,267,78,teeeeeaeet,from,0.6783313751220703,0.24160721451044082,0.6191348031163215,/content/outputs/inference/answersheet/model_finetune_640_results/res_1fa2e0c31d2420c83aeb0417a2f43a9b_jpg_12.pkl
219,222,271,234,221,222,270,222,270,233,221,233,gtppaaaeeaeaeaeaeeeeeee,gets,0.6102399826049805,0.20476717663847882,0.4066839933395386,/content/outputs/inference/answersheet/model_finetune_640_results/res_1fa2e0c31d2420c83aeb0417a2f43a9b_jpg_13.pkl
287,42,398,59,287,42,397,42,397,58,287,58,eeraeotttpperpaaesss,restaring,0.5664865970611572,0.21962780877947807,0.4250049702823162,/content/outputs/inference/answersheet/model_finetune_640_results/res_1fa2e0c31d2420c83aeb0417a2f43a9b_jpg_14.pkl
303,35,334,47,303,35,333,35,333,46,303,46,le,the,0.6366568207740784,0.26266611367464066,0.4846835695207119,/content/outputs/inference/answersheet/model_finetune_640_results/res_1fa2e0c31d2420c83aeb0417a2f43a9b_jpg_15.pkl
120,40,147,49,120,40,146,40,146,48,120,48,tteeeeeeeeeeeeeee,the,0.6968203783035278,0.3221891033737099,0.5501885116100311,/content/outputs/inference/answersheet/model_finetune_640_results/res_1fa2e0c31d2420c83aeb0417a2f43a9b_jpg_16.pkl
232,356,256,366,232,356,255,356,255,365,232,365,4eegoodoeeaeeeed,can,0.6074109077453613,0.10617471020668745,0.4858517125248909,/content/outputs/inference/answersheet/model_finetune_640_results/res_1fa2e0c31d2420c83aeb0417a2f43a9b_jpg_17.pkl
242,304,269,318,242,304,268,304,268,317,242,317,rrrrrgggepe,cap,0.5318305492401123,0.278478822924874,0.4143068417906761,/content/outputs/inference/answersheet/model_finetune_640_results/res_1fa2e0c31d2420c83aeb0417a2f43a9b_jpg_18.pkl
221,225,251,235,221,225,250,225,250,234,221,234,ggaeeettttppdpppa,off,0.5021727085113525,0.2134608902475413,0.511918606236577,/content/outputs/inference/answersheet/model_finetune_640_results/res_1fa2e0c31d2420c83aeb0417a2f43a9b_jpg_19.pkl
