331,146,382,156,331,146,380,146,380,154,331,154,yaaeeeee,chaffee,0.6636541485786438,0.35399786569178104,0.5035772668197751,/content/outputs/inference/answersheet/model_finetune_640_results/res_34adf7f8858bf58c5fa0310250d846a6_jpg_0.pkl
270,146,333,157,270,146,332,146,332,156,270,156,aacleeeae,lackers,0.5593520998954773,0.3198794325192769,0.5153017062693834,/content/outputs/inference/answersheet/model_finetune_640_results/res_34adf7f8858bf58c5fa0310250d846a6_jpg_1.pkl
187,347,234,359,187,347,233,347,233,358,187,358,eddddlttt,sender,0.8052558898925781,0.1956207479039828,0.5200485757419041,/content/outputs/inference/answersheet/model_finetune_640_results/res_34adf7f8858bf58c5fa0310250d846a6_jpg_2.pkl
167,148,212,160,167,148,211,148,211,159,167,159,djjiiiidaad,did,0.8140150904655457,0.2860693782567978,0.37252015247941017,/content/outputs/inference/answersheet/model_finetune_640_results/res_34adf7f8858bf58c5fa0310250d846a6_jpg_3.pkl
323,209,365,224,325,209,364,209,364,223,325,223,dnaaadt,from,0.5167672038078308,0.20603537559509277,0.6266792103648186,/content/outputs/inference/answersheet/model_finetune_640_results/res_34adf7f8858bf58c5fa0310250d846a6_jpg_4.pkl
75,151,125,162,75,151,124,151,124,161,75,161,asseeeeedddppeaeeegggggygdddy,for,0.6925228238105774,0.18693826411818637,0.3951546624302864,/content/outputs/inference/answersheet/model_finetune_640_results/res_34adf7f8858bf58c5fa0310250d846a6_jpg_5.pkl
132,160,172,173,132,160,171,160,171,172,132,172,ffffpffphhuuaadrrs,from,0.7269793748855591,0.22063378575775358,0.5056950747966766,/content/outputs/inference/answersheet/model_finetune_640_results/res_34adf7f8858bf58c5fa0310250d846a6_jpg_6.pkl
128,350,176,361,128,350,174,350,174,359,128,359,dadddddde,from,0.5348389148712158,0.1856133689483007,0.6143725514411926,/content/outputs/inference/answersheet/model_finetune_640_results/res_34adf7f8858bf58c5fa0310250d846a6_jpg_7.pkl
69,9,102,18,72,9,101,9,101,17,72,17,fraraannfaatttteae,for,0.5126826167106628,0.18792957564194998,0.5537785924971104,/content/outputs/inference/answersheet/model_finetune_640_results/res_34adf7f8858bf58c5fa0310250d846a6_jpg_8.pkl
282,200,334,213,282,200,333,200,333,212,282,212,bsssslaatttttde,school,0.7076473832130432,0.22221316397190094,0.44824338385037016,/content/outputs/inference/answersheet/model_finetune_640_results/res_34adf7f8858bf58c5fa0310250d846a6_jpg_9.pkl
173,181,198,192,173,181,197,181,197,191,173,191,httftteee,the,0.718938410282135,0.17541522863838407,0.5976463966071606,/content/outputs/inference/answersheet/model_finetune_640_results/res_34adf7f8858bf58c5fa0310250d846a6_jpg_10.pkl
154,293,174,302,154,293,173,293,173,301,154,301,hee,the,0.5055609345436096,0.28182171781857807,0.7257688716053963,/content/outputs/inference/answersheet/model_finetune_640_results/res_34adf7f8858bf58c5fa0310250d846a6_jpg_11.pkl
123,182,154,191,123,182,153,182,153,190,123,190,ttthraraanne,the,0.6531369090080261,0.1333483618994554,0.5306888781487942,/content/outputs/inference/answersheet/model_finetune_640_results/res_34adf7f8858bf58c5fa0310250d846a6_jpg_12.pkl
86,162,114,172,86,162,113,162,113,171,86,171,paaaaaaaaee,pate,0.7915937900543213,0.26189810173078015,0.537678188085556,/content/outputs/inference/answersheet/model_finetune_640_results/res_34adf7f8858bf58c5fa0310250d846a6_jpg_13.pkl
159,216,184,226,159,216,183,216,183,225,159,225,sllhhhthfrrrhee,the,0.6187248826026917,0.12582572052876154,0.5691534550860524,/content/outputs/inference/answersheet/model_finetune_640_results/res_34adf7f8858bf58c5fa0310250d846a6_jpg_14.pkl
155,215,216,227,157,215,215,215,215,226,157,226,sshshhesessehne,sender,0.609890878200531,0.14359087596337,0.5243047454527446,/content/outputs/inference/answersheet/model_finetune_640_results/res_34adf7f8858bf58c5fa0310250d846a6_jpg_15.pkl
154,268,206,281,154,268,204,268,204,279,154,279,asssssstttttee,sale,0.532341480255127,0.2025360885475363,0.484125816822052,/content/outputs/inference/answersheet/model_finetune_640_results/res_34adf7f8858bf58c5fa0310250d846a6_jpg_16.pkl
171,395,363,411,177,395,362,395,362,410,177,410,seedeseseseeeee,from,0.6048722863197327,0.15754488905270894,0.5527795515954494,/content/outputs/inference/answersheet/model_finetune_640_results/res_34adf7f8858bf58c5fa0310250d846a6_jpg_17.pkl
259,144,385,157,268,144,384,144,384,156,268,156,aclrecajae,backers,0.5506376028060913,0.2769389905035496,0.4064692575484514,/content/outputs/inference/answersheet/model_finetune_640_results/res_34adf7f8858bf58c5fa0310250d846a6_jpg_18.pkl
174,160,202,169,174,160,201,160,201,168,174,168,aanmhhhe,and,0.5921128392219543,0.1273868465796113,0.5948812998831272,/content/outputs/inference/answersheet/model_finetune_640_results/res_34adf7f8858bf58c5fa0310250d846a6_jpg_19.pkl
342,179,369,188,342,179,368,179,368,187,342,187,tbhhe,the,0.8147518038749695,0.19621878266334533,0.692616418004036,/content/outputs/inference/answersheet/model_finetune_640_results/res_34adf7f8858bf58c5fa0310250d846a6_jpg_20.pkl
291,201,320,211,291,201,319,201,319,210,291,210,hhaaahtttttttttttltttlllteee,shople,0.5753970742225647,0.2060316377984626,0.4576009086200169,/content/outputs/inference/answersheet/model_finetune_640_results/res_34adf7f8858bf58c5fa0310250d846a6_jpg_21.pkl
134,148,159,159,134,148,158,148,158,158,134,158,tteedyydddddddodttittttee,the,0.6999293565750122,0.2573248943686485,0.5328930355608463,/content/outputs/inference/answersheet/model_finetune_640_results/res_34adf7f8858bf58c5fa0310250d846a6_jpg_22.pkl
230,146,253,156,230,146,252,146,252,155,230,155,ffffffffddde,the,0.6011573672294617,0.36500493561228115,0.587194848805666,/content/outputs/inference/answersheet/model_finetune_640_results/res_34adf7f8858bf58c5fa0310250d846a6_jpg_23.pkl
152,195,177,204,152,195,176,195,176,203,152,203,feeeeeeeeeesss,the,0.5104101896286011,0.16512058728507586,0.5559467505663633,/content/outputs/inference/answersheet/model_finetune_640_results/res_34adf7f8858bf58c5fa0310250d846a6_jpg_24.pkl
335,212,364,221,335,212,363,212,363,220,335,220,sfaaedeedddtt,from,0.7997744083404541,0.2870538303485283,0.630341637134552,/content/outputs/inference/answersheet/model_finetune_640_results/res_34adf7f8858bf58c5fa0310250d846a6_jpg_25.pkl
159,25,180,35,159,25,179,25,179,34,159,34,aaeoha,and,0.6916210651397705,0.12494650110602379,0.5772942937910557,/content/outputs/inference/answersheet/model_finetune_640_results/res_34adf7f8858bf58c5fa0310250d846a6_jpg_26.pkl
229,202,252,212,229,202,251,202,251,211,229,211,ttyyeeeeddddddddte,sender,0.5810565948486328,0.21363278271423447,0.5772604239838464,/content/outputs/inference/answersheet/model_finetune_640_results/res_34adf7f8858bf58c5fa0310250d846a6_jpg_27.pkl
