309,3,365,15,309,3,363,3,363,13,309,13,tte,the,0.5601837635040283,0.12855507185061774,0.44666021317243576,/content/outputs/inference/answersheet/model_finetune_640_results/res_b4a8594c552c758d42c604299eb3b4ca_jpg_0.pkl
69,1,123,14,71,1,122,1,122,13,71,13,ttfffhhneetttee,the,0.700413167476654,0.21905211955308915,0.38039106130599976,/content/outputs/inference/answersheet/model_finetune_640_results/res_b4a8594c552c758d42c604299eb3b4ca_jpg_1.pkl
171,258,212,271,171,258,211,258,211,270,171,270,sffafaaaayyo,from,0.728794515132904,0.17401553814609846,0.5743980437517167,/content/outputs/inference/answersheet/model_finetune_640_results/res_b4a8594c552c758d42c604299eb3b4ca_jpg_2.pkl
362,58,409,70,362,58,408,58,408,69,362,69,tteea,from,0.6875393390655518,0.11218189001083374,0.4878946512937546,/content/outputs/inference/answersheet/model_finetune_640_results/res_b4a8594c552c758d42c604299eb3b4ca_jpg_3.pkl
153,3,231,15,153,3,230,3,230,14,153,14,eeeedttthteeeeeett,from,0.5370551347732544,0.2485298237038983,0.545694100856781,/content/outputs/inference/answersheet/model_finetune_640_results/res_b4a8594c552c758d42c604299eb3b4ca_jpg_4.pkl
305,35,363,50,305,35,362,35,362,49,305,49,atiae,bread,0.6313012838363647,0.1363267108798027,0.36235055575768155,/content/outputs/inference/answersheet/model_finetune_640_results/res_b4a8594c552c758d42c604299eb3b4ca_jpg_5.pkl
70,259,92,268,70,259,91,259,91,267,70,267,ftaaaaeaeeeeeett,from,0.595579206943512,0.19567646039649844,0.6580630332231522,/content/outputs/inference/answersheet/model_finetune_640_results/res_b4a8594c552c758d42c604299eb3b4ca_jpg_6.pkl
249,282,270,290,249,282,269,282,269,289,249,289,eeeeeeeeeaeeeeee,the,0.5799366235733032,0.22902066819369793,0.5278790015727282,/content/outputs/inference/answersheet/model_finetune_640_results/res_b4a8594c552c758d42c604299eb3b4ca_jpg_7.pkl
345,36,369,50,345,36,368,36,368,49,345,49,a2,the,0.6616098284721375,0.12538425996899605,0.603531651198864,/content/outputs/inference/answersheet/model_finetune_640_results/res_b4a8594c552c758d42c604299eb3b4ca_jpg_8.pkl
105,291,126,299,105,291,125,291,125,298,105,298,aaaateeeeeeee,the,0.5788077712059021,0.14398955152584955,0.6181069500744343,/content/outputs/inference/answersheet/model_finetune_640_results/res_b4a8594c552c758d42c604299eb3b4ca_jpg_9.pkl
253,260,282,269,253,260,281,260,281,268,253,268,thaaaaaa,shom,0.6460511088371277,0.1419135769829154,0.34654256254434584,/content/outputs/inference/answersheet/model_finetune_640_results/res_b4a8594c552c758d42c604299eb3b4ca_jpg_10.pkl
29,246,67,262,29,246,64,246,64,261,29,261,addas,add,0.5715270042419434,0.4161924749612808,0.5529013648629189,/content/outputs/inference/answersheet/model_finetune_640_results/res_b4a8594c552c758d42c604299eb3b4ca_jpg_11.pkl
71,248,92,257,71,248,91,248,91,256,71,256,sssaaaaaaaaeeeett,sale,0.5439131855964661,0.16348410792210522,0.45887477695941925,/content/outputs/inference/answersheet/model_finetune_640_results/res_b4a8594c552c758d42c604299eb3b4ca_jpg_12.pkl
143,281,174,290,143,281,173,281,173,289,143,289,tttttttttfffffffpepaaohaaeeee,from,0.7662891745567322,0.16745658912535372,0.5937300860881806,/content/outputs/inference/answersheet/model_finetune_640_results/res_b4a8594c552c758d42c604299eb3b4ca_jpg_13.pkl
277,282,297,292,277,282,296,282,296,291,277,291,shaeee,from,0.6656193137168884,0.1674442465106646,0.6165402084589005,/content/outputs/inference/answersheet/model_finetune_640_results/res_b4a8594c552c758d42c604299eb3b4ca_jpg_14.pkl
162,4,191,14,162,4,190,4,190,13,162,13,tdeeeedet,from,0.5724160075187683,0.12965873214933607,0.597013282775879,/content/outputs/inference/answersheet/model_finetune_640_results/res_b4a8594c552c758d42c604299eb3b4ca_jpg_15.pkl
69,279,99,289,69,279,98,279,98,288,69,288,eesesadae,and,0.7683333158493042,0.13851839221186107,0.578051533550024,/content/outputs/inference/answersheet/model_finetune_640_results/res_b4a8594c552c758d42c604299eb3b4ca_jpg_16.pkl
270,281,334,292,273,281,328,281,328,290,273,290,aaaaaerfaiaaeta,from,0.5960851311683655,0.14741964588562648,0.5920311480760574,/content/outputs/inference/answersheet/model_finetune_640_results/res_b4a8594c552c758d42c604299eb3b4ca_jpg_17.pkl
303,283,327,292,303,283,326,283,326,291,303,291,aheeettt,the,0.6691746711730957,0.15756914857774973,0.5272986553609371,/content/outputs/inference/answersheet/model_finetune_640_results/res_b4a8594c552c758d42c604299eb3b4ca_jpg_18.pkl
233,37,250,46,233,37,249,37,249,45,233,45,ewee,the,0.503424346446991,0.2928897328674793,0.7751348689198494,/content/outputs/inference/answersheet/model_finetune_640_results/res_b4a8594c552c758d42c604299eb3b4ca_jpg_19.pkl
178,93,199,102,178,93,198,93,198,101,178,101,teeeee,the,0.6268270015716553,0.15019275496403375,0.6278414353728294,/content/outputs/inference/answersheet/model_finetune_640_results/res_b4a8594c552c758d42c604299eb3b4ca_jpg_20.pkl
