175,236,230,248,175,236,229,236,229,247,175,247,taaaa,subject,0.5894612669944763,0.11216850578784943,0.4678487181663513,/content/outputs/inference/answersheet/model_finetune_640_results/res_7465292671d215d0d37b5c007cef0aa3_jpg_0.pkl
303,280,375,291,303,280,374,280,374,290,303,290,eeaaaeee,coffee,0.5659455060958862,0.15104553662240505,0.4205347214426313,/content/outputs/inference/answersheet/model_finetune_640_results/res_7465292671d215d0d37b5c007cef0aa3_jpg_1.pkl
298,248,374,259,298,248,373,248,373,258,298,258,dbaaa,coffeen,0.8369367718696594,0.12013964354991913,0.38251341693103313,/content/outputs/inference/answersheet/model_finetune_640_results/res_7465292671d215d0d37b5c007cef0aa3_jpg_2.pkl
90,14,153,25,90,14,152,14,152,24,90,24,fhfffadddfffdft,from,0.8291217088699341,0.22732593367497125,0.4792274087667465,/content/outputs/inference/answersheet/model_finetune_640_results/res_7465292671d215d0d37b5c007cef0aa3_jpg_3.pkl
79,258,122,270,81,258,121,258,121,269,81,269,ttttttteeeeeeeeeeeeeeeeee,the,0.5885124802589417,0.2603318411111832,0.5500975325703621,/content/outputs/inference/answersheet/model_finetune_640_results/res_7465292671d215d0d37b5c007cef0aa3_jpg_4.pkl
205,252,229,260,207,252,228,252,228,259,207,259,lllaaaaaaadayaseeyyyyy,come,0.518150806427002,0.20171082053672185,0.2937201842665672,/content/outputs/inference/answersheet/model_finetune_640_results/res_7465292671d215d0d37b5c007cef0aa3_jpg_5.pkl
291,258,369,269,295,258,367,258,367,267,295,267,teeleeeteee,come,0.7927578091621399,0.18219776925715533,0.3528828531503677,/content/outputs/inference/answersheet/model_finetune_640_results/res_7465292671d215d0d37b5c007cef0aa3_jpg_6.pkl
78,276,124,291,82,276,123,276,123,290,82,290,paaeeeee,from,0.5531913042068481,0.16140820179134607,0.5848822832107544,/content/outputs/inference/answersheet/model_finetune_640_results/res_7465292671d215d0d37b5c007cef0aa3_jpg_7.pkl
205,269,278,282,208,269,277,271,276,282,207,279,addasosspeeeeeee,messageid,0.5550647974014282,0.09782632067799568,0.6193079814314842,/content/outputs/inference/answersheet/model_finetune_640_results/res_7465292671d215d0d37b5c007cef0aa3_jpg_8.pkl
175,14,206,24,175,14,205,14,205,23,175,23,faaatttttttttttde,for,0.8045877814292908,0.3072543271324214,0.6769054867327213,/content/outputs/inference/answersheet/model_finetune_640_results/res_7465292671d215d0d37b5c007cef0aa3_jpg_9.pkl
34,3,62,14,34,3,61,3,61,13,34,13,ooiitttttttti,out,0.7695586681365967,0.34215310789071596,0.6004811450839043,/content/outputs/inference/answersheet/model_finetune_640_results/res_7465292671d215d0d37b5c007cef0aa3_jpg_10.pkl
78,292,100,301,78,292,99,292,99,300,78,300,tfae,the,0.5314907431602478,0.1223000269383192,0.5718083903193474,/content/outputs/inference/answersheet/model_finetune_640_results/res_7465292671d215d0d37b5c007cef0aa3_jpg_11.pkl
300,239,324,247,300,239,323,239,323,246,300,246,ee,from,0.6579112410545349,0.09759445115923882,0.621488842368126,/content/outputs/inference/answersheet/model_finetune_640_results/res_7465292671d215d0d37b5c007cef0aa3_jpg_12.pkl
