248,12,330,24,248,12,329,12,329,23,248,23,oettteete,offee,0.6861937642097473,0.2045942528380288,0.592231256266435,/content/outputs/inference/answersheet/model_finetune_640_results/res_b5f569273d75f287c85a2ddab98b8c5d_jpg_0.pkl
29,204,84,219,31,204,83,204,83,218,31,218,gpteddd,offee,0.8480665683746338,0.2980193016784532,0.6108032489816347,/content/outputs/inference/answersheet/model_finetune_640_results/res_b5f569273d75f287c85a2ddab98b8c5d_jpg_1.pkl
215,123,291,137,215,123,290,123,290,136,215,136,tosseeeaae,from,0.6761898994445801,0.17997422367334365,0.5648684337735176,/content/outputs/inference/answersheet/model_finetune_640_results/res_b5f569273d75f287c85a2ddab98b8c5d_jpg_2.pkl
179,15,229,25,179,15,228,15,228,24,179,24,sshoodheedd,and,0.6660048365592957,0.11566474898294969,0.5949611328542233,/content/outputs/inference/answersheet/model_finetune_640_results/res_b5f569273d75f287c85a2ddab98b8c5d_jpg_3.pkl
277,201,379,215,277,201,377,201,377,213,277,213,tfaerroere,from,0.5506742596626282,0.15340913757681846,0.5237390652298928,/content/outputs/inference/answersheet/model_finetune_640_results/res_b5f569273d75f287c85a2ddab98b8c5d_jpg_4.pkl
92,281,137,295,92,281,136,281,136,294,92,294,annnnnnnnnaeeeeeeeed,news,0.5193221569061279,0.27767580896615984,0.41796268820762633,/content/outputs/inference/answersheet/model_finetune_640_results/res_b5f569273d75f287c85a2ddab98b8c5d_jpg_5.pkl
161,34,277,48,161,34,276,34,276,47,161,47,dtdeteesf,coffee,0.6334512829780579,0.17727141247855294,0.45008935247148785,/content/outputs/inference/answersheet/model_finetune_640_results/res_b5f569273d75f287c85a2ddab98b8c5d_jpg_6.pkl
219,78,293,90,219,78,292,78,292,89,219,89,aasee,sale,0.5932822227478027,0.23671100586652755,0.4538817673921585,/content/outputs/inference/answersheet/model_finetune_640_results/res_b5f569273d75f287c85a2ddab98b8c5d_jpg_7.pkl
301,367,354,379,301,367,353,367,353,378,301,378,eeeeeeaay,from,0.5130078792572021,0.2108226658569442,0.6316767618060112,/content/outputs/inference/answersheet/model_finetune_640_results/res_b5f569273d75f287c85a2ddab98b8c5d_jpg_8.pkl
138,281,179,293,138,281,178,281,178,292,138,292,teesseeeaaaa,sale,0.5923261642456055,0.17830708747108778,0.47161551266908647,/content/outputs/inference/answersheet/model_finetune_640_results/res_b5f569273d75f287c85a2ddab98b8c5d_jpg_9.pkl
235,57,305,69,237,57,304,57,304,68,237,68,ssoeeeeaeaaaaaa,sale,0.695016086101532,0.21638182997703553,0.42401948273181916,/content/outputs/inference/answersheet/model_finetune_640_results/res_b5f569273d75f287c85a2ddab98b8c5d_jpg_10.pkl
87,239,114,248,87,239,113,239,113,247,87,247,eeeeesssstmffttttttt,some,0.5549759268760681,0.21097490675747393,0.4165823131799698,/content/outputs/inference/answersheet/model_finetune_640_results/res_b5f569273d75f287c85a2ddab98b8c5d_jpg_11.pkl
249,371,273,378,249,371,272,371,272,377,249,377,ttttteeeeteetheee,the,0.5236943364143372,0.15588762939852827,0.5482863560318947,/content/outputs/inference/answersheet/model_finetune_640_results/res_b5f569273d75f287c85a2ddab98b8c5d_jpg_12.pkl
199,91,252,102,199,91,251,91,251,101,199,101,taeeeeaeeete,the,0.5361068248748779,0.1902282666414976,0.4060950204730034,/content/outputs/inference/answersheet/model_finetune_640_results/res_b5f569273d75f287c85a2ddab98b8c5d_jpg_13.pkl
323,367,352,376,323,367,351,367,351,375,323,375,ffdaaaaaaaaeeeeey,sale,0.778950572013855,0.1495456708704724,0.5695472061634064,/content/outputs/inference/answersheet/model_finetune_640_results/res_b5f569273d75f287c85a2ddab98b8c5d_jpg_14.pkl
