69,11,119,22,71,11,118,11,118,21,71,21,wgeeas,messageid,0.7284115552902222,0.10778314744432767,0.5685281530022621,/content/outputs/inference/answersheet/model_finetune_640_results/res_239daff60904ec6d0529c680f6f7d5dc_jpg_0.pkl
71,3,120,14,71,3,119,3,119,13,71,13,bhrrhrraafeeeeeeeeaahh,from,0.5774832367897034,0.1197499351745302,0.5201993256807327,/content/outputs/inference/answersheet/model_finetune_640_results/res_239daff60904ec6d0529c680f6f7d5dc_jpg_1.pkl
224,291,271,302,224,291,269,291,269,300,224,300,etehteethteeteeeeeeeeeeeeeeeee,from,0.5524543523788452,0.13338398213187855,0.5244681477546692,/content/outputs/inference/answersheet/model_finetune_640_results/res_239daff60904ec6d0529c680f6f7d5dc_jpg_2.pkl
120,3,142,13,120,3,141,3,141,12,120,12,ddeeeeeeeeeeeeeeeeeeeeeeeeeeeeffff,re,0.5652889609336853,0.17301022962612264,0.3838544934988022,/content/outputs/inference/answersheet/model_finetune_640_results/res_239daff60904ec6d0529c680f6f7d5dc_jpg_3.pkl
70,14,96,22,70,14,95,14,95,21,70,21,wla,from,0.5883722305297852,0.1507502148548762,0.4678535133600235,/content/outputs/inference/answersheet/model_finetune_640_results/res_239daff60904ec6d0529c680f6f7d5dc_jpg_4.pkl
141,5,169,14,141,5,168,5,168,13,141,13,hhfeesesesseoooeooooaaaaee,from,0.5184921026229858,0.08099250208873016,0.5447632268071174,/content/outputs/inference/answersheet/model_finetune_640_results/res_239daff60904ec6d0529c680f6f7d5dc_jpg_5.pkl
90,25,116,34,90,25,115,25,115,33,90,33,tehhgeeeeee,from,0.7106144428253174,0.12497543069449338,0.546624818444252,/content/outputs/inference/answersheet/model_finetune_640_results/res_239daff60904ec6d0529c680f6f7d5dc_jpg_6.pkl
138,3,180,12,138,3,179,3,179,11,138,11,ffwwhheheeosooooooaaeeeee,from,0.571472704410553,0.1064130163192749,0.5670183658599853,/content/outputs/inference/answersheet/model_finetune_640_results/res_239daff60904ec6d0529c680f6f7d5dc_jpg_7.pkl
289,284,309,291,289,284,308,284,308,290,289,290,aadeea,the,0.5183706879615784,0.1329953707754612,0.6327991522848606,/content/outputs/inference/answersheet/model_finetune_640_results/res_239daff60904ec6d0529c680f6f7d5dc_jpg_8.pkl
358,292,401,302,358,292,398,292,398,301,358,301,detre,from,0.6236903667449951,0.16733432710170745,0.5989099539816379,/content/outputs/inference/answersheet/model_finetune_640_results/res_239daff60904ec6d0529c680f6f7d5dc_jpg_9.pkl
342,259,395,270,342,259,394,259,394,269,342,269,eaae,the,0.7214711308479309,0.10947083868086338,0.38199172355234623,/content/outputs/inference/answersheet/model_finetune_640_results/res_239daff60904ec6d0529c680f6f7d5dc_jpg_10.pkl
155,257,195,268,155,257,194,257,194,267,155,267,e,bread,0.6018975973129272,0.11317482590675354,0.39481130987405777,/content/outputs/inference/answersheet/model_finetune_640_results/res_239daff60904ec6d0529c680f6f7d5dc_jpg_11.pkl
69,58,96,66,69,58,95,58,95,65,69,65,baee,bre,0.6875778436660767,0.18197989463806152,0.2896585948765278,/content/outputs/inference/answersheet/model_finetune_640_results/res_239daff60904ec6d0529c680f6f7d5dc_jpg_12.pkl
176,282,206,290,176,282,205,282,205,289,176,289,tttte,the,0.5844843983650208,0.09585961252450943,0.584372378885746,/content/outputs/inference/answersheet/model_finetune_640_results/res_239daff60904ec6d0529c680f6f7d5dc_jpg_13.pkl
314,261,334,270,314,261,333,261,333,269,314,269,e,come,0.6412012577056885,0.09592540562152863,0.33246403336524966,/content/outputs/inference/answersheet/model_finetune_640_results/res_239daff60904ec6d0529c680f6f7d5dc_jpg_14.pkl
