261,261,308,273,261,261,307,261,307,272,261,272,tttittihhhrpprrpdddaeee,the,0.7953631281852722,0.18669134734765344,0.43340978771448135,/content/outputs/inference/answersheet/model_finetune_640_results/res_93a64848ccc530e5671b69ed1cbd9d1a_jpg_0.pkl
312,304,368,320,312,304,367,304,367,319,312,319,aaaaa,that,0.6667279601097107,0.20904489010572433,0.5251386627554894,/content/outputs/inference/answersheet/model_finetune_640_results/res_93a64848ccc530e5671b69ed1cbd9d1a_jpg_1.pkl
349,18,390,29,349,18,389,18,389,28,349,28,aatteee,sale,0.6408423185348511,0.2848918161221913,0.6142304003238678,/content/outputs/inference/answersheet/model_finetune_640_results/res_93a64848ccc530e5671b69ed1cbd9d1a_jpg_2.pkl
122,26,171,40,124,26,170,26,170,39,124,39,fnnneoaeeeeeeeeeeeee,from,0.7077367901802063,0.20248774513602258,0.5893251582980156,/content/outputs/inference/answersheet/model_finetune_640_results/res_93a64848ccc530e5671b69ed1cbd9d1a_jpg_3.pkl
214,305,278,317,214,305,277,305,277,316,214,316,eeneaataeeeeeeee,from,0.7163861393928528,0.3238721373490989,0.5136061444878578,/content/outputs/inference/answersheet/model_finetune_640_results/res_93a64848ccc530e5671b69ed1cbd9d1a_jpg_4.pkl
192,260,251,273,192,260,250,260,250,272,192,272,aye,the,0.6859079599380493,0.14376871039470038,0.40620965138077736,/content/outputs/inference/answersheet/model_finetune_640_results/res_93a64848ccc530e5671b69ed1cbd9d1a_jpg_5.pkl
330,339,374,352,330,339,373,339,373,351,330,351,s,steve,0.6698551177978516,0.10749605298042297,0.5156721944610277,/content/outputs/inference/answersheet/model_finetune_640_results/res_93a64848ccc530e5671b69ed1cbd9d1a_jpg_6.pkl
177,82,227,94,177,82,225,82,225,92,177,92,taoeahe,from,0.5546322464942932,0.2552027702331543,0.6161177784204483,/content/outputs/inference/answersheet/model_finetune_640_results/res_93a64848ccc530e5671b69ed1cbd9d1a_jpg_7.pkl
118,9,144,19,120,9,143,9,143,18,120,18,ttthhhhaaaaatttttttttteddd,the,0.8218755722045898,0.16487772017717361,0.6795113310217857,/content/outputs/inference/answersheet/model_finetune_640_results/res_93a64848ccc530e5671b69ed1cbd9d1a_jpg_8.pkl
285,17,392,29,287,17,390,17,390,27,287,27,essnattasaattatae,shotel,0.5520156621932983,0.3269854161669226,0.5247913300991058,/content/outputs/inference/answersheet/model_finetune_640_results/res_93a64848ccc530e5671b69ed1cbd9d1a_jpg_9.pkl
146,19,172,29,146,19,171,19,171,28,146,28,hhehaaadddfffffff,that,0.6330910921096802,0.24147093646666584,0.5998331248760224,/content/outputs/inference/answersheet/model_finetune_640_results/res_93a64848ccc530e5671b69ed1cbd9d1a_jpg_10.pkl
186,182,231,194,186,182,230,182,230,193,186,193,ffftttttttdeelleay,from,0.6793062090873718,0.26790445918838185,0.6369242131710052,/content/outputs/inference/answersheet/model_finetune_640_results/res_93a64848ccc530e5671b69ed1cbd9d1a_jpg_11.pkl
325,263,346,272,325,263,345,263,345,271,325,271,syytyaaaeaaaaaaaaddd,the,0.5857736468315125,0.10846083424985409,0.5093443989753723,/content/outputs/inference/answersheet/model_finetune_640_results/res_93a64848ccc530e5671b69ed1cbd9d1a_jpg_12.pkl
176,115,193,124,176,115,192,115,192,123,176,123,ttttttttoeeeeoooo,to,0.5274056196212769,0.25509081430294933,0.7175561288992564,/content/outputs/inference/answersheet/model_finetune_640_results/res_93a64848ccc530e5671b69ed1cbd9d1a_jpg_13.pkl
302,40,356,51,305,40,355,40,355,50,305,50,eaeefotaaa,from,0.7185646295547485,0.2508210718631744,0.5469410508871079,/content/outputs/inference/answersheet/model_finetune_640_results/res_93a64848ccc530e5671b69ed1cbd9d1a_jpg_14.pkl
187,193,238,204,187,193,237,193,237,203,187,203,4fffffoooyyaynnns,from,0.6184389591217041,0.20877372517305262,0.5864167898893357,/content/outputs/inference/answersheet/model_finetune_640_results/res_93a64848ccc530e5671b69ed1cbd9d1a_jpg_15.pkl
161,282,205,296,161,282,202,282,202,295,161,295,eeeeeeeeeeeeeeeeeee,spece,0.6798535585403442,0.16353180926097066,0.41517092535893124,/content/outputs/inference/answersheet/model_finetune_640_results/res_93a64848ccc530e5671b69ed1cbd9d1a_jpg_16.pkl
111,128,191,140,114,128,190,128,190,139,114,139,nseaa,from,0.5112056136131287,0.13345689922571183,0.5381395906209946,/content/outputs/inference/answersheet/model_finetune_640_results/res_93a64848ccc530e5671b69ed1cbd9d1a_jpg_17.pkl
298,129,386,141,298,129,385,129,385,140,298,140,aeeeeieee,marking,0.5936926603317261,0.271403690179189,0.4406820358708501,/content/outputs/inference/answersheet/model_finetune_640_results/res_93a64848ccc530e5671b69ed1cbd9d1a_jpg_18.pkl
259,19,288,28,259,19,287,19,287,27,259,27,thhphddd,the,0.8367545008659363,0.2138955257833004,0.6551978215575218,/content/outputs/inference/answersheet/model_finetune_640_results/res_93a64848ccc530e5671b69ed1cbd9d1a_jpg_19.pkl
270,130,300,139,270,130,299,130,299,138,270,138,taleeeeeee,but,0.729025661945343,0.31038727313280107,0.43182362616062164,/content/outputs/inference/answersheet/model_finetune_640_results/res_93a64848ccc530e5671b69ed1cbd9d1a_jpg_20.pkl
120,4,147,16,120,4,146,4,146,15,120,15,htttee,the,0.7989793419837952,0.17578245202700296,0.7149854600429535,/content/outputs/inference/answersheet/model_finetune_640_results/res_93a64848ccc530e5671b69ed1cbd9d1a_jpg_21.pkl
219,18,250,27,219,18,249,18,249,26,219,26,bheeeendaaeaeeeeeeee,from,0.5047044157981873,0.1580545011907816,0.5937222391366959,/content/outputs/inference/answersheet/model_finetune_640_results/res_93a64848ccc530e5671b69ed1cbd9d1a_jpg_22.pkl
261,272,307,284,264,272,306,272,306,283,264,283,feeeeeaaateeeeee,from,0.5340418815612793,0.26658334489911795,0.5965253680944442,/content/outputs/inference/answersheet/model_finetune_640_results/res_93a64848ccc530e5671b69ed1cbd9d1a_jpg_23.pkl
297,19,339,29,297,19,337,19,337,27,297,27,sssohhnaaaaaaltt,shot,0.7792377471923828,0.289040797855705,0.5572175681591034,/content/outputs/inference/answersheet/model_finetune_640_results/res_93a64848ccc530e5671b69ed1cbd9d1a_jpg_24.pkl
192,362,217,372,192,362,216,362,216,371,192,371,affffe,from,0.5325964093208313,0.15885057921210924,0.5801843225955963,/content/outputs/inference/answersheet/model_finetune_640_results/res_93a64848ccc530e5671b69ed1cbd9d1a_jpg_25.pkl
271,41,294,51,271,41,293,41,293,50,271,50,yo,you,0.6851440668106079,0.1619594469666481,0.6665057428181171,/content/outputs/inference/answersheet/model_finetune_640_results/res_93a64848ccc530e5671b69ed1cbd9d1a_jpg_26.pkl
163,7,180,17,163,7,179,7,179,16,163,16,ffffffffeeeeeeeeeeeeetttttt,for,0.5906680822372437,0.2139421585533354,0.6383836306631565,/content/outputs/inference/answersheet/model_finetune_640_results/res_93a64848ccc530e5671b69ed1cbd9d1a_jpg_27.pkl
190,147,212,158,190,147,211,147,211,157,190,157,tffffeeeeee,the,0.5041548013687134,0.1900651143355803,0.5974207073450089,/content/outputs/inference/answersheet/model_finetune_640_results/res_93a64848ccc530e5671b69ed1cbd9d1a_jpg_28.pkl
