193,121,212,130,193,121,211,121,211,129,193,129,didd,did,0.66080242395401,0.17931640148162842,0.5521889552474022,/content/outputs/inference/answersheet/model_finetune_640_results/res_23058126cdb7ea8c45ee9c4eca76cd16_jpg_0.pkl
222,327,237,335,222,327,236,327,236,334,222,334,aaaanannnmnm3d3sddddddd,and,0.6418619155883789,0.23086847818416098,0.7165312170982361,/content/outputs/inference/answersheet/model_finetune_640_results/res_23058126cdb7ea8c45ee9c4eca76cd16_jpg_1.pkl
168,60,187,69,168,60,186,60,186,68,168,68,fo,600,0.7969883680343628,0.17568734288215637,0.5588916353881359,/content/outputs/inference/answersheet/model_finetune_640_results/res_23058126cdb7ea8c45ee9c4eca76cd16_jpg_2.pkl
130,138,151,151,132,138,150,138,150,150,132,150,gggggggggggaaoooooeeedeee,for,0.5741438269615173,0.15435376048088073,0.5893748477101326,/content/outputs/inference/answersheet/model_finetune_640_results/res_23058126cdb7ea8c45ee9c4eca76cd16_jpg_3.pkl
181,99,203,110,181,99,202,99,202,109,181,109,tttttttheeepyyeyyeee,the,0.5397958755493164,0.1310025591403246,0.6184214949607849,/content/outputs/inference/answersheet/model_finetune_640_results/res_23058126cdb7ea8c45ee9c4eca76cd16_jpg_4.pkl
198,310,218,320,198,310,217,310,217,319,198,319,dsfrppppppppree,for,0.6201256513595581,0.1934805820385615,0.5876697786152363,/content/outputs/inference/answersheet/model_finetune_640_results/res_23058126cdb7ea8c45ee9c4eca76cd16_jpg_5.pkl
236,220,252,229,236,220,251,220,251,228,236,228,eeeeeeoeoeoo,to,0.6509485244750977,0.1409647228817145,0.4487689832846324,/content/outputs/inference/answersheet/model_finetune_640_results/res_23058126cdb7ea8c45ee9c4eca76cd16_jpg_6.pkl
171,182,190,192,171,182,189,182,189,191,171,191,tn,the,0.8335443139076233,0.13992658257484436,0.6860003136098385,/content/outputs/inference/answersheet/model_finetune_640_results/res_23058126cdb7ea8c45ee9c4eca76cd16_jpg_7.pkl
148,103,165,112,148,103,164,103,164,111,148,111,cttcccccggeeeeecyy,can,0.7892451286315918,0.2574085547692246,0.6310586482286453,/content/outputs/inference/answersheet/model_finetune_640_results/res_23058126cdb7ea8c45ee9c4eca76cd16_jpg_8.pkl
180,99,238,113,180,99,237,99,237,112,180,112,ttppeeeeeeeeedo,the,0.5433201789855957,0.2966505825519562,0.5113142430782318,/content/outputs/inference/answersheet/model_finetune_640_results/res_23058126cdb7ea8c45ee9c4eca76cd16_jpg_9.pkl
67,16,106,27,67,16,105,16,105,26,67,26,aieeee,sale,0.7609938383102417,0.3229368155201276,0.6789719998836518,/content/outputs/inference/answersheet/model_finetune_640_results/res_23058126cdb7ea8c45ee9c4eca76cd16_jpg_10.pkl
204,17,225,26,204,17,224,17,224,25,204,25,aaaaaaaffoo,for,0.520784318447113,0.39349882169203326,0.7641792893409729,/content/outputs/inference/answersheet/model_finetune_640_results/res_23058126cdb7ea8c45ee9c4eca76cd16_jpg_11.pkl
218,101,237,110,218,101,236,101,236,109,218,109,ttdddoyy,do,0.8172767758369446,0.25058988109230995,0.6579537590344747,/content/outputs/inference/answersheet/model_finetune_640_results/res_23058126cdb7ea8c45ee9c4eca76cd16_jpg_12.pkl
188,327,205,336,188,327,204,327,204,335,188,335,tttgtggttggtff,the,0.5261557102203369,0.20846214411514147,0.6041945666074753,/content/outputs/inference/answersheet/model_finetune_640_results/res_23058126cdb7ea8c45ee9c4eca76cd16_jpg_13.pkl
122,14,198,26,122,14,197,14,197,25,122,25,cdettthsaadfff,coffeen,0.6247953772544861,0.3993204267961638,0.5054005682468414,/content/outputs/inference/answersheet/model_finetune_640_results/res_23058126cdb7ea8c45ee9c4eca76cd16_jpg_14.pkl
139,80,159,92,139,80,158,80,158,91,139,91,goguh,can,0.6783574223518372,0.15622833222150803,0.46112585067749023,/content/outputs/inference/answersheet/model_finetune_640_results/res_23058126cdb7ea8c45ee9c4eca76cd16_jpg_15.pkl
209,202,232,212,209,202,229,202,229,211,209,211,adddddtttttr,apr,0.7372267246246338,0.23375759025414786,0.5745591931045055,/content/outputs/inference/answersheet/model_finetune_640_results/res_23058126cdb7ea8c45ee9c4eca76cd16_jpg_16.pkl
198,219,219,228,198,219,218,219,218,227,198,227,ffffefeeeeeeeeeeeoessssysssssss,for,0.580456018447876,0.3154740208579648,0.5049802958965302,/content/outputs/inference/answersheet/model_finetune_640_results/res_23058126cdb7ea8c45ee9c4eca76cd16_jpg_17.pkl
139,78,174,93,139,80,173,80,173,90,139,90,ggggweeeeeeaeeeeeeee,come,0.6200042366981506,0.3223075639456511,0.5013231068849564,/content/outputs/inference/answersheet/model_finetune_640_results/res_23058126cdb7ea8c45ee9c4eca76cd16_jpg_18.pkl
189,324,239,337,189,324,237,324,237,335,189,335,ttdaeeaaaasdd,the,0.5539053678512573,0.2523245479051883,0.43689917027950287,/content/outputs/inference/answersheet/model_finetune_640_results/res_23058126cdb7ea8c45ee9c4eca76cd16_jpg_19.pkl
190,81,213,90,190,81,212,81,212,89,190,89,deeeeeee,off,0.77056485414505,0.24048065207898617,0.6371636036783457,/content/outputs/inference/answersheet/model_finetune_640_results/res_23058126cdb7ea8c45ee9c4eca76cd16_jpg_20.pkl
132,81,212,91,139,81,211,81,211,90,139,90,gggggweeeeeeftleadm,che,0.5553345084190369,0.3097707935069737,0.37893445417284966,/content/outputs/inference/answersheet/model_finetune_640_results/res_23058126cdb7ea8c45ee9c4eca76cd16_jpg_21.pkl
169,291,191,300,169,291,190,291,190,299,169,299,ffffftttffdddee,for,0.7270504236221313,0.2567189733187358,0.6759112849831581,/content/outputs/inference/answersheet/model_finetune_640_results/res_23058126cdb7ea8c45ee9c4eca76cd16_jpg_22.pkl
