1,0,43,11,1,0,42,0,42,10,1,10,aahddnhhbbprnneee,the,0.6565387845039368,0.14039220310309353,0.4841106301173568,/content/outputs/inference/answersheet/model_finetune_640_results/res_58a7fccf35f908e780ae7d4c2a7f4a46_jpg_0.pkl
193,324,213,335,193,324,212,324,212,334,193,334,44444addddddddddddd,40,0.7441481351852417,0.39067564865476206,0.7174120843410492,/content/outputs/inference/answersheet/model_finetune_640_results/res_58a7fccf35f908e780ae7d4c2a7f4a46_jpg_1.pkl
148,79,171,89,148,79,170,79,170,88,148,88,11111e0ede999,10,0.6235567331314087,0.19843988980238253,0.3188069562117259,/content/outputs/inference/answersheet/model_finetune_640_results/res_58a7fccf35f908e780ae7d4c2a7f4a46_jpg_2.pkl
142,123,162,130,142,123,161,123,161,129,142,129,ffffffffffftfffftt11111111111t11111019ehhhhoruyyu,the,0.7171591520309448,0.270977644743968,0.5693947300314903,/content/outputs/inference/answersheet/model_finetune_640_results/res_58a7fccf35f908e780ae7d4c2a7f4a46_jpg_3.pkl
139,223,157,232,139,223,156,223,156,231,139,231,tttoo,to,0.546563446521759,0.5175040811300278,0.802534262339274,/content/outputs/inference/answersheet/model_finetune_640_results/res_58a7fccf35f908e780ae7d4c2a7f4a46_jpg_4.pkl
171,249,190,257,171,249,189,249,189,256,171,256,teeosss,for,0.745076060295105,0.20223578065633774,0.5908310804516077,/content/outputs/inference/answersheet/model_finetune_640_results/res_58a7fccf35f908e780ae7d4c2a7f4a46_jpg_5.pkl
167,189,187,198,167,189,186,189,186,197,167,197,666664464e4eeeeee,and,0.5237929821014404,0.23858282846563003,0.584774112328887,/content/outputs/inference/answersheet/model_finetune_640_results/res_58a7fccf35f908e780ae7d4c2a7f4a46_jpg_6.pkl
146,35,172,46,146,35,171,35,171,45,146,45,eeeeeddddddpppd,apr,0.6813546419143677,0.26380442728598913,0.6216360181570053,/content/outputs/inference/answersheet/model_finetune_640_results/res_58a7fccf35f908e780ae7d4c2a7f4a46_jpg_7.pkl
150,50,171,57,150,50,170,50,170,56,150,56,tttaataaa4deeeosaau,apr,0.507446825504303,0.1909456915761295,0.5375664792954922,/content/outputs/inference/answersheet/model_finetune_640_results/res_58a7fccf35f908e780ae7d4c2a7f4a46_jpg_8.pkl
124,302,143,311,124,302,142,302,142,310,124,310,tttdteee9eedeedd,the,0.6056390404701233,0.11593402177095413,0.5779027566313744,/content/outputs/inference/answersheet/model_finetune_640_results/res_58a7fccf35f908e780ae7d4c2a7f4a46_jpg_9.pkl
