72,27,114,39,72,27,113,27,113,38,72,38,eae,from,0.6483129262924194,0.3155844435095787,0.609954334795475,/content/outputs/inference/answersheet/model_finetune_640_results/res_04ac466307ba2293788f42042c66162e_jpg_0.pkl
117,25,199,40,117,25,198,25,198,39,117,39,eeeoeetae,restration,0.6500880122184753,0.20022629532549116,0.4938793107867241,/content/outputs/inference/answersheet/model_finetune_640_results/res_04ac466307ba2293788f42042c66162e_jpg_1.pkl
67,0,149,16,70,0,148,0,148,15,70,15,ayeiieeeeeeeeeeff,subject,0.6897167563438416,0.12926346721018062,0.44151783362030983,/content/outputs/inference/answersheet/model_finetune_640_results/res_04ac466307ba2293788f42042c66162e_jpg_2.pkl
107,50,126,59,107,50,125,50,125,58,107,58,tsfff,the,0.7162075638771057,0.28688629865646365,0.6622439697384834,/content/outputs/inference/answersheet/model_finetune_640_results/res_04ac466307ba2293788f42042c66162e_jpg_3.pkl
129,81,219,95,129,81,218,81,218,94,129,94,aaaeeaae,coffee,0.7317898273468018,0.11177985556423664,0.4010947570204735,/content/outputs/inference/answersheet/model_finetune_640_results/res_04ac466307ba2293788f42042c66162e_jpg_4.pkl
136,139,199,150,139,139,198,139,198,149,139,149,dptttpeadtaetemtee,date,0.6830361485481262,0.18922450062301424,0.5709842622280121,/content/outputs/inference/answersheet/model_finetune_640_results/res_04ac466307ba2293788f42042c66162e_jpg_5.pkl
106,49,176,62,106,49,174,49,174,60,106,60,faaaaatee,from,0.5597289800643921,0.19651418179273605,0.569653506577015,/content/outputs/inference/answersheet/model_finetune_640_results/res_04ac466307ba2293788f42042c66162e_jpg_6.pkl
138,126,198,137,138,126,197,126,197,136,138,136,srrvevfeeaaeee,brever,0.7544702291488647,0.1868508229298251,0.47818489159856525,/content/outputs/inference/answersheet/model_finetune_640_results/res_04ac466307ba2293788f42042c66162e_jpg_7.pkl
137,161,208,172,141,161,207,161,207,171,141,171,dtespattttetayyaaaae,from,0.5424481630325317,0.26659552082419397,0.4626011461019516,/content/outputs/inference/answersheet/model_finetune_640_results/res_04ac466307ba2293788f42042c66162e_jpg_8.pkl
119,28,161,39,119,28,160,28,160,38,119,38,aaeeeeotoee,sale,0.6040167212486267,0.178997280922803,0.45601935535669325,/content/outputs/inference/answersheet/model_finetune_640_results/res_04ac466307ba2293788f42042c66162e_jpg_9.pkl
92,129,120,139,92,129,119,129,119,138,92,138,aeee,the,0.6090675592422485,0.17966677993535995,0.5153201408684254,/content/outputs/inference/answersheet/model_finetune_640_results/res_04ac466307ba2293788f42042c66162e_jpg_10.pkl
141,148,199,159,141,148,198,148,198,158,141,158,sddyaaaaaaaoe,sender,0.5400546789169312,0.1537855599935238,0.5239809219326291,/content/outputs/inference/answersheet/model_finetune_640_results/res_04ac466307ba2293788f42042c66162e_jpg_11.pkl
170,82,219,95,170,82,218,82,218,94,170,94,apppe,from,0.516192615032196,0.29892186671495435,0.5473650604486465,/content/outputs/inference/answersheet/model_finetune_640_results/res_04ac466307ba2293788f42042c66162e_jpg_12.pkl
165,28,196,40,165,28,195,28,195,39,165,39,aeeappppppeee,the,0.6155315041542053,0.2417379950101559,0.5106453262269497,/content/outputs/inference/answersheet/model_finetune_640_results/res_04ac466307ba2293788f42042c66162e_jpg_13.pkl
156,104,179,114,156,104,178,104,178,113,156,113,eteiip,they,0.6661657094955444,0.13283414021134377,0.5462573051452637,/content/outputs/inference/answersheet/model_finetune_640_results/res_04ac466307ba2293788f42042c66162e_jpg_14.pkl
104,73,123,82,104,73,122,73,122,81,104,81,pt,from,0.6204687356948853,0.12125583738088608,0.6434876590967178,/content/outputs/inference/answersheet/model_finetune_640_results/res_04ac466307ba2293788f42042c66162e_jpg_15.pkl
