264,256,316,271,264,256,315,256,315,270,264,270,stteaaaaaaaalt,state,0.7130804061889648,0.2950994393655232,0.3925350159406662,/content/outputs/inference/answersheet/model_finetune_640_results/res_f6593d6e8af960fb0cfbc064af4820af_jpg_0.pkl
211,232,259,249,211,232,257,232,257,247,211,247,ssihtthhh,sale,0.8943556547164917,0.3296419291032685,0.503121392428875,/content/outputs/inference/answersheet/model_finetune_640_results/res_f6593d6e8af960fb0cfbc064af4820af_jpg_1.pkl
137,330,183,344,139,330,182,330,182,343,139,343,tgttttttt,sate,0.7055150866508484,0.3787101474073198,0.4583132237195969,/content/outputs/inference/answersheet/model_finetune_640_results/res_f6593d6e8af960fb0cfbc064af4820af_jpg_2.pkl
177,65,202,76,177,65,201,65,201,75,177,75,ttpeeeeeetsnnnnntttt,teat,0.7988787293434143,0.31677596643567085,0.6744132936000824,/content/outputs/inference/answersheet/model_finetune_640_results/res_f6593d6e8af960fb0cfbc064af4820af_jpg_3.pkl
242,132,294,150,242,131,291,135,290,149,241,145,tahhhhhh,telment,0.7730361819267273,0.2506707925349474,0.618967154994607,/content/outputs/inference/answersheet/model_finetune_640_results/res_f6593d6e8af960fb0cfbc064af4820af_jpg_4.pkl
101,284,165,300,101,282,162,286,161,301,101,296,sasrrtddett,from,0.7248334884643555,0.23554175414822318,0.5333218216896057,/content/outputs/inference/answersheet/model_finetune_640_results/res_f6593d6e8af960fb0cfbc064af4820af_jpg_5.pkl
210,65,249,80,210,65,248,65,248,79,210,79,ttttteeeeeeeeeenntttteesttty,entist,0.6657793521881104,0.4182425072150571,0.5178453177213669,/content/outputs/inference/answersheet/model_finetune_640_results/res_f6593d6e8af960fb0cfbc064af4820af_jpg_6.pkl
208,254,250,269,208,254,247,254,247,268,208,268,ttatttiiatit,from,0.5772467255592346,0.29110584159692127,0.614154377579689,/content/outputs/inference/answersheet/model_finetune_640_results/res_f6593d6e8af960fb0cfbc064af4820af_jpg_7.pkl
260,67,286,80,260,67,285,67,285,79,260,79,ttteeeeeetiiiii,teat,0.7669723033905029,0.34330408871173856,0.6843354821205139,/content/outputs/inference/answersheet/model_finetune_640_results/res_f6593d6e8af960fb0cfbc064af4820af_jpg_8.pkl
204,331,251,347,204,331,250,331,250,346,204,346,tyttatttttttttdttttt,tate,0.8148422837257385,0.339479798078537,0.4423352748155594,/content/outputs/inference/answersheet/model_finetune_640_results/res_f6593d6e8af960fb0cfbc064af4820af_jpg_9.pkl
298,68,324,80,298,68,323,68,323,79,298,79,taiil,teal,0.6917768120765686,0.23060826063156128,0.5557028979063035,/content/outputs/inference/answersheet/model_finetune_640_results/res_f6593d6e8af960fb0cfbc064af4820af_jpg_10.pkl
97,63,125,75,97,63,124,63,124,74,97,74,aaiitt,that,0.8973479866981506,0.3588142643372218,0.6586555778980255,/content/outputs/inference/answersheet/model_finetune_640_results/res_f6593d6e8af960fb0cfbc064af4820af_jpg_11.pkl
118,40,175,55,118,40,174,40,174,54,118,54,tei11f93et,teater,0.5609755516052246,0.28894818052649496,0.5346839215074267,/content/outputs/inference/answersheet/model_finetune_640_results/res_f6593d6e8af960fb0cfbc064af4820af_jpg_12.pkl
130,230,169,245,130,230,168,230,168,244,130,244,tbaluuttttttt,that,0.7947180867195129,0.3632096533591931,0.6058540046215057,/content/outputs/inference/answersheet/model_finetune_640_results/res_f6593d6e8af960fb0cfbc064af4820af_jpg_13.pkl
208,153,238,168,208,153,237,153,237,167,208,167,stt,that,0.7135289311408997,0.276638721426328,0.5560694456100463,/content/outputs/inference/answersheet/model_finetune_640_results/res_f6593d6e8af960fb0cfbc064af4820af_jpg_14.pkl
93,106,149,120,96,106,146,106,146,119,96,119,atieettt,the,0.5005342364311218,0.21006134245544672,0.29371749237179756,/content/outputs/inference/answersheet/model_finetune_640_results/res_f6593d6e8af960fb0cfbc064af4820af_jpg_15.pkl
84,185,147,200,84,185,146,185,146,199,84,199,aaaafspiaette,from,0.6329917311668396,0.25983696430921555,0.42459269762039187,/content/outputs/inference/answersheet/model_finetune_640_results/res_f6593d6e8af960fb0cfbc064af4820af_jpg_16.pkl
203,332,225,344,203,332,224,332,224,343,203,343,tt1ttltttl,that,0.7125386595726013,0.2782353565096855,0.6615933001041412,/content/outputs/inference/answersheet/model_finetune_640_results/res_f6593d6e8af960fb0cfbc064af4820af_jpg_17.pkl
300,156,325,171,300,156,324,156,324,170,300,170,t3ooai,team,0.6801527142524719,0.263902189830939,0.5164064288139343,/content/outputs/inference/answersheet/model_finetune_640_results/res_f6593d6e8af960fb0cfbc064af4820af_jpg_18.pkl
75,85,142,98,77,85,140,85,140,96,77,96,fdodeataaaeff,date,0.5817980170249939,0.17929930297228006,0.5961105257272721,/content/outputs/inference/answersheet/model_finetune_640_results/res_f6593d6e8af960fb0cfbc064af4820af_jpg_19.pkl
208,43,242,57,208,43,241,43,241,56,208,56,ttttt,the,0.6568945646286011,0.4032258987426758,0.48450078815221786,/content/outputs/inference/answersheet/model_finetune_640_results/res_f6593d6e8af960fb0cfbc064af4820af_jpg_20.pkl
139,64,180,77,139,64,177,64,177,76,139,76,thaee,that,0.5691154599189758,0.37702268213033674,0.5848727703094483,/content/outputs/inference/answersheet/model_finetune_640_results/res_f6593d6e8af960fb0cfbc064af4820af_jpg_21.pkl
157,207,193,224,157,207,192,207,192,223,157,223,teie,teal,0.5910229682922363,0.28286927565932274,0.5394131362438201,/content/outputs/inference/answersheet/model_finetune_640_results/res_f6593d6e8af960fb0cfbc064af4820af_jpg_22.pkl
148,42,174,53,148,42,173,42,173,52,148,52,feeeeeeeett,for,0.5958157777786255,0.3758618411692706,0.6211500763893127,/content/outputs/inference/answersheet/model_finetune_640_results/res_f6593d6e8af960fb0cfbc064af4820af_jpg_23.pkl
209,43,271,59,209,43,270,45,269,59,209,56,tttehltl,the,0.5520144701004028,0.31213560327887535,0.47109749913215637,/content/outputs/inference/answersheet/model_finetune_640_results/res_f6593d6e8af960fb0cfbc064af4820af_jpg_24.pkl
112,150,149,166,112,150,148,150,148,165,112,165,tttaaaatttltll,that,0.6999498605728149,0.35262118918555124,0.7271294474601746,/content/outputs/inference/answersheet/model_finetune_640_results/res_f6593d6e8af960fb0cfbc064af4820af_jpg_25.pkl
108,251,139,266,110,251,138,251,138,265,110,265,tsaaaaitttt,teat,0.8194318413734436,0.3048982545733452,0.5920595318078995,/content/outputs/inference/answersheet/model_finetune_640_results/res_f6593d6e8af960fb0cfbc064af4820af_jpg_26.pkl
142,65,164,74,142,65,163,65,163,73,142,73,tthaaddiiiid,that,0.7563816905021667,0.22727189026772976,0.5777980208396911,/content/outputs/inference/answersheet/model_finetune_640_results/res_f6593d6e8af960fb0cfbc064af4820af_jpg_27.pkl
174,154,205,166,174,154,204,154,204,165,174,165,tpppgggae,teat,0.7158367037773132,0.30788467162185246,0.6095774054527283,/content/outputs/inference/answersheet/model_finetune_640_results/res_f6593d6e8af960fb0cfbc064af4820af_jpg_28.pkl
246,355,278,370,246,355,277,355,277,369,246,369,tlllll,the,0.5380545854568481,0.21090780446926752,0.5701398327946663,/content/outputs/inference/answersheet/model_finetune_640_results/res_f6593d6e8af960fb0cfbc064af4820af_jpg_29.pkl
160,252,204,269,160,254,202,254,202,267,160,267,1aatttttthtytteee,sale,0.6906263828277588,0.33129176059189963,0.5786552637815475,/content/outputs/inference/answersheet/model_finetune_640_results/res_f6593d6e8af960fb0cfbc064af4820af_jpg_30.pkl
242,45,271,59,242,45,270,45,270,58,242,58,teessaaaahhulliitttttt,the,0.5704689025878906,0.2460491724989631,0.5095317661762238,/content/outputs/inference/answersheet/model_finetune_640_results/res_f6593d6e8af960fb0cfbc064af4820af_jpg_31.pkl
173,110,195,121,173,110,194,110,194,120,173,120,tttal,the,0.5141672492027283,0.3040024995803833,0.6620869189500809,/content/outputs/inference/answersheet/model_finetune_640_results/res_f6593d6e8af960fb0cfbc064af4820af_jpg_32.pkl
