37,254,83,268,37,254,82,254,82,267,37,267,oookaad,calad,0.8548307418823242,0.3577287814446858,0.5790563722451528,/content/outputs/inference/answersheet/model_finetune_640_results/res_d36a2fd840418b6775dcc7f643aaf7a6_jpg_0.pkl
149,220,196,232,149,220,194,220,194,230,149,230,aeypye,from,0.5252726674079895,0.16361314182480177,0.5020760580897331,/content/outputs/inference/answersheet/model_finetune_640_results/res_d36a2fd840418b6775dcc7f643aaf7a6_jpg_1.pkl
170,30,218,43,170,30,217,30,217,42,170,42,onntfee,from,0.6519420742988586,0.314019008406571,0.5534761339426041,/content/outputs/inference/answersheet/model_finetune_640_results/res_d36a2fd840418b6775dcc7f643aaf7a6_jpg_2.pkl
296,43,366,55,296,43,365,43,365,54,296,54,teseseseeeeootoooyyyys,from,0.5580043792724609,0.13824882832440463,0.6332750380039215,/content/outputs/inference/answersheet/model_finetune_640_results/res_d36a2fd840418b6775dcc7f643aaf7a6_jpg_3.pkl
312,23,383,34,312,23,380,23,380,33,312,33,baoooaobealeeeeeeeeeeeaass,coffee,0.590090811252594,0.14490198372648314,0.46421813539096285,/content/outputs/inference/answersheet/model_finetune_640_results/res_d36a2fd840418b6775dcc7f643aaf7a6_jpg_4.pkl
35,243,61,255,35,243,60,243,60,254,35,254,aaaaaii660yyyyyyye,all,0.9021455645561218,0.31333590464459526,0.6431110873818398,/content/outputs/inference/answersheet/model_finetune_640_results/res_d36a2fd840418b6775dcc7f643aaf7a6_jpg_5.pkl
167,23,220,33,167,23,219,23,219,32,167,32,saaaiiioaa,sport,0.7762946486473083,0.2536581680178642,0.6179202385246754,/content/outputs/inference/answersheet/model_finetune_640_results/res_d36a2fd840418b6775dcc7f643aaf7a6_jpg_6.pkl
33,21,81,33,33,21,80,21,80,32,33,32,oaaaatttppd,and,0.6224696636199951,0.39231785386800766,0.5380064267665148,/content/outputs/inference/answersheet/model_finetune_640_results/res_d36a2fd840418b6775dcc7f643aaf7a6_jpg_7.pkl
358,25,381,35,358,25,380,25,380,34,358,34,aaae,the,0.5334751009941101,0.29989493265748024,0.5135300680994987,/content/outputs/inference/answersheet/model_finetune_640_results/res_d36a2fd840418b6775dcc7f643aaf7a6_jpg_8.pkl
113,25,143,35,113,25,142,25,142,34,113,34,tttttttfgggoggoaaau,from,0.7729390263557434,0.24436914685525393,0.6522613435983657,/content/outputs/inference/answersheet/model_finetune_640_results/res_d36a2fd840418b6775dcc7f643aaf7a6_jpg_9.pkl
320,24,347,32,320,24,346,24,346,31,320,31,fooodaadeeeeeedsosddddddddtt,from,0.5057963728904724,0.12288498505949974,0.6507496401667595,/content/outputs/inference/answersheet/model_finetune_640_results/res_d36a2fd840418b6775dcc7f643aaf7a6_jpg_10.pkl
