94,210,159,223,94,210,158,210,158,222,94,222,caeee,compinal,0.6722276210784912,0.19258517920970916,0.42393992592891055,/content/outputs/inference/answersheet/model_finetune_640_results/res_23090f927c28b2a115f7ce15d47f2429_jpg_0.pkl
90,119,171,135,93,118,170,120,169,134,92,131,toykiaeee,toking,0.7895903587341309,0.16212058481242922,0.41222179042441504,/content/outputs/inference/answersheet/model_finetune_640_results/res_23090f927c28b2a115f7ce15d47f2429_jpg_1.pkl
120,76,179,89,120,76,177,76,177,87,120,87,aaaeeennaahihhfe,messageid,0.6549875736236572,0.24084000289440155,0.5825665824115276,/content/outputs/inference/answersheet/model_finetune_640_results/res_23090f927c28b2a115f7ce15d47f2429_jpg_2.pkl
83,331,155,345,83,331,154,331,154,344,83,344,afaeaaieee,from,0.5169075131416321,0.1844900667667389,0.5701359033584594,/content/outputs/inference/answersheet/model_finetune_640_results/res_23090f927c28b2a115f7ce15d47f2429_jpg_3.pkl
159,253,201,267,159,253,200,253,200,266,159,266,waeeee,from,0.8083149194717407,0.16826775670051575,0.5640472650527955,/content/outputs/inference/answersheet/model_finetune_640_results/res_23090f927c28b2a115f7ce15d47f2429_jpg_4.pkl
243,266,288,277,243,266,287,266,287,276,243,276,agdttttttte,coffee,0.7211395502090454,0.19054582037708975,0.5118163398333958,/content/outputs/inference/answersheet/model_finetune_640_results/res_23090f927c28b2a115f7ce15d47f2429_jpg_5.pkl
286,286,338,299,289,286,337,286,337,298,289,298,eeegettteeepeaa,coller,0.6058494448661804,0.18053441395362219,0.4757974403245108,/content/outputs/inference/answersheet/model_finetune_640_results/res_23090f927c28b2a115f7ce15d47f2429_jpg_6.pkl
196,287,248,299,196,287,247,287,247,298,196,298,aanaerrreeee,come,0.546832799911499,0.17105956189334393,0.3798192173242569,/content/outputs/inference/answersheet/model_finetune_640_results/res_23090f927c28b2a115f7ce15d47f2429_jpg_7.pkl
346,288,409,300,346,288,408,288,408,299,346,299,aaaieessaae,refersian,0.8067741990089417,0.19995167715982956,0.48769024983048437,/content/outputs/inference/answersheet/model_finetune_640_results/res_23090f927c28b2a115f7ce15d47f2429_jpg_8.pkl
269,121,364,135,272,121,363,121,363,134,272,134,heafafeeieaae,the,0.7607828974723816,0.22101315741355604,0.41978368908166885,/content/outputs/inference/answersheet/model_finetune_640_results/res_23090f927c28b2a115f7ce15d47f2429_jpg_9.pkl
285,267,353,278,289,267,352,267,352,277,289,277,sanntrraaaaaaahnenedl,messageid,0.5277479290962219,0.12186328499090104,0.5781452864408493,/content/outputs/inference/answersheet/model_finetune_640_results/res_23090f927c28b2a115f7ce15d47f2429_jpg_10.pkl
344,265,406,278,344,265,404,265,404,276,344,276,ililkeeeeediieeeee,medial,0.5431665778160095,0.25390229208601844,0.44687908036368235,/content/outputs/inference/answersheet/model_finetune_640_results/res_23090f927c28b2a115f7ce15d47f2429_jpg_11.pkl
291,167,311,180,291,167,310,167,310,179,291,179,4apd,and,0.7120603919029236,0.23960032686591148,0.5581129975616932,/content/outputs/inference/answersheet/model_finetune_640_results/res_23090f927c28b2a115f7ce15d47f2429_jpg_12.pkl
247,257,290,268,249,257,289,257,289,267,249,267,lllllh,colle,0.6073743104934692,0.266479695836703,0.41844086969892186,/content/outputs/inference/answersheet/model_finetune_640_results/res_23090f927c28b2a115f7ce15d47f2429_jpg_13.pkl
116,110,164,122,120,110,163,110,163,121,120,121,ooanaaaoe,and,0.6357373595237732,0.14184097035063636,0.5011776480823755,/content/outputs/inference/answersheet/model_finetune_640_results/res_23090f927c28b2a115f7ce15d47f2429_jpg_14.pkl
195,121,261,136,195,123,260,123,260,135,195,135,ypae,persity,0.8086885213851929,0.1481201034039259,0.43789647705852985,/content/outputs/inference/answersheet/model_finetune_640_results/res_23090f927c28b2a115f7ce15d47f2429_jpg_15.pkl
171,111,196,123,171,111,195,111,195,122,171,122,tthttee,the,0.5169236063957214,0.1798711876784052,0.7130741328001022,/content/outputs/inference/answersheet/model_finetune_640_results/res_23090f927c28b2a115f7ce15d47f2429_jpg_16.pkl
163,61,181,73,163,61,180,61,180,72,163,72,ssssyyss,5,0.5304645895957947,0.19531031046062708,0.45657919347286224,/content/outputs/inference/answersheet/model_finetune_640_results/res_23090f927c28b2a115f7ce15d47f2429_jpg_17.pkl
235,149,254,161,235,149,253,149,253,160,235,160,teeoodddddddyy,for,0.6299912333488464,0.23402092180081777,0.6435041502118111,/content/outputs/inference/answersheet/model_finetune_640_results/res_23090f927c28b2a115f7ce15d47f2429_jpg_18.pkl
330,268,351,277,330,268,350,268,350,276,330,276,haeeeeaeiaet,the,0.6004997491836548,0.11377879045903683,0.5722002051770687,/content/outputs/inference/answersheet/model_finetune_640_results/res_23090f927c28b2a115f7ce15d47f2429_jpg_19.pkl
163,151,178,161,163,151,177,151,177,160,163,160,itoaaaa,to,0.5371832251548767,0.12770759420735495,0.6128988166650137,/content/outputs/inference/answersheet/model_finetune_640_results/res_23090f927c28b2a115f7ce15d47f2429_jpg_20.pkl
279,265,397,280,286,265,395,265,395,278,286,278,eehhdeedd,messageid,0.5477316975593567,0.1912591987186008,0.5577643372118473,/content/outputs/inference/answersheet/model_finetune_640_results/res_23090f927c28b2a115f7ce15d47f2429_jpg_21.pkl
