74,179,123,192,74,179,122,179,122,191,74,191,aaatae,and,0.6744770407676697,0.19908709327379862,0.3706289827823639,/content/outputs/inference/answersheet/model_finetune_640_results/res_485665e93f3593e8d54dec5d65c76af7_jpg_0.pkl
74,202,132,213,74,202,130,202,130,211,74,211,assaa,sale,0.6011006236076355,0.2292218342423439,0.37540602684020996,/content/outputs/inference/answersheet/model_finetune_640_results/res_485665e93f3593e8d54dec5d65c76af7_jpg_1.pkl
347,19,403,33,347,21,401,21,401,31,347,31,aoeeeeee,and,0.7287080883979797,0.1592398714274168,0.4923313148319721,/content/outputs/inference/answersheet/model_finetune_640_results/res_485665e93f3593e8d54dec5d65c76af7_jpg_2.pkl
165,114,223,125,165,114,220,114,220,124,165,124,ehe,sale,0.634064793586731,0.09165102119247119,0.34657282531261446,/content/outputs/inference/answersheet/model_finetune_640_results/res_485665e93f3593e8d54dec5d65c76af7_jpg_3.pkl
133,248,181,260,133,248,179,248,179,258,133,258,e,school,0.5844449996948242,0.10526922345161438,0.38283873881612507,/content/outputs/inference/answersheet/model_finetune_640_results/res_485665e93f3593e8d54dec5d65c76af7_jpg_4.pkl
321,25,346,34,321,25,345,25,345,33,321,33,eeeeee,and,0.5852744579315186,0.21340339755018553,0.5072072930634022,/content/outputs/inference/answersheet/model_finetune_640_results/res_485665e93f3593e8d54dec5d65c76af7_jpg_5.pkl
57,25,115,37,57,25,114,25,114,36,57,36,eraatttttgeoeeeee,from,0.6473212242126465,0.17453430067090428,0.5811120599508286,/content/outputs/inference/answersheet/model_finetune_640_results/res_485665e93f3593e8d54dec5d65c76af7_jpg_6.pkl
164,158,189,168,164,158,188,158,188,167,164,167,ftaaee,from,0.6948272585868835,0.2535477230946223,0.6267148822546005,/content/outputs/inference/answersheet/model_finetune_640_results/res_485665e93f3593e8d54dec5d65c76af7_jpg_7.pkl
128,25,159,35,128,25,158,25,158,34,128,34,eeessslsbbsaaaaaaeeeeeeeeeeeeeeeeeee,come,0.6295077800750732,0.1781706739630964,0.35178323090076447,/content/outputs/inference/answersheet/model_finetune_640_results/res_485665e93f3593e8d54dec5d65c76af7_jpg_8.pkl
171,292,213,301,171,292,212,292,212,300,171,300,ahhraedheeeeee,the,0.5826788544654846,0.11685788631439209,0.4860997749492526,/content/outputs/inference/answersheet/model_finetune_640_results/res_485665e93f3593e8d54dec5d65c76af7_jpg_9.pkl
340,11,408,36,343,17,403,17,403,35,343,35,eeaaaa,date,0.5223326086997986,0.18828154603640238,0.48743681609630585,/content/outputs/inference/answersheet/model_finetune_640_results/res_485665e93f3593e8d54dec5d65c76af7_jpg_10.pkl
