165,37,202,46,165,37,201,37,201,45,165,45,ggggeteeeeey,for,0.5339962244033813,0.2475068618853887,0.503181166946888,/content/outputs/inference/answersheet/model_finetune_640_results/res_1fdc748ab449a357642453db5ad988e0_jpg_0.pkl
164,61,201,71,164,61,200,61,200,70,164,70,tdd,for,0.6129534840583801,0.15130300323168436,0.5454853549599648,/content/outputs/inference/answersheet/model_finetune_640_results/res_1fdc748ab449a357642453db5ad988e0_jpg_1.pkl
190,292,233,304,190,292,230,292,230,303,190,303,fe,gets,0.6746691465377808,0.3898240402340889,0.5044487833976745,/content/outputs/inference/answersheet/model_finetune_640_results/res_1fdc748ab449a357642453db5ad988e0_jpg_2.pkl
303,337,342,348,303,337,341,337,341,347,303,347,ttttttee,stever,0.7137889862060547,0.34997473284602165,0.5485868155956268,/content/outputs/inference/answersheet/model_finetune_640_results/res_1fdc748ab449a357642453db5ad988e0_jpg_3.pkl
168,271,208,282,168,271,207,271,207,281,168,281,ttteerre,the,0.8023430109024048,0.1551301470026374,0.49265337735414505,/content/outputs/inference/answersheet/model_finetune_640_results/res_1fdc748ab449a357642453db5ad988e0_jpg_4.pkl
164,205,201,216,164,205,200,205,200,215,164,215,giteeeeddrp,off,0.8046989440917969,0.14271606504917145,0.5230640452355146,/content/outputs/inference/answersheet/model_finetune_640_results/res_1fdc748ab449a357642453db5ad988e0_jpg_5.pkl
207,122,241,134,207,122,240,122,240,133,207,133,ggg4ddd,gred,0.8135376572608948,0.4013086919273649,0.5915342003107071,/content/outputs/inference/answersheet/model_finetune_640_results/res_1fdc748ab449a357642453db5ad988e0_jpg_6.pkl
160,338,201,348,160,338,198,338,198,347,160,347,sttokkee,store,0.6784716248512268,0.21594890020787716,0.5499981194734573,/content/outputs/inference/answersheet/model_finetune_640_results/res_1fdc748ab449a357642453db5ad988e0_jpg_7.pkl
128,18,213,27,128,18,211,18,211,25,128,25,hhheefdesssddeddeeee,the,0.5457590222358704,0.2657447785139084,0.36810542456805706,/content/outputs/inference/answersheet/model_finetune_640_results/res_1fdc748ab449a357642453db5ad988e0_jpg_8.pkl
160,149,199,159,160,149,198,149,198,158,160,158,tteeeeeeee,get,0.6602292060852051,0.17222518771886824,0.44520725309848785,/content/outputs/inference/answersheet/model_finetune_640_results/res_1fdc748ab449a357642453db5ad988e0_jpg_9.pkl
78,18,105,27,78,18,104,18,104,26,78,26,taho,too,0.6842968463897705,0.24532075226306915,0.6659887507557869,/content/outputs/inference/answersheet/model_finetune_640_results/res_1fdc748ab449a357642453db5ad988e0_jpg_10.pkl
112,387,138,398,112,387,137,387,137,397,112,397,e,of,0.5195144414901733,0.12537060678005219,0.43661104639371234,/content/outputs/inference/answersheet/model_finetune_640_results/res_1fdc748ab449a357642453db5ad988e0_jpg_11.pkl
138,75,169,88,138,75,168,75,168,87,138,87,gaaaaas,gas,0.7130370140075684,0.16478191103254045,0.4015113301575184,/content/outputs/inference/answersheet/model_finetune_640_results/res_1fdc748ab449a357642453db5ad988e0_jpg_12.pkl
285,384,311,395,285,384,310,384,310,394,285,394,eeeeeaaeeeeeeeeeeeeeeeeeeee,ed,0.5878480672836304,0.2942392199679657,0.3919942130645116,/content/outputs/inference/answersheet/model_finetune_640_results/res_1fdc748ab449a357642453db5ad988e0_jpg_13.pkl
199,167,229,178,199,167,228,167,228,177,199,177,edeeee,the,0.6329455971717834,0.09515244017044704,0.5294926278293133,/content/outputs/inference/answersheet/model_finetune_640_results/res_1fdc748ab449a357642453db5ad988e0_jpg_14.pkl
135,118,168,129,135,118,167,118,167,128,135,128,eccessss,can,0.6596479415893555,0.19383736327290535,0.36920392885804176,/content/outputs/inference/answersheet/model_finetune_640_results/res_1fdc748ab449a357642453db5ad988e0_jpg_15.pkl
334,352,363,363,334,352,362,352,362,362,334,362,aateee,date,0.6657665967941284,0.11738608901699384,0.5147111043334007,/content/outputs/inference/answersheet/model_finetune_640_results/res_1fdc748ab449a357642453db5ad988e0_jpg_16.pkl
177,105,202,113,177,105,201,105,201,112,177,112,eehhhhhhhhaaa,the,0.6232420802116394,0.19235622538970068,0.6246873177587986,/content/outputs/inference/answersheet/model_finetune_640_results/res_1fdc748ab449a357642453db5ad988e0_jpg_17.pkl
133,165,162,175,133,165,161,165,161,174,133,174,hs,the,0.663293719291687,0.09279507398605347,0.49274942465126514,/content/outputs/inference/answersheet/model_finetune_640_results/res_1fdc748ab449a357642453db5ad988e0_jpg_18.pkl
271,355,296,365,271,355,295,355,295,364,271,364,ffeffeeeeffeees,est,0.5533725619316101,0.23444833755493164,0.5437496155500412,/content/outputs/inference/answersheet/model_finetune_640_results/res_1fdc748ab449a357642453db5ad988e0_jpg_19.pkl
141,250,170,259,141,250,169,250,169,258,141,258,tttt4eeeeeeeeds,they,0.5292128324508667,0.3063085158665975,0.6492216885089874,/content/outputs/inference/answersheet/model_finetune_640_results/res_1fdc748ab449a357642453db5ad988e0_jpg_20.pkl
271,367,296,378,271,367,295,367,295,377,271,377,tfffffffffffffffffffffffffffffe,for,0.7169031500816345,0.4276057534640835,0.6926148533821106,/content/outputs/inference/answersheet/model_finetune_640_results/res_1fdc748ab449a357642453db5ad988e0_jpg_21.pkl
101,303,127,313,101,303,126,303,126,312,101,312,fggggf,for,0.5310947299003601,0.1949311743179957,0.6412441395223141,/content/outputs/inference/answersheet/model_finetune_640_results/res_1fdc748ab449a357642453db5ad988e0_jpg_22.pkl
122,18,138,25,124,18,137,18,137,24,124,24,ttttte,the,0.610179603099823,0.21568522974848747,0.7697016000747681,/content/outputs/inference/answersheet/model_finetune_640_results/res_1fdc748ab449a357642453db5ad988e0_jpg_23.pkl
132,288,161,297,132,288,160,288,160,296,132,296,eeeeeeeaaaaaatateeeedeyy,can,0.7109689712524414,0.20131635138144097,0.4238191992044449,/content/outputs/inference/answersheet/model_finetune_640_results/res_1fdc748ab449a357642453db5ad988e0_jpg_24.pkl
113,236,141,247,113,236,140,236,140,246,113,246,ssaraasees,sale,0.5367993712425232,0.12624225094914437,0.5208288908004761,/content/outputs/inference/answersheet/model_finetune_640_results/res_1fdc748ab449a357642453db5ad988e0_jpg_25.pkl
240,384,269,394,240,384,268,384,268,393,240,393,eeaee,and,0.5492324233055115,0.1998618096113205,0.5248723737895489,/content/outputs/inference/answersheet/model_finetune_640_results/res_1fdc748ab449a357642453db5ad988e0_jpg_26.pkl
122,323,150,332,122,323,149,323,149,331,122,331,sssssessddddd,and,0.532242476940155,0.18028749353610551,0.6405969001352787,/content/outputs/inference/answersheet/model_finetune_640_results/res_1fdc748ab449a357642453db5ad988e0_jpg_27.pkl
139,223,169,232,139,223,168,223,168,231,139,231,dddhahaoo,can,0.5190132260322571,0.14013000577688217,0.4677036851644516,/content/outputs/inference/answersheet/model_finetune_640_results/res_1fdc748ab449a357642453db5ad988e0_jpg_28.pkl
197,225,226,235,197,225,225,225,225,234,197,234,ttgeesss,they,0.5764222145080566,0.18260348681360483,0.6284929245710373,/content/outputs/inference/answersheet/model_finetune_640_results/res_1fdc748ab449a357642453db5ad988e0_jpg_29.pkl
