188,226,311,243,191,226,309,226,309,241,191,241,aeeeeaaaaaeels,messageid,0.6699779033660889,0.23601792646305902,0.49250594303011896,/content/outputs/inference/answersheet/model_finetune_640_results/res_4a34cb7a4bfca47c160d305732696697_jpg_0.pkl
308,193,411,208,314,193,410,193,410,207,314,207,eeeekkkfsra,coffersity,0.6952734589576721,0.21878681467338043,0.48679269511591305,/content/outputs/inference/answersheet/model_finetune_640_results/res_4a34cb7a4bfca47c160d305732696697_jpg_1.pkl
204,217,275,230,207,217,274,217,274,229,207,229,meaaan,from,0.5832083225250244,0.13607151185472807,0.5763324916362762,/content/outputs/inference/answersheet/model_finetune_640_results/res_4a34cb7a4bfca47c160d305732696697_jpg_2.pkl
78,152,120,164,78,152,119,152,119,163,78,163,a444a44uuuuuuaee,sale,0.6969931125640869,0.16699904901906848,0.5299142271280288,/content/outputs/inference/answersheet/model_finetune_640_results/res_4a34cb7a4bfca47c160d305732696697_jpg_3.pkl
147,173,173,182,147,173,172,173,172,181,147,181,ttteeeet,from,0.5985551476478577,0.13607542216777802,0.5931510239839554,/content/outputs/inference/answersheet/model_finetune_640_results/res_4a34cb7a4bfca47c160d305732696697_jpg_4.pkl
208,116,244,129,208,116,241,116,241,128,208,128,ddyykteoooossd,the,0.6386762857437134,0.16671266140682356,0.46293180249631405,/content/outputs/inference/answersheet/model_finetune_640_results/res_4a34cb7a4bfca47c160d305732696697_jpg_5.pkl
227,31,261,41,227,31,260,31,260,40,227,40,ttaee,from,0.7367473244667053,0.1363066926598549,0.5711660712957383,/content/outputs/inference/answersheet/model_finetune_640_results/res_4a34cb7a4bfca47c160d305732696697_jpg_6.pkl
287,196,317,207,287,196,316,196,316,206,287,206,ttholeeefee,you,0.7391486167907715,0.1747666299343109,0.6137271169573069,/content/outputs/inference/answersheet/model_finetune_640_results/res_4a34cb7a4bfca47c160d305732696697_jpg_7.pkl
228,74,246,84,228,74,245,74,245,83,228,83,t8888aa222222ooee,to,0.6226269006729126,0.13528221232049606,0.5597484608491262,/content/outputs/inference/answersheet/model_finetune_640_results/res_4a34cb7a4bfca47c160d305732696697_jpg_8.pkl
207,51,226,62,207,51,225,51,225,61,207,61,fad9dddddddddddddddyye,apr,0.7100988626480103,0.3166656358675523,0.6681592613458633,/content/outputs/inference/answersheet/model_finetune_640_results/res_4a34cb7a4bfca47c160d305732696697_jpg_9.pkl
182,32,208,43,182,32,207,32,207,42,182,42,ffgggggcgaae,can,0.6544826030731201,0.1804191650201877,0.4328274168074131,/content/outputs/inference/answersheet/model_finetune_640_results/res_4a34cb7a4bfca47c160d305732696697_jpg_10.pkl
146,116,194,130,146,116,190,116,190,128,146,128,ftttttttttkttaaed,the,0.567809522151947,0.2137976849780363,0.46793096140027046,/content/outputs/inference/answersheet/model_finetune_640_results/res_4a34cb7a4bfca47c160d305732696697_jpg_11.pkl
147,220,178,230,147,220,177,220,177,229,147,229,ttttttttyyyeeeeeddd,the,0.8000569939613342,0.24354184654198194,0.405998595058918,/content/outputs/inference/answersheet/model_finetune_640_results/res_4a34cb7a4bfca47c160d305732696697_jpg_12.pkl
171,152,196,163,171,152,195,152,195,162,171,162,4aaaaa11111iifiififdddde,and,0.6482452154159546,0.25872858986258507,0.598327249288559,/content/outputs/inference/answersheet/model_finetune_640_results/res_4a34cb7a4bfca47c160d305732696697_jpg_13.pkl
175,75,195,85,175,75,194,75,194,84,175,84,4444444444oo0,for,0.5948199033737183,0.22631508111953735,0.7288811802864075,/content/outputs/inference/answersheet/model_finetune_640_results/res_4a34cb7a4bfca47c160d305732696697_jpg_14.pkl
256,116,298,129,256,116,297,116,297,128,256,128,aa3eeesdddoodokkkkkkkkk000,you,0.6224064230918884,0.2707892418480836,0.6280856477096677,/content/outputs/inference/answersheet/model_finetune_640_results/res_4a34cb7a4bfca47c160d305732696697_jpg_15.pkl
158,231,187,241,158,231,186,231,186,240,158,240,aaeannee,from,0.6251276731491089,0.15306397434324026,0.5823495388031006,/content/outputs/inference/answersheet/model_finetune_640_results/res_4a34cb7a4bfca47c160d305732696697_jpg_16.pkl
188,97,207,106,188,97,206,97,206,105,188,105,tdeeeene,the,0.6886667013168335,0.09306865185499191,0.6464321687817574,/content/outputs/inference/answersheet/model_finetune_640_results/res_4a34cb7a4bfca47c160d305732696697_jpg_17.pkl
142,197,174,207,142,197,173,197,173,206,142,206,ydlsaosaaeadeedeeeee,from,0.6226640939712524,0.1784862469881773,0.5631299644708634,/content/outputs/inference/answersheet/model_finetune_640_results/res_4a34cb7a4bfca47c160d305732696697_jpg_18.pkl
185,204,268,218,190,206,267,206,267,217,190,217,plttdaaaddlaeeasffefsss,from,0.5773866772651672,0.17712879245695862,0.5141318455338478,/content/outputs/inference/answersheet/model_finetune_640_results/res_4a34cb7a4bfca47c160d305732696697_jpg_19.pkl
290,96,306,103,290,96,305,96,305,102,290,102,aaaeass22233ao3333oo33oo33o3d99999yyy,to,0.7587604522705078,0.08918229591202091,0.5254381994406382,/content/outputs/inference/answersheet/model_finetune_640_results/res_4a34cb7a4bfca47c160d305732696697_jpg_20.pkl
145,174,199,185,145,174,198,174,198,184,145,184,teeaee,from,0.5536009073257446,0.17746099084615707,0.5694274425506591,/content/outputs/inference/answersheet/model_finetune_640_results/res_4a34cb7a4bfca47c160d305732696697_jpg_21.pkl
142,195,171,203,142,195,170,195,170,202,142,202,ydeeaoaredddd,from,0.61407870054245,0.16898972713030302,0.5771973624825477,/content/outputs/inference/answersheet/model_finetune_640_results/res_4a34cb7a4bfca47c160d305732696697_jpg_22.pkl
174,193,265,212,174,193,264,193,264,211,174,211,eeesaates,messageid,0.5106485486030579,0.22749126619762844,0.6441728271543979,/content/outputs/inference/answersheet/model_finetune_640_results/res_4a34cb7a4bfca47c160d305732696697_jpg_23.pkl
122,153,154,164,122,153,153,153,153,163,122,163,httthtththhhhhhiddeee,the,0.6347942352294922,0.2636591309592837,0.40113948099315166,/content/outputs/inference/answersheet/model_finetune_640_results/res_4a34cb7a4bfca47c160d305732696697_jpg_24.pkl
233,96,250,104,233,96,249,96,249,103,233,103,ffffooonn,for,0.6735117435455322,0.19866865873336792,0.7516688220202923,/content/outputs/inference/answersheet/model_finetune_640_results/res_4a34cb7a4bfca47c160d305732696697_jpg_25.pkl
144,206,175,215,144,206,174,206,174,214,144,214,yyylhaeeeaaeaaaaaaaeee,you,0.6263606548309326,0.2348170971328562,0.5645993091166019,/content/outputs/inference/answersheet/model_finetune_640_results/res_4a34cb7a4bfca47c160d305732696697_jpg_26.pkl
261,231,283,239,261,231,282,231,282,238,261,238,aaanpipie,sale,0.6552141308784485,0.16999970045354632,0.510329395532608,/content/outputs/inference/answersheet/model_finetune_640_results/res_4a34cb7a4bfca47c160d305732696697_jpg_27.pkl
182,194,248,207,182,194,246,194,246,205,182,205,eesssssssssssssttteate,messageid,0.7313398122787476,0.33051321892575786,0.6403428770601749,/content/outputs/inference/answersheet/model_finetune_640_results/res_4a34cb7a4bfca47c160d305732696697_jpg_28.pkl
