248,162,293,175,248,162,292,162,292,174,248,174,efeteeea,coffeen,0.7209076881408691,0.12509434670209885,0.5353152565658092,/content/outputs/inference/answersheet/model_finetune_640_results/res_cc3ca9767e7b9c073d62c8b2d2374941_jpg_0.pkl
251,88,339,105,257,88,338,88,338,104,257,104,oospfttkeyeeeew,coffore,0.7347928285598755,0.201013745367527,0.5154067538678646,/content/outputs/inference/answersheet/model_finetune_640_results/res_cc3ca9767e7b9c073d62c8b2d2374941_jpg_1.pkl
253,19,303,30,253,19,301,19,301,28,253,28,fteaanneyd,from,0.5526837706565857,0.11486372053623199,0.5525854885578155,/content/outputs/inference/answersheet/model_finetune_640_results/res_cc3ca9767e7b9c073d62c8b2d2374941_jpg_2.pkl
304,101,362,114,304,101,361,101,361,113,304,113,eoogbrttteee,come,0.5774977207183838,0.23153380739192167,0.37301878035068514,/content/outputs/inference/answersheet/model_finetune_640_results/res_cc3ca9767e7b9c073d62c8b2d2374941_jpg_3.pkl
306,386,369,395,306,386,368,386,368,394,306,394,tthtteeerteeeeaeeha,the,0.5400824546813965,0.19118325490700572,0.48610919713974,/content/outputs/inference/answersheet/model_finetune_640_results/res_cc3ca9767e7b9c073d62c8b2d2374941_jpg_4.pkl
94,97,148,109,97,97,147,97,147,108,97,108,tdabttrgsee,from,0.7025818228721619,0.172157576138323,0.567139419913292,/content/outputs/inference/answersheet/model_finetune_640_results/res_cc3ca9767e7b9c073d62c8b2d2374941_jpg_5.pkl
311,154,341,165,311,154,340,154,340,164,311,164,sahhpp,from,0.7692217230796814,0.19072415307164192,0.5829624325037003,/content/outputs/inference/answersheet/model_finetune_640_results/res_cc3ca9767e7b9c073d62c8b2d2374941_jpg_6.pkl
58,162,106,175,58,162,105,162,105,174,58,174,taapeea,sape,0.5286340713500977,0.14920124305146082,0.33480623066425325,/content/outputs/inference/answersheet/model_finetune_640_results/res_cc3ca9767e7b9c073d62c8b2d2374941_jpg_7.pkl
255,82,362,100,258,85,360,82,361,97,259,100,gooooykleea,coffeen,0.5844345092773438,0.1803817945447835,0.49030696228146553,/content/outputs/inference/answersheet/model_finetune_640_results/res_cc3ca9767e7b9c073d62c8b2d2374941_jpg_8.pkl
144,41,162,49,144,41,161,41,161,48,144,48,tto,the,0.650294840335846,0.14013677090406418,0.6351297162473202,/content/outputs/inference/answersheet/model_finetune_640_results/res_cc3ca9767e7b9c073d62c8b2d2374941_jpg_9.pkl
312,84,363,96,312,84,362,84,362,95,312,95,eeeeeeeeeeeeeetaeaaa,you,0.5413058996200562,0.2026551438495517,0.5614338871091604,/content/outputs/inference/answersheet/model_finetune_640_results/res_cc3ca9767e7b9c073d62c8b2d2374941_jpg_10.pkl
235,389,258,398,235,389,257,389,257,397,235,397,ffffffeeeee,the,0.5807532668113708,0.4843598726120862,0.7447205483913422,/content/outputs/inference/answersheet/model_finetune_640_results/res_cc3ca9767e7b9c073d62c8b2d2374941_jpg_11.pkl
182,218,232,232,185,218,231,218,231,231,185,231,teee,from,0.5939396619796753,0.189678642898798,0.6221223175525665,/content/outputs/inference/answersheet/model_finetune_640_results/res_cc3ca9767e7b9c073d62c8b2d2374941_jpg_12.pkl
117,81,138,92,119,81,137,81,137,91,119,91,ffffeeeeeeoeyyyy,from,0.5174026489257812,0.17497568577528,0.6217459857463836,/content/outputs/inference/answersheet/model_finetune_640_results/res_cc3ca9767e7b9c073d62c8b2d2374941_jpg_13.pkl
238,253,297,263,238,253,296,253,296,262,238,262,nrnaaiiiiaie,from,0.5941355228424072,0.19389549953242144,0.4756220310926437,/content/outputs/inference/answersheet/model_finetune_640_results/res_cc3ca9767e7b9c073d62c8b2d2374941_jpg_14.pkl
333,86,358,96,333,86,357,86,357,95,333,95,yysyyytttaaaa,you,0.5875859260559082,0.18981546048934644,0.6281595267355442,/content/outputs/inference/answersheet/model_finetune_640_results/res_cc3ca9767e7b9c073d62c8b2d2374941_jpg_15.pkl
157,79,176,88,157,79,175,79,175,87,157,87,tddooeoeoeeee,the,0.5928553342819214,0.10330344965824714,0.47461948543787,/content/outputs/inference/answersheet/model_finetune_640_results/res_cc3ca9767e7b9c073d62c8b2d2374941_jpg_16.pkl
200,208,220,217,200,208,219,208,219,216,200,216,syytetttttttttataaan,the,0.5667715072631836,0.13263677507638932,0.6124471947550774,/content/outputs/inference/answersheet/model_finetune_640_results/res_cc3ca9767e7b9c073d62c8b2d2374941_jpg_17.pkl
93,22,192,36,97,22,191,22,191,35,97,35,ftrttftfefabbkgigeassaaaaaee,from,0.719649076461792,0.1580160544919116,0.6102157309651375,/content/outputs/inference/answersheet/model_finetune_640_results/res_cc3ca9767e7b9c073d62c8b2d2374941_jpg_18.pkl
176,154,234,164,178,154,233,154,233,163,178,163,and,brice,0.54017573595047,0.12187669674555461,0.33729974925518036,/content/outputs/inference/answersheet/model_finetune_640_results/res_cc3ca9767e7b9c073d62c8b2d2374941_jpg_19.pkl
157,83,175,92,157,83,174,83,174,91,157,91,dhe,the,0.5971640944480896,0.09863731513420741,0.591769702732563,/content/outputs/inference/answersheet/model_finetune_640_results/res_cc3ca9767e7b9c073d62c8b2d2374941_jpg_20.pkl
119,164,142,174,119,164,141,164,141,173,119,173,ffffffffffaaeee,from,0.5600714087486267,0.2666167358557383,0.6058984994888306,/content/outputs/inference/answersheet/model_finetune_640_results/res_cc3ca9767e7b9c073d62c8b2d2374941_jpg_21.pkl
136,64,156,73,136,64,155,64,155,72,136,72,ffffffffftttttttttte,the,0.5664571523666382,0.2623383361846209,0.6392279155552387,/content/outputs/inference/answersheet/model_finetune_640_results/res_cc3ca9767e7b9c073d62c8b2d2374941_jpg_22.pkl
137,157,161,164,137,157,160,157,160,163,137,163,ffnaaaaaaaaaaaaaiannnnnnnheweeeeeee,the,0.56770259141922,0.22290814987250737,0.6769266948103905,/content/outputs/inference/answersheet/model_finetune_640_results/res_cc3ca9767e7b9c073d62c8b2d2374941_jpg_23.pkl
212,385,384,398,222,385,373,385,373,397,222,397,ifffeeawwwwwwereeee,come,0.5100927352905273,0.28405133125029114,0.3703299030661583,/content/outputs/inference/answersheet/model_finetune_640_results/res_cc3ca9767e7b9c073d62c8b2d2374941_jpg_24.pkl
