266,32,319,44,266,32,318,32,318,43,266,43,aeeea,from,0.8409879803657532,0.14001433849334716,0.4164849311113358,/content/outputs/inference/answersheet/model_finetune_640_results/res_4797c1da7e8a0beb5233e59d9a9be792_jpg_0.pkl
260,176,305,188,260,176,304,176,304,187,260,187,edfeeeeee,coffee,0.7480867505073547,0.3409951627254486,0.558816019977842,/content/outputs/inference/answersheet/model_finetune_640_results/res_4797c1da7e8a0beb5233e59d9a9be792_jpg_1.pkl
249,266,314,280,249,268,313,268,313,279,249,279,eopeaaaeee,from,0.6048864722251892,0.20507702752947807,0.518913397192955,/content/outputs/inference/answersheet/model_finetune_640_results/res_4797c1da7e8a0beb5233e59d9a9be792_jpg_2.pkl
330,165,363,178,330,165,362,165,362,177,330,177,aaaaapppae,from,0.7587571144104004,0.20588253811001778,0.6619183897972107,/content/outputs/inference/answersheet/model_finetune_640_results/res_4797c1da7e8a0beb5233e59d9a9be792_jpg_3.pkl
302,105,325,114,302,105,324,105,324,113,302,113,ddnnnnnn,come,0.6677276492118835,0.167630635201931,0.3619232356548309,/content/outputs/inference/answersheet/model_finetune_640_results/res_4797c1da7e8a0beb5233e59d9a9be792_jpg_4.pkl
104,20,163,31,107,20,160,20,160,30,107,30,aalleeeaaaaaafr,from,0.5381246209144592,0.14895651588837305,0.5814061164855957,/content/outputs/inference/answersheet/model_finetune_640_results/res_4797c1da7e8a0beb5233e59d9a9be792_jpg_5.pkl
269,102,329,115,272,102,324,102,324,113,272,113,ttode,from,0.5260793566703796,0.18421826958656312,0.5758428782224655,/content/outputs/inference/answersheet/model_finetune_640_results/res_4797c1da7e8a0beb5233e59d9a9be792_jpg_6.pkl
94,28,198,51,94,28,196,28,196,49,94,49,ggreeerteeiiite,breading,0.6901227235794067,0.1959029699365298,0.44464657455682755,/content/outputs/inference/answersheet/model_finetune_640_results/res_4797c1da7e8a0beb5233e59d9a9be792_jpg_7.pkl
168,266,212,278,168,266,211,266,211,277,168,277,nnnnnnaaaa,from,0.6040120124816895,0.10654207840561866,0.5207998663187027,/content/outputs/inference/answersheet/model_finetune_640_results/res_4797c1da7e8a0beb5233e59d9a9be792_jpg_8.pkl
211,138,233,149,211,138,232,138,232,148,211,148,ds,the,0.547920286655426,0.11805297061800957,0.5747074335813522,/content/outputs/inference/answersheet/model_finetune_640_results/res_4797c1da7e8a0beb5233e59d9a9be792_jpg_9.pkl
223,233,242,242,223,233,241,233,241,241,223,241,aadattsoee,and,0.6867767572402954,0.11638928055763245,0.6591035053133965,/content/outputs/inference/answersheet/model_finetune_640_results/res_4797c1da7e8a0beb5233e59d9a9be792_jpg_10.pkl
262,96,391,115,270,99,389,96,390,112,271,115,tdledeessffssa,compers,0.5421963334083557,0.16981030415211404,0.3465816807001829,/content/outputs/inference/answersheet/model_finetune_640_results/res_4797c1da7e8a0beb5233e59d9a9be792_jpg_11.pkl
139,77,161,88,139,77,160,77,160,87,139,87,f4ttthe,the,0.5553327202796936,0.2029273169381278,0.7293383553624153,/content/outputs/inference/answersheet/model_finetune_640_results/res_4797c1da7e8a0beb5233e59d9a9be792_jpg_12.pkl
314,78,334,87,314,78,333,78,333,86,314,86,ffeee,the,0.5730540156364441,0.24285116493701936,0.653454914689064,/content/outputs/inference/answersheet/model_finetune_640_results/res_4797c1da7e8a0beb5233e59d9a9be792_jpg_13.pkl
117,37,143,48,117,37,142,37,142,47,117,47,daleeeeee,the,0.6116359829902649,0.2754910248849127,0.3494403585791588,/content/outputs/inference/answersheet/model_finetune_640_results/res_4797c1da7e8a0beb5233e59d9a9be792_jpg_14.pkl
189,210,206,217,189,210,205,210,205,216,189,216,eeeeeeeeeeetetee,the,0.6106075048446655,0.2120413980446756,0.6832716688513756,/content/outputs/inference/answersheet/model_finetune_640_results/res_4797c1da7e8a0beb5233e59d9a9be792_jpg_15.pkl
209,222,227,230,209,222,226,222,226,229,209,229,eette,the,0.5276686549186707,0.19527049660682677,0.6248820200562477,/content/outputs/inference/answersheet/model_finetune_640_results/res_4797c1da7e8a0beb5233e59d9a9be792_jpg_16.pkl
330,88,350,97,330,88,349,88,349,96,330,96,iiihhhthhhhhheeeeeeeeeeee,the,0.6065583229064941,0.16479525685310364,0.7412735894322395,/content/outputs/inference/answersheet/model_finetune_640_results/res_4797c1da7e8a0beb5233e59d9a9be792_jpg_17.pkl
118,177,143,187,118,177,142,177,142,186,118,186,ee,from,0.5153247117996216,0.1293378844857216,0.5258880913257599,/content/outputs/inference/answersheet/model_finetune_640_results/res_4797c1da7e8a0beb5233e59d9a9be792_jpg_18.pkl
142,23,162,31,142,23,161,23,161,30,142,30,ttaaaaadaddaaaeeerrr,the,0.6471602916717529,0.16861071884632112,0.6390506029129028,/content/outputs/inference/answersheet/model_finetune_640_results/res_4797c1da7e8a0beb5233e59d9a9be792_jpg_19.pkl
94,37,151,50,94,37,150,37,150,49,94,49,tsseeeeetaaeeeeeeee,from,0.6850989460945129,0.3045263270798482,0.5915170952677726,/content/outputs/inference/answersheet/model_finetune_640_results/res_4797c1da7e8a0beb5233e59d9a9be792_jpg_20.pkl
93,36,205,60,94,31,205,41,203,60,93,49,graeeeeeeaaaiaalhe,breading,0.5078485608100891,0.15943031882246336,0.4785589426755905,/content/outputs/inference/answersheet/model_finetune_640_results/res_4797c1da7e8a0beb5233e59d9a9be792_jpg_21.pkl
139,25,201,58,143,26,203,35,199,59,140,50,eteeeeeitttttsees,the,0.5697816610336304,0.1632096973412177,0.46085949148982763,/content/outputs/inference/answersheet/model_finetune_640_results/res_4797c1da7e8a0beb5233e59d9a9be792_jpg_22.pkl
