183,138,234,151,183,138,232,138,232,149,183,149,toa,that,0.5622847676277161,0.09974467009305954,0.4872017316520214,/content/outputs/inference/answersheet/model_finetune_640_results/res_3c4d8170130d6dd918c8f04fc4d90e96_jpg_0.pkl
141,28,186,39,141,28,185,28,185,38,141,38,eeeeaie,school,0.6037871241569519,0.14861694191183364,0.3980460464954376,/content/outputs/inference/answersheet/model_finetune_640_results/res_3c4d8170130d6dd918c8f04fc4d90e96_jpg_1.pkl
52,25,97,39,54,25,96,25,96,38,54,38,aboiiiitoye,and,0.7290197014808655,0.30048113045367325,0.50307597219944,/content/outputs/inference/answersheet/model_finetune_640_results/res_3c4d8170130d6dd918c8f04fc4d90e96_jpg_2.pkl
302,296,371,308,302,296,370,296,370,307,302,307,lllloeeees,collect,0.7424749135971069,0.17919570431113244,0.45699224062263966,/content/outputs/inference/answersheet/model_finetune_640_results/res_3c4d8170130d6dd918c8f04fc4d90e96_jpg_3.pkl
270,64,291,75,270,64,288,64,288,74,270,74,od,from,0.5429936051368713,0.11502878740429878,0.6561328664422035,/content/outputs/inference/answersheet/model_finetune_640_results/res_3c4d8170130d6dd918c8f04fc4d90e96_jpg_4.pkl
172,158,219,171,174,158,218,158,218,170,174,170,tedyy,the,0.5182053446769714,0.22646981179714204,0.4459598772227764,/content/outputs/inference/answersheet/model_finetune_640_results/res_3c4d8170130d6dd918c8f04fc4d90e96_jpg_5.pkl
54,26,75,37,54,26,74,26,74,36,54,36,333353a55aa,and,0.6971932053565979,0.19634122062813153,0.5667848289012909,/content/outputs/inference/answersheet/model_finetune_640_results/res_3c4d8170130d6dd918c8f04fc4d90e96_jpg_6.pkl
90,27,186,40,90,27,185,27,185,39,90,39,eaee,breading,0.5559789538383484,0.2440287098288536,0.43133705688847435,/content/outputs/inference/answersheet/model_finetune_640_results/res_3c4d8170130d6dd918c8f04fc4d90e96_jpg_7.pkl
100,42,131,51,100,42,130,42,130,50,100,50,uuouoggdaatsooaoaeee,subject,0.7788991332054138,0.12204307429492474,0.43023392744362354,/content/outputs/inference/answersheet/model_finetune_640_results/res_3c4d8170130d6dd918c8f04fc4d90e96_jpg_8.pkl
321,52,345,61,321,52,344,52,344,60,321,60,aye,brice,0.7010307312011719,0.08341335256894429,0.3292740161220233,/content/outputs/inference/answersheet/model_finetune_640_results/res_3c4d8170130d6dd918c8f04fc4d90e96_jpg_9.pkl
202,40,226,50,202,40,225,40,225,49,202,49,ddllllleaaeee,but,0.5732261538505554,0.1294602035329892,0.2645985335111618,/content/outputs/inference/answersheet/model_finetune_640_results/res_3c4d8170130d6dd918c8f04fc4d90e96_jpg_10.pkl
187,171,218,183,187,171,217,171,217,182,187,182,ssattttteeteeeee,the,0.5444207191467285,0.38630501506850123,0.661000344902277,/content/outputs/inference/answersheet/model_finetune_640_results/res_3c4d8170130d6dd918c8f04fc4d90e96_jpg_11.pkl
169,217,192,228,169,217,191,217,191,227,169,227,poappetttttt,the,0.5029516816139221,0.3608522309611241,0.48530129436403513,/content/outputs/inference/answersheet/model_finetune_640_results/res_3c4d8170130d6dd918c8f04fc4d90e96_jpg_12.pkl
298,54,330,62,298,54,329,54,329,61,298,61,bgggaoo,breader,0.6570045351982117,0.13051546577896392,0.3830510564148426,/content/outputs/inference/answersheet/model_finetune_640_results/res_3c4d8170130d6dd918c8f04fc4d90e96_jpg_13.pkl
124,136,184,150,126,138,183,138,183,149,126,149,lleeateeeeee,coffee,0.5183354616165161,0.2756843815247218,0.4980244051132883,/content/outputs/inference/answersheet/model_finetune_640_results/res_3c4d8170130d6dd918c8f04fc4d90e96_jpg_14.pkl
237,30,260,39,237,30,259,30,259,38,237,38,tttttttttt,but,0.7885634899139404,0.4049704149365425,0.43623208068311214,/content/outputs/inference/answersheet/model_finetune_640_results/res_3c4d8170130d6dd918c8f04fc4d90e96_jpg_15.pkl
295,52,349,63,297,52,344,52,344,61,297,61,gooya,breads,0.5482139587402344,0.14382665306329728,0.3641114554234913,/content/outputs/inference/answersheet/model_finetune_640_results/res_3c4d8170130d6dd918c8f04fc4d90e96_jpg_16.pkl
172,52,199,63,172,52,198,52,198,60,172,60,faaadooosossaaa,come,0.5277284383773804,0.11380075812339782,0.3464843541383743,/content/outputs/inference/answersheet/model_finetune_640_results/res_3c4d8170130d6dd918c8f04fc4d90e96_jpg_17.pkl
198,51,224,60,198,51,223,51,223,59,198,59,yeeeoassss,conce,0.5631198883056641,0.09936030134558678,0.35167957842350006,/content/outputs/inference/answersheet/model_finetune_640_results/res_3c4d8170130d6dd918c8f04fc4d90e96_jpg_18.pkl
102,53,132,62,102,53,131,53,131,61,102,61,feoooooooooooooooaaaaayyyyyyyy,from,0.8100914359092712,0.20563487832744917,0.5482114553451538,/content/outputs/inference/answersheet/model_finetune_640_results/res_3c4d8170130d6dd918c8f04fc4d90e96_jpg_19.pkl
326,286,373,296,326,286,372,286,372,295,326,295,eeeeeaa,from,0.5594850778579712,0.12696026797805512,0.6405602693557739,/content/outputs/inference/answersheet/model_finetune_640_results/res_3c4d8170130d6dd918c8f04fc4d90e96_jpg_20.pkl
292,63,324,74,292,63,323,63,323,73,292,73,yyyyyeesoswwwwee,some,0.7044893503189087,0.15144019713625312,0.42134244441986085,/content/outputs/inference/answersheet/model_finetune_640_results/res_3c4d8170130d6dd918c8f04fc4d90e96_jpg_21.pkl
340,64,367,73,340,64,366,64,366,72,340,72,aaaaaaaaaattdhddhhhhhhh,and,0.5666301250457764,0.21197218285954517,0.5130604580044746,/content/outputs/inference/answersheet/model_finetune_640_results/res_3c4d8170130d6dd918c8f04fc4d90e96_jpg_22.pkl
102,27,139,38,102,27,138,27,138,37,102,37,saashhhe,from,0.7372233271598816,0.15789098478853703,0.6254932567477226,/content/outputs/inference/answersheet/model_finetune_640_results/res_3c4d8170130d6dd918c8f04fc4d90e96_jpg_23.pkl
197,29,224,39,197,29,223,29,223,38,197,38,sde,the,0.7562291622161865,0.17153261601924896,0.5604703593999147,/content/outputs/inference/answersheet/model_finetune_640_results/res_3c4d8170130d6dd918c8f04fc4d90e96_jpg_24.pkl
43,25,225,39,55,25,216,25,216,38,55,38,asioeeeee,brichers,0.5979201197624207,0.21596886797083747,0.45623333586586845,/content/outputs/inference/answersheet/model_finetune_640_results/res_3c4d8170130d6dd918c8f04fc4d90e96_jpg_25.pkl
