112,298,164,311,112,298,163,298,163,310,112,310,essssddltlffeeed,restark,0.6954342722892761,0.2600712995044887,0.4720187447965145,/content/outputs/inference/answersheet/model_finetune_640_results/res_73f1e975c2234ecaeed86d99e2020b2f_jpg_0.pkl
214,80,282,95,214,80,281,80,281,94,214,94,sgssssfgcff,restaffer,0.5425795912742615,0.16144840893420306,0.45735513269901273,/content/outputs/inference/answersheet/model_finetune_640_results/res_73f1e975c2234ecaeed86d99e2020b2f_jpg_1.pkl
131,322,154,331,131,322,153,322,153,330,131,330,sseosaaaaanaaaaaaaaaa,sale,0.5922048687934875,0.1268489807844162,0.5259237259626388,/content/outputs/inference/answersheet/model_finetune_640_results/res_73f1e975c2234ecaeed86d99e2020b2f_jpg_2.pkl
303,291,342,301,303,291,341,291,341,300,303,300,taaahhahdhaaeeeeaa,the,0.8753827214241028,0.17726440189613235,0.49521009996533394,/content/outputs/inference/answersheet/model_finetune_640_results/res_73f1e975c2234ecaeed86d99e2020b2f_jpg_3.pkl
101,167,131,179,101,167,130,167,130,178,101,178,tbbhhhhtaaaaaaaann,the,0.5768471360206604,0.16984962878955734,0.4881703294813633,/content/outputs/inference/answersheet/model_finetune_640_results/res_73f1e975c2234ecaeed86d99e2020b2f_jpg_4.pkl
213,166,238,175,213,166,237,166,237,174,213,174,yy,from,0.5129639506340027,0.13026000931859016,0.46998581737279893,/content/outputs/inference/answersheet/model_finetune_640_results/res_73f1e975c2234ecaeed86d99e2020b2f_jpg_5.pkl
341,336,374,346,341,336,373,336,373,345,341,345,lleeeeeeeaee,chaine,0.7312635183334351,0.17549935479958853,0.423457254256521,/content/outputs/inference/answersheet/model_finetune_640_results/res_73f1e975c2234ecaeed86d99e2020b2f_jpg_6.pkl
232,64,254,73,232,64,253,64,253,72,232,72,ttnee,the,0.6876257658004761,0.2229139193892479,0.6733594015240669,/content/outputs/inference/answersheet/model_finetune_640_results/res_73f1e975c2234ecaeed86d99e2020b2f_jpg_7.pkl
285,69,351,80,288,69,350,69,350,79,288,79,ftfeeeeaadttae,from,0.5699601173400879,0.13721098484737532,0.5752191990613937,/content/outputs/inference/answersheet/model_finetune_640_results/res_73f1e975c2234ecaeed86d99e2020b2f_jpg_8.pkl
268,61,292,73,268,61,291,61,291,72,268,72,fhhoooooofa,from,0.6280708312988281,0.1143397485668009,0.6176426529884338,/content/outputs/inference/answersheet/model_finetune_640_results/res_73f1e975c2234ecaeed86d99e2020b2f_jpg_9.pkl
260,58,361,72,267,58,360,58,360,71,267,71,fftoooaaoooofeete,from,0.5086268186569214,0.14281999451272628,0.5310302197933197,/content/outputs/inference/answersheet/model_finetune_640_results/res_73f1e975c2234ecaeed86d99e2020b2f_jpg_10.pkl
239,325,284,336,241,325,283,325,283,335,241,335,tnsseeeeeeeeeeee,the,0.7737058401107788,0.25744933309033513,0.5149650759994984,/content/outputs/inference/answersheet/model_finetune_640_results/res_73f1e975c2234ecaeed86d99e2020b2f_jpg_11.pkl
160,165,190,176,160,165,189,165,189,175,160,175,ppbbbfaeaaaaaaddtdddddddddddde,from,0.5557499527931213,0.14338927293817202,0.6036570549011231,/content/outputs/inference/answersheet/model_finetune_640_results/res_73f1e975c2234ecaeed86d99e2020b2f_jpg_12.pkl
267,314,288,324,267,314,287,314,287,323,267,323,fneeeeeeeeeeeeerfffrfffftt,the,0.7301481366157532,0.19811431862987006,0.6882790848612785,/content/outputs/inference/answersheet/model_finetune_640_results/res_73f1e975c2234ecaeed86d99e2020b2f_jpg_13.pkl
294,347,320,358,294,347,319,347,319,357,294,357,ffffaaiiieettteee,from,0.5708091855049133,0.21591463947997375,0.6832879781723022,/content/outputs/inference/answersheet/model_finetune_640_results/res_73f1e975c2234ecaeed86d99e2020b2f_jpg_14.pkl
242,324,268,334,242,324,267,324,267,333,242,333,th,the,0.617949366569519,0.092488594353199,0.5652792640030384,/content/outputs/inference/answersheet/model_finetune_640_results/res_73f1e975c2234ecaeed86d99e2020b2f_jpg_15.pkl
234,69,253,78,234,69,252,69,252,77,234,77,iitaaaaaaannnnnnnnnnnnnnnnnnnyvvvvvv,any,0.6441985368728638,0.2378405574709177,0.5533155333250761,/content/outputs/inference/answersheet/model_finetune_640_results/res_73f1e975c2234ecaeed86d99e2020b2f_jpg_16.pkl
270,347,296,359,270,347,295,347,295,358,270,358,ffseaaaaaafaaaefffeeffefffffffff,from,0.5544593930244446,0.221609195927158,0.588324497640133,/content/outputs/inference/answersheet/model_finetune_640_results/res_73f1e975c2234ecaeed86d99e2020b2f_jpg_17.pkl
202,119,226,128,202,119,225,119,225,127,202,127,fta,the,0.6238582134246826,0.10678377995888393,0.5387844182550907,/content/outputs/inference/answersheet/model_finetune_640_results/res_73f1e975c2234ecaeed86d99e2020b2f_jpg_18.pkl
129,312,153,320,129,312,152,312,152,319,129,319,faffaaaagggagaoaseeeeeeaeeewwwwwwyywwyyy,come,0.5656071305274963,0.14524694979190828,0.2945986032485962,/content/outputs/inference/answersheet/model_finetune_640_results/res_73f1e975c2234ecaeed86d99e2020b2f_jpg_19.pkl
149,329,197,342,149,329,196,329,196,341,149,341,ffeagggyyrrrryy,from,0.5220171809196472,0.16484333624442418,0.5945180356502533,/content/outputs/inference/answersheet/model_finetune_640_results/res_73f1e975c2234ecaeed86d99e2020b2f_jpg_20.pkl
188,295,221,307,188,295,220,295,220,306,188,306,ltgddieseeseeeeee,taking,0.6940961480140686,0.17320803333731258,0.483093370284353,/content/outputs/inference/answersheet/model_finetune_640_results/res_73f1e975c2234ecaeed86d99e2020b2f_jpg_21.pkl
126,178,173,190,126,178,172,178,172,189,126,189,tllhhhhhttta,from,0.5619061589241028,0.1600227461506923,0.5539531677961349,/content/outputs/inference/answersheet/model_finetune_640_results/res_73f1e975c2234ecaeed86d99e2020b2f_jpg_22.pkl
268,59,319,72,268,59,318,59,318,71,268,71,ffees,from,0.6605411767959595,0.2901636376976967,0.544624638557434,/content/outputs/inference/answersheet/model_finetune_640_results/res_73f1e975c2234ecaeed86d99e2020b2f_jpg_23.pkl
128,200,150,209,128,200,149,200,149,208,128,208,ttttytttttytppptddd,the,0.5338858366012573,0.2755148520595149,0.5034802816808224,/content/outputs/inference/answersheet/model_finetune_640_results/res_73f1e975c2234ecaeed86d99e2020b2f_jpg_24.pkl
177,23,338,41,185,23,337,23,337,40,185,40,rosdeeeeeeeedfnrieess,reperberber,0.710658073425293,0.2631039729430562,0.5360388855139414,/content/outputs/inference/answersheet/model_finetune_640_results/res_73f1e975c2234ecaeed86d99e2020b2f_jpg_25.pkl
