35,258,71,273,35,258,70,258,70,272,35,272,raarrrre,are,0.9118792414665222,0.36546092480421066,0.8047332018613815,/content/outputs/inference/answersheet/model_finetune_640_results/res_b1187b42b1639552b410344b9aa088da_jpg_0.pkl
42,211,100,230,41,212,98,210,99,226,42,230,ggaaffffrakkkkka,from,0.5725713968276978,0.185029576998204,0.5880545377731323,/content/outputs/inference/answersheet/model_finetune_640_results/res_b1187b42b1639552b410344b9aa088da_jpg_1.pkl
65,197,84,208,65,197,83,197,83,207,65,207,fffffffffffoaesaeaoeaeeo,for,0.8284434676170349,0.35267333779484034,0.5314510464668274,/content/outputs/inference/answersheet/model_finetune_640_results/res_b1187b42b1639552b410344b9aa088da_jpg_2.pkl
48,136,87,153,50,138,86,138,86,152,50,152,lttte,the,0.8200494647026062,0.2283682942390442,0.6601502224802971,/content/outputs/inference/answersheet/model_finetune_640_results/res_b1187b42b1639552b410344b9aa088da_jpg_3.pkl
270,3,311,15,270,3,310,3,310,14,270,14,aattttittttoddo,and,0.6666077375411987,0.34672632813453674,0.5253324061632156,/content/outputs/inference/answersheet/model_finetune_640_results/res_b1187b42b1639552b410344b9aa088da_jpg_4.pkl
79,174,123,189,79,174,122,174,122,188,79,188,gyaaaaee,grafe,0.748970627784729,0.24956681951880455,0.39831684281428653,/content/outputs/inference/answersheet/model_finetune_640_results/res_b1187b42b1639552b410344b9aa088da_jpg_5.pkl
249,336,271,348,249,336,270,336,270,347,249,347,gfrriposssss,go,0.6935141086578369,0.17112693997720876,0.4940789043903351,/content/outputs/inference/answersheet/model_finetune_640_results/res_b1187b42b1639552b410344b9aa088da_jpg_6.pkl
66,3,107,16,66,3,106,3,106,15,66,15,ttnntttttttte,the,0.5106783509254456,0.29466699063777924,0.7067277804017067,/content/outputs/inference/answersheet/model_finetune_640_results/res_b1187b42b1639552b410344b9aa088da_jpg_7.pkl
78,92,101,104,78,92,100,92,100,103,78,103,ffffesssyyy,for,0.5595687627792358,0.2295085300098766,0.5495905093848705,/content/outputs/inference/answersheet/model_finetune_640_results/res_b1187b42b1639552b410344b9aa088da_jpg_8.pkl
213,258,255,272,215,260,254,260,254,271,215,271,atttllpe,the,0.586911678314209,0.16600755415856838,0.5198555327951908,/content/outputs/inference/answersheet/model_finetune_640_results/res_b1187b42b1639552b410344b9aa088da_jpg_9.pkl
50,334,95,352,50,339,93,334,95,347,52,353,seeeaee,come,0.6426084637641907,0.23955405609948294,0.4139459699392319,/content/outputs/inference/answersheet/model_finetune_640_results/res_b1187b42b1639552b410344b9aa088da_jpg_10.pkl
126,176,148,188,126,176,147,176,147,187,126,187,poaeos,can,0.7415338754653931,0.13048082093397775,0.3651851937174797,/content/outputs/inference/answersheet/model_finetune_640_results/res_b1187b42b1639552b410344b9aa088da_jpg_11.pkl
230,136,267,153,230,138,266,138,266,152,230,152,41l1tiieo,10,0.7483223080635071,0.2192388888862398,0.3266715755065282,/content/outputs/inference/answersheet/model_finetune_640_results/res_b1187b42b1639552b410344b9aa088da_jpg_12.pkl
100,159,121,168,100,159,120,159,120,167,100,167,fttttttttttteeeeeeepoooo,the,0.7943799495697021,0.18199013701329628,0.6085486933588982,/content/outputs/inference/answersheet/model_finetune_640_results/res_b1187b42b1639552b410344b9aa088da_jpg_13.pkl
300,47,326,59,300,47,325,47,325,58,300,58,ttgdttftttttteeo,the,0.5090711712837219,0.2718250625766814,0.5009880494326353,/content/outputs/inference/answersheet/model_finetune_640_results/res_b1187b42b1639552b410344b9aa088da_jpg_14.pkl
265,96,283,105,265,96,282,96,282,104,265,104,kkkk6kkssssseccceeoooooo99ee,for,0.7420012950897217,0.13389749186379568,0.6704011708498001,/content/outputs/inference/answersheet/model_finetune_640_results/res_b1187b42b1639552b410344b9aa088da_jpg_15.pkl
42,214,75,233,42,214,74,214,74,232,42,232,kgoaaa,from,0.5872623324394226,0.20830287411808968,0.5684817135334015,/content/outputs/inference/answersheet/model_finetune_640_results/res_b1187b42b1639552b410344b9aa088da_jpg_16.pkl
271,314,294,327,271,314,293,314,293,326,271,326,egahpa,can,0.5616265535354614,0.1079422930876414,0.3157900273799896,/content/outputs/inference/answersheet/model_finetune_640_results/res_b1187b42b1639552b410344b9aa088da_jpg_17.pkl
52,340,75,351,52,340,74,340,74,350,52,350,sssssaanhppp,can,0.5955783724784851,0.14544444220761457,0.3527178093791008,/content/outputs/inference/answersheet/model_finetune_640_results/res_b1187b42b1639552b410344b9aa088da_jpg_18.pkl
334,195,355,204,334,195,354,195,354,203,334,203,tttdaah,the,0.6502079367637634,0.17938305544001715,0.6775268912315369,/content/outputs/inference/answersheet/model_finetune_640_results/res_b1187b42b1639552b410344b9aa088da_jpg_19.pkl
340,223,372,239,340,223,371,223,371,238,340,238,yyyffgeeeeaayyyyyyy,from,0.6231975555419922,0.3906804001645038,0.6115887314081192,/content/outputs/inference/answersheet/model_finetune_640_results/res_b1187b42b1639552b410344b9aa088da_jpg_20.pkl
119,47,145,58,119,47,144,47,144,57,119,57,fttttttttteeeed,from,0.7171944975852966,0.20577114621798198,0.5569463834166527,/content/outputs/inference/answersheet/model_finetune_640_results/res_b1187b42b1639552b410344b9aa088da_jpg_21.pkl
258,229,278,240,258,229,277,229,277,239,258,239,ggggssssoooooooooo,go,0.6512151956558228,0.28058939675490063,0.5014169116814932,/content/outputs/inference/answersheet/model_finetune_640_results/res_b1187b42b1639552b410344b9aa088da_jpg_22.pkl
296,291,318,303,296,291,317,291,317,302,296,302,faooooddddddd,from,0.8453295230865479,0.18933301934829125,0.629314735531807,/content/outputs/inference/answersheet/model_finetune_640_results/res_b1187b42b1639552b410344b9aa088da_jpg_23.pkl
361,212,381,222,361,212,378,212,378,221,361,221,odlly,only,0.6532411575317383,0.11404958367347717,0.5722377508878708,/content/outputs/inference/answersheet/model_finetune_640_results/res_b1187b42b1639552b410344b9aa088da_jpg_24.pkl
138,315,161,326,138,315,160,315,160,325,138,325,toyyy,from,0.6571647524833679,0.13775164783000945,0.6567041292786598,/content/outputs/inference/answersheet/model_finetune_640_results/res_b1187b42b1639552b410344b9aa088da_jpg_25.pkl
81,177,106,189,81,177,105,177,105,188,81,188,gyyyyyyy,gour,0.6802898645401001,0.5823212154209614,0.39520924985408784,/content/outputs/inference/answersheet/model_finetune_640_results/res_b1187b42b1639552b410344b9aa088da_jpg_26.pkl
301,178,325,191,301,178,324,178,324,190,301,190,ffftnnnnoodddddddoo,for,0.6645908355712891,0.2504346441281469,0.5588006302714348,/content/outputs/inference/answersheet/model_finetune_640_results/res_b1187b42b1639552b410344b9aa088da_jpg_27.pkl
