189,115,245,127,189,115,244,115,244,126,189,126,dhmd,come,0.6058338284492493,0.1451534479856491,0.3121260106563568,/content/outputs/inference/answersheet/model_finetune_640_results/res_DM21319_pdf_5_jpg_0.pkl
91,356,149,368,91,356,147,356,147,366,91,366,faaeeee,from,0.5542283654212952,0.361590607890061,0.5417729794979096,/content/outputs/inference/answersheet/model_finetune_640_results/res_DM21319_pdf_5_jpg_1.pkl
338,357,390,369,340,357,389,357,389,368,340,368,ett,can,0.5041272044181824,0.19549109786748886,0.2817305475473404,/content/outputs/inference/answersheet/model_finetune_640_results/res_DM21319_pdf_5_jpg_2.pkl
103,328,153,340,103,328,152,328,152,339,103,339,aeheeee,spe,0.598856508731842,0.24369679072073527,0.3891647979617119,/content/outputs/inference/answersheet/model_finetune_640_results/res_DM21319_pdf_5_jpg_3.pkl
176,257,225,267,176,257,224,257,224,266,176,266,tesdedeeaf,restarde,0.5300689935684204,0.10108082517981529,0.42497994336817,/content/outputs/inference/answersheet/model_finetune_640_results/res_DM21319_pdf_5_jpg_4.pkl
102,307,164,317,102,307,163,307,163,316,102,316,ae,from,0.6272315382957458,0.17018190026283264,0.4987181931734085,/content/outputs/inference/answersheet/model_finetune_640_results/res_DM21319_pdf_5_jpg_5.pkl
284,132,338,146,284,132,337,132,337,145,284,145,ffaeeeeeeee,from,0.5550056099891663,0.23295606537298721,0.5186650708317757,/content/outputs/inference/answersheet/model_finetune_640_results/res_DM21319_pdf_5_jpg_6.pkl
107,127,145,138,107,127,144,127,144,137,107,137,ssssssseapppeeee,sale,0.5808154344558716,0.32624770468100905,0.6050140559673309,/content/outputs/inference/answersheet/model_finetune_640_results/res_DM21319_pdf_5_jpg_7.pkl
215,377,290,390,215,377,288,377,288,388,215,388,aafppeeeeeee,sale,0.5115914940834045,0.1912729280690352,0.5009430050849915,/content/outputs/inference/answersheet/model_finetune_640_results/res_DM21319_pdf_5_jpg_8.pkl
159,379,184,389,159,379,183,379,183,388,159,388,eeeee,sale,0.5960466265678406,0.3908708691596985,0.4710089281201363,/content/outputs/inference/answersheet/model_finetune_640_results/res_DM21319_pdf_5_jpg_9.pkl
