261,211,309,222,261,211,308,211,308,221,261,221,eaaaaeeed,sale,0.767791211605072,0.32268449829684365,0.4857815086841583,/content/outputs/inference/answersheet/model_finetune_640_results/res_5fcf496cf2ea7cfa58a93f10896d27ee_jpg_0.pkl
189,124,234,136,189,124,232,124,232,134,189,134,artteeeeee,that,0.7122701406478882,0.44061260372400285,0.4808979108929634,/content/outputs/inference/answersheet/model_finetune_640_results/res_5fcf496cf2ea7cfa58a93f10896d27ee_jpg_1.pkl
249,35,291,45,249,35,288,35,288,44,249,44,ett,from,0.5965598225593567,0.2704021632671356,0.6025689244270325,/content/outputs/inference/answersheet/model_finetune_640_results/res_5fcf496cf2ea7cfa58a93f10896d27ee_jpg_2.pkl
221,80,278,91,221,80,276,80,276,89,221,89,yaeaaettt,some,0.8421552181243896,0.2301055822107527,0.36151076257228854,/content/outputs/inference/answersheet/model_finetune_640_results/res_5fcf496cf2ea7cfa58a93f10896d27ee_jpg_3.pkl
222,90,280,102,222,90,279,90,279,101,222,101,aaapfsaaaaaaat,from,0.6849911212921143,0.17057144588657788,0.5245143443346023,/content/outputs/inference/answersheet/model_finetune_640_results/res_5fcf496cf2ea7cfa58a93f10896d27ee_jpg_4.pkl
137,126,186,138,137,126,185,126,185,137,137,137,mttttatte,from,0.5618687868118286,0.13577274481455484,0.5945679545402527,/content/outputs/inference/answersheet/model_finetune_640_results/res_5fcf496cf2ea7cfa58a93f10896d27ee_jpg_5.pkl
165,49,207,61,165,49,206,49,206,60,165,60,eeeeetsetaaaa,from,0.5543289184570312,0.17346703031888375,0.4935710698366165,/content/outputs/inference/answersheet/model_finetune_640_results/res_5fcf496cf2ea7cfa58a93f10896d27ee_jpg_6.pkl
251,296,306,313,251,296,305,296,305,312,251,312,eeeetttttttarneyee,the,0.567244291305542,0.21798226527041858,0.3590440358966589,/content/outputs/inference/answersheet/model_finetune_640_results/res_5fcf496cf2ea7cfa58a93f10896d27ee_jpg_7.pkl
191,156,280,169,191,156,279,156,279,168,191,168,ddeceaaes,coffee,0.5931382775306702,0.17652055786715615,0.5256582285676684,/content/outputs/inference/answersheet/model_finetune_640_results/res_5fcf496cf2ea7cfa58a93f10896d27ee_jpg_8.pkl
284,288,341,300,284,288,340,288,340,299,284,299,fstseeeaeaeeduyyu,from,0.7531388998031616,0.13524512245374568,0.6292961150407791,/content/outputs/inference/answersheet/model_finetune_640_results/res_5fcf496cf2ea7cfa58a93f10896d27ee_jpg_9.pkl
323,33,347,42,323,33,346,33,346,41,323,41,aatltttitittttooo,to,0.678534984588623,0.21126466288286097,0.49597983558972675,/content/outputs/inference/answersheet/model_finetune_640_results/res_5fcf496cf2ea7cfa58a93f10896d27ee_jpg_10.pkl
223,200,261,212,225,200,260,200,260,211,225,211,snaey,sale,0.6082715392112732,0.20299875736236572,0.5254243016242981,/content/outputs/inference/answersheet/model_finetune_640_results/res_5fcf496cf2ea7cfa58a93f10896d27ee_jpg_11.pkl
143,83,197,96,143,83,195,83,195,94,143,94,sseoadeeee,sender,0.6247420310974121,0.15009204000234605,0.6321803437811988,/content/outputs/inference/answersheet/model_finetune_640_results/res_5fcf496cf2ea7cfa58a93f10896d27ee_jpg_12.pkl
125,163,145,171,125,163,144,163,144,170,125,170,setttttteee,the,0.5058814883232117,0.2615722837773236,0.6723978035151958,/content/outputs/inference/answersheet/model_finetune_640_results/res_5fcf496cf2ea7cfa58a93f10896d27ee_jpg_13.pkl
179,193,201,202,179,193,200,193,200,201,179,201,ddddhdaaaaaaaaaa,date,0.5283193588256836,0.08739807829260826,0.47770778834819794,/content/outputs/inference/answersheet/model_finetune_640_results/res_5fcf496cf2ea7cfa58a93f10896d27ee_jpg_14.pkl
269,266,295,277,269,266,294,266,294,276,269,276,taaaaaaaahrhhrhhhhhttttto,the,0.7124961614608765,0.1782418420910835,0.6888022050261497,/content/outputs/inference/answersheet/model_finetune_640_results/res_5fcf496cf2ea7cfa58a93f10896d27ee_jpg_15.pkl
85,83,123,97,85,83,122,83,122,96,85,96,attaaaaaaaasee,and,0.5502304434776306,0.19554333495242254,0.564188152551651,/content/outputs/inference/answersheet/model_finetune_640_results/res_5fcf496cf2ea7cfa58a93f10896d27ee_jpg_16.pkl
140,90,202,104,140,90,200,90,200,102,140,102,essyysssysysfeeeeeeeeeaaaaaaaaannilieyeeee,sender,0.6325432658195496,0.1960269015814577,0.6115736152444567,/content/outputs/inference/answersheet/model_finetune_640_results/res_5fcf496cf2ea7cfa58a93f10896d27ee_jpg_17.pkl
