172,230,191,239,172,230,190,230,190,238,172,238,fooooooooooododnddene,for,0.6987459659576416,0.15745846465939567,0.6829235777258873,/content/outputs/inference/answersheet/model_finetune_640_results/res_d84cdf8896ed654613589c9af445f383_jpg_0.pkl
295,314,355,324,295,314,354,314,354,323,295,323,phheeaagggade,price,0.640823245048523,0.16432400391652033,0.352719450990359,/content/outputs/inference/answersheet/model_finetune_640_results/res_d84cdf8896ed654613589c9af445f383_jpg_1.pkl
298,321,350,333,302,321,348,321,348,331,302,331,ggaggee,sender,0.6087620258331299,0.14694677080426896,0.5150839622531619,/content/outputs/inference/answersheet/model_finetune_640_results/res_d84cdf8896ed654613589c9af445f383_jpg_2.pkl
193,373,210,382,193,373,209,373,209,381,193,381,ttttttttetteettetot,to,0.617775022983551,0.30049147809806626,0.6275107065836588,/content/outputs/inference/answersheet/model_finetune_640_results/res_d84cdf8896ed654613589c9af445f383_jpg_3.pkl
200,162,251,174,200,162,250,162,250,173,200,173,rrrrooayyyynyytted,cantery,0.5886114239692688,0.17980913445353508,0.43072440288960934,/content/outputs/inference/answersheet/model_finetune_640_results/res_d84cdf8896ed654613589c9af445f383_jpg_4.pkl
154,27,205,40,154,27,204,27,204,39,154,39,aaateeetssssae,sale,0.5031993389129639,0.15439031752092497,0.47729108929634095,/content/outputs/inference/answersheet/model_finetune_640_results/res_d84cdf8896ed654613589c9af445f383_jpg_5.pkl
133,329,167,337,133,329,166,329,166,336,133,336,ththhhihhaaaaaaaallleeeeerereee,the,0.5467790961265564,0.13750523737361353,0.3622630164027214,/content/outputs/inference/answersheet/model_finetune_640_results/res_d84cdf8896ed654613589c9af445f383_jpg_6.pkl
76,339,97,351,76,339,96,339,96,350,76,350,hhhnhnnnnnnuaee,the,0.638715386390686,0.18313387582699459,0.4740269724279642,/content/outputs/inference/answersheet/model_finetune_640_results/res_d84cdf8896ed654613589c9af445f383_jpg_7.pkl
75,309,104,318,75,309,103,309,103,317,75,317,fe,from,0.6378663182258606,0.1001763604581356,0.5780506014823914,/content/outputs/inference/answersheet/model_finetune_640_results/res_d84cdf8896ed654613589c9af445f383_jpg_8.pkl
193,340,217,350,193,340,216,340,216,349,193,349,ffddddddddddddddddsd,from,0.5915789008140564,0.19013321697711943,0.656539011001587,/content/outputs/inference/answersheet/model_finetune_640_results/res_d84cdf8896ed654613589c9af445f383_jpg_9.pkl
3,3,53,13,3,3,52,3,52,12,3,12,eeeeeeeeeeasseesssssssettteeeeeeeeeeeee,sale,0.6220564842224121,0.3146878148500736,0.5717728585004807,/content/outputs/inference/answersheet/model_finetune_640_results/res_d84cdf8896ed654613589c9af445f383_jpg_10.pkl
194,347,217,355,194,347,216,347,216,354,194,354,tftttddadgaooaaaaaaaaaaaaaaaeee,from,0.6123309135437012,0.14936151163231942,0.658539704978466,/content/outputs/inference/answersheet/model_finetune_640_results/res_d84cdf8896ed654613589c9af445f383_jpg_11.pkl
264,336,303,347,264,336,302,336,302,346,264,346,ydgaaart,ander,0.521098256111145,0.170790771022439,0.39627298961083096,/content/outputs/inference/answersheet/model_finetune_640_results/res_d84cdf8896ed654613589c9af445f383_jpg_12.pkl
143,161,197,174,145,161,196,161,196,173,145,173,shtaasssybbaa,the,0.5703343152999878,0.16075508640362665,0.42462093383073807,/content/outputs/inference/answersheet/model_finetune_640_results/res_d84cdf8896ed654613589c9af445f383_jpg_13.pkl
78,373,106,383,78,373,105,373,105,382,78,382,aaattttttanare,the,0.5353913903236389,0.21950226756078856,0.3470007460564375,/content/outputs/inference/answersheet/model_finetune_640_results/res_d84cdf8896ed654613589c9af445f383_jpg_14.pkl
193,337,217,346,193,337,216,337,216,345,193,345,fddddddddddfdddde,from,0.552091658115387,0.1730250054422547,0.6426763623952866,/content/outputs/inference/answersheet/model_finetune_640_results/res_d84cdf8896ed654613589c9af445f383_jpg_15.pkl
215,61,227,69,215,61,226,61,226,68,215,68,iittttod,to,0.7509044408798218,0.23803121782839298,0.7063563366731008,/content/outputs/inference/answersheet/model_finetune_640_results/res_d84cdf8896ed654613589c9af445f383_jpg_16.pkl
209,151,221,158,209,151,220,151,220,157,209,157,nttttttdduttddtdddddddddddrre,the,0.505998969078064,0.1626898797935453,0.6781265214085579,/content/outputs/inference/answersheet/model_finetune_640_results/res_d84cdf8896ed654613589c9af445f383_jpg_17.pkl
176,317,207,327,176,317,206,317,206,326,176,326,eeeeae,the,0.5774845480918884,0.15892072270313898,0.41459199227392673,/content/outputs/inference/answersheet/model_finetune_640_results/res_d84cdf8896ed654613589c9af445f383_jpg_18.pkl
241,317,270,327,241,317,269,317,269,326,241,326,taaahaeeeeeettt,date,0.5545964241027832,0.13371744900941848,0.46496974527835844,/content/outputs/inference/answersheet/model_finetune_640_results/res_d84cdf8896ed654613589c9af445f383_jpg_19.pkl
