201,49,247,66,204,51,246,51,246,65,204,65,yyayyrgddd,for,0.730583131313324,0.2300988495349884,0.5805854834616184,/content/outputs/inference/answersheet/model_finetune_640_results/res_7ecd20b186c53f63b385dd3d910944b1_jpg_0.pkl
98,96,160,112,98,96,159,96,159,111,98,111,taikklee,tate,0.7182247638702393,0.2564120665192604,0.5456344842910766,/content/outputs/inference/answersheet/model_finetune_640_results/res_7ecd20b186c53f63b385dd3d910944b1_jpg_1.pkl
282,306,343,319,282,306,340,306,340,318,282,318,aarr,subject,0.6361538767814636,0.14210172556340694,0.42139541544020176,/content/outputs/inference/answersheet/model_finetune_640_results/res_7ecd20b186c53f63b385dd3d910944b1_jpg_2.pkl
291,119,351,131,291,119,350,119,350,130,291,130,feeeaaatde,some,0.7256653904914856,0.23725410178303719,0.40821405947208406,/content/outputs/inference/answersheet/model_finetune_640_results/res_7ecd20b186c53f63b385dd3d910944b1_jpg_3.pkl
175,140,228,154,178,140,227,140,227,153,178,153,lette,light,0.7301380634307861,0.20734450221061707,0.5912167777617773,/content/outputs/inference/answersheet/model_finetune_640_results/res_7ecd20b186c53f63b385dd3d910944b1_jpg_4.pkl
194,227,244,240,196,227,241,227,241,239,196,239,goooooee,come,0.8125582933425903,0.19800466671586037,0.43330454230308535,/content/outputs/inference/answersheet/model_finetune_640_results/res_7ecd20b186c53f63b385dd3d910944b1_jpg_5.pkl
271,97,333,107,271,97,328,97,328,106,271,106,faaesda,the,0.6949222087860107,0.16112650398697173,0.4718154426664114,/content/outputs/inference/answersheet/model_finetune_640_results/res_7ecd20b186c53f63b385dd3d910944b1_jpg_6.pkl
240,252,260,262,240,252,259,252,259,261,240,261,4444440009d99dddyy,to,0.6993929743766785,0.26432448335819775,0.6293898522853851,/content/outputs/inference/answersheet/model_finetune_640_results/res_7ecd20b186c53f63b385dd3d910944b1_jpg_7.pkl
144,41,206,56,144,41,205,41,205,55,144,55,alesee,from,0.5110334753990173,0.2484261728823185,0.4673239529132843,/content/outputs/inference/answersheet/model_finetune_640_results/res_7ecd20b186c53f63b385dd3d910944b1_jpg_8.pkl
163,96,185,108,163,96,184,96,184,107,163,107,fttttrtttf,for,0.8681333065032959,0.3172149956226349,0.7553655803203583,/content/outputs/inference/answersheet/model_finetune_640_results/res_7ecd20b186c53f63b385dd3d910944b1_jpg_9.pkl
101,306,149,321,101,306,148,306,148,320,101,320,bso,streater,0.5821760892868042,0.15606211870908737,0.4279753449890349,/content/outputs/inference/answersheet/model_finetune_640_results/res_7ecd20b186c53f63b385dd3d910944b1_jpg_10.pkl
95,42,134,55,95,42,133,42,133,54,95,54,sssee,the,0.8219970464706421,0.21861048340797423,0.6181457005441189,/content/outputs/inference/answersheet/model_finetune_640_results/res_7ecd20b186c53f63b385dd3d910944b1_jpg_11.pkl
192,361,271,374,196,361,270,361,270,373,196,373,eeyafoed,coffeet,0.613423764705658,0.23051624931395054,0.6245382912456989,/content/outputs/inference/answersheet/model_finetune_640_results/res_7ecd20b186c53f63b385dd3d910944b1_jpg_12.pkl
133,19,168,32,133,19,167,19,167,31,133,31,nehhhhhpee,the,0.6216901540756226,0.24711893126368523,0.7613570615649223,/content/outputs/inference/answersheet/model_finetune_640_results/res_7ecd20b186c53f63b385dd3d910944b1_jpg_13.pkl
44,8,108,24,44,8,107,8,107,23,44,23,eourddles,courder,0.5417646765708923,0.26419154306252796,0.49889066256582737,/content/outputs/inference/answersheet/model_finetune_640_results/res_7ecd20b186c53f63b385dd3d910944b1_jpg_14.pkl
216,186,236,197,216,186,235,186,235,196,216,196,gggggggggggggdddd,off,0.5550832152366638,0.2858893104335841,0.5807306468486786,/content/outputs/inference/answersheet/model_finetune_640_results/res_7ecd20b186c53f63b385dd3d910944b1_jpg_15.pkl
220,117,274,131,220,117,272,117,272,129,220,129,fffaaaaattee,from,0.6457067728042603,0.26773094820479554,0.4915615379810333,/content/outputs/inference/answersheet/model_finetune_640_results/res_7ecd20b186c53f63b385dd3d910944b1_jpg_16.pkl
271,230,284,238,271,230,283,230,283,237,271,237,11ttyyyy,to,0.7292543649673462,0.1699838088825345,0.6181756456693014,/content/outputs/inference/answersheet/model_finetune_640_results/res_7ecd20b186c53f63b385dd3d910944b1_jpg_17.pkl
239,98,294,108,241,98,293,98,293,107,241,107,eheeeeeeeftaeeeeee,from,0.5881659388542175,0.2373691217766868,0.5674538552761078,/content/outputs/inference/answersheet/model_finetune_640_results/res_7ecd20b186c53f63b385dd3d910944b1_jpg_18.pkl
247,207,268,217,247,207,267,207,267,216,247,216,tle,for,0.8100908398628235,0.12799441814422607,0.6571704931557178,/content/outputs/inference/answersheet/model_finetune_640_results/res_7ecd20b186c53f63b385dd3d910944b1_jpg_19.pkl
99,139,177,154,99,139,176,139,176,153,99,153,sutteseteee,subject,0.5227232575416565,0.24355016513304276,0.49957934115082026,/content/outputs/inference/answersheet/model_finetune_640_results/res_7ecd20b186c53f63b385dd3d910944b1_jpg_20.pkl
251,363,269,372,251,363,268,363,268,371,251,371,tteeeteee,the,0.7754679918289185,0.2851195815536711,0.7152282446622849,/content/outputs/inference/answersheet/model_finetune_640_results/res_7ecd20b186c53f63b385dd3d910944b1_jpg_21.pkl
236,341,256,350,236,341,255,341,255,349,236,349,tttteo,the,0.8912460207939148,0.23806472619374594,0.7051926851272583,/content/outputs/inference/answersheet/model_finetune_640_results/res_7ecd20b186c53f63b385dd3d910944b1_jpg_22.pkl
199,99,228,110,199,99,227,99,227,109,199,109,sasyry,the,0.8031254410743713,0.1598865712682406,0.5175273604691029,/content/outputs/inference/answersheet/model_finetune_640_results/res_7ecd20b186c53f63b385dd3d910944b1_jpg_23.pkl
112,295,146,306,112,295,145,295,145,305,112,305,aaaaadahhh,the,0.573616087436676,0.2732208125293255,0.6514286212623119,/content/outputs/inference/answersheet/model_finetune_640_results/res_7ecd20b186c53f63b385dd3d910944b1_jpg_24.pkl
207,253,224,262,207,253,223,253,223,261,207,261,f4gg99,for,0.6847641468048096,0.16703504448135695,0.7187337093055248,/content/outputs/inference/answersheet/model_finetune_640_results/res_7ecd20b186c53f63b385dd3d910944b1_jpg_25.pkl
212,318,236,327,212,318,235,318,235,326,212,326,ffffffkdosssssssy,from,0.5544899106025696,0.26175163993064093,0.6197690039873123,/content/outputs/inference/answersheet/model_finetune_640_results/res_7ecd20b186c53f63b385dd3d910944b1_jpg_26.pkl
187,341,204,350,187,341,203,341,203,349,187,349,ooooyyyyyyyyy,for,0.7379693388938904,0.20160141014135802,0.8610178381204605,/content/outputs/inference/answersheet/model_finetune_640_results/res_7ecd20b186c53f63b385dd3d910944b1_jpg_27.pkl
176,276,197,287,176,276,196,276,196,286,176,286,4444444444ddd077nn,40,0.6084592938423157,0.22612757132285172,0.5019512325525284,/content/outputs/inference/answersheet/model_finetune_640_results/res_7ecd20b186c53f63b385dd3d910944b1_jpg_28.pkl
204,385,222,394,204,385,221,385,221,393,204,393,fffffgoo999,to,0.594506025314331,0.19771494987336072,0.5582692921161652,/content/outputs/inference/answersheet/model_finetune_640_results/res_7ecd20b186c53f63b385dd3d910944b1_jpg_29.pkl
106,176,133,187,106,176,132,176,132,186,106,186,tessfgsgskkkkkkfkkkkfffaat,for,0.5137349963188171,0.24221245027505434,0.6099724620580673,/content/outputs/inference/answersheet/model_finetune_640_results/res_7ecd20b186c53f63b385dd3d910944b1_jpg_30.pkl
104,308,135,318,104,308,134,308,134,317,104,317,saaaa,from,0.5106935501098633,0.17093484550714494,0.5838372766971588,/content/outputs/inference/answersheet/model_finetune_640_results/res_7ecd20b186c53f63b385dd3d910944b1_jpg_31.pkl
242,98,266,108,242,98,265,98,265,107,242,107,teheeeeee,the,0.7808365821838379,0.15622234758403566,0.6422794498503208,/content/outputs/inference/answersheet/model_finetune_640_results/res_7ecd20b186c53f63b385dd3d910944b1_jpg_32.pkl
44,96,89,112,44,96,88,96,88,111,44,111,fpdptt,date,0.6181713938713074,0.29576148589452106,0.5153633505105972,/content/outputs/inference/answersheet/model_finetune_640_results/res_7ecd20b186c53f63b385dd3d910944b1_jpg_33.pkl
149,120,170,130,149,120,169,120,169,129,149,129,ttet,the,0.5420247316360474,0.18169787153601646,0.331293610855937,/content/outputs/inference/answersheet/model_finetune_640_results/res_7ecd20b186c53f63b385dd3d910944b1_jpg_34.pkl
