350,267,389,282,350,267,388,267,388,281,350,281,dstptpeeppeeoaaattass,and,0.730468213558197,0.1383255972039132,0.3664448503404856,/content/outputs/inference/answersheet/model_finetune_640_results/res_e52cacafb220729333a53920dc7b02bb_jpg_0.pkl
275,259,336,275,275,259,335,259,335,274,275,274,faeeeeeeefddy,from,0.5715140104293823,0.18495384546426627,0.5686252132058144,/content/outputs/inference/answersheet/model_finetune_640_results/res_e52cacafb220729333a53920dc7b02bb_jpg_1.pkl
296,339,350,350,296,339,349,339,349,349,296,349,aeeee,more,0.5839459896087646,0.1870846077799797,0.44999623000621797,/content/outputs/inference/answersheet/model_finetune_640_results/res_e52cacafb220729333a53920dc7b02bb_jpg_2.pkl
383,228,407,238,383,228,406,228,406,237,383,237,ayyy,from,0.6923941969871521,0.17121830396354198,0.6327201098203659,/content/outputs/inference/answersheet/model_finetune_640_results/res_e52cacafb220729333a53920dc7b02bb_jpg_3.pkl
53,392,133,405,59,392,130,392,130,404,59,404,cdddddeeeeysdd,come,0.5404387712478638,0.14099317256893432,0.3208381623029709,/content/outputs/inference/answersheet/model_finetune_640_results/res_e52cacafb220729333a53920dc7b02bb_jpg_4.pkl
244,217,289,229,244,217,288,217,288,228,244,228,oeayaaaea,come,0.5985913276672363,0.20813493430614471,0.4869923561811447,/content/outputs/inference/answersheet/model_finetune_640_results/res_e52cacafb220729333a53920dc7b02bb_jpg_5.pkl
283,204,316,216,283,204,315,204,315,215,283,215,faaaeeae,from,0.7221676111221313,0.1756989024579525,0.6559505105018616,/content/outputs/inference/answersheet/model_finetune_640_results/res_e52cacafb220729333a53920dc7b02bb_jpg_6.pkl
173,280,211,294,173,280,210,280,210,293,173,293,atfaety,the,0.6353619694709778,0.2165094358580453,0.6515229493379593,/content/outputs/inference/answersheet/model_finetune_640_results/res_e52cacafb220729333a53920dc7b02bb_jpg_7.pkl
299,295,356,308,299,295,355,295,355,307,299,307,aaeeeeaae,the,0.5965971946716309,0.09550399498807059,0.40530331432819366,/content/outputs/inference/answersheet/model_finetune_640_results/res_e52cacafb220729333a53920dc7b02bb_jpg_8.pkl
46,135,65,145,46,135,64,135,64,144,46,144,tbbbhheeeeieeidddddddddeeeyyyyy,they,0.6583771109580994,0.2503014149204377,0.6621686458587647,/content/outputs/inference/answersheet/model_finetune_640_results/res_e52cacafb220729333a53920dc7b02bb_jpg_9.pkl
313,213,383,227,313,215,381,213,382,225,313,227,ddaaaamadaao,date,0.506264865398407,0.15326253262658915,0.4193417921662331,/content/outputs/inference/answersheet/model_finetune_640_results/res_e52cacafb220729333a53920dc7b02bb_jpg_10.pkl
131,204,156,214,131,204,155,204,155,213,131,213,gd9dyyy,and,0.6685409545898438,0.1405244767665863,0.582328625023365,/content/outputs/inference/answersheet/model_finetune_640_results/res_e52cacafb220729333a53920dc7b02bb_jpg_11.pkl
51,70,106,83,51,70,104,70,104,81,51,81,tfdeaaaamd,from,0.6938936710357666,0.2117842398583889,0.644292590022087,/content/outputs/inference/answersheet/model_finetune_640_results/res_e52cacafb220729333a53920dc7b02bb_jpg_12.pkl
84,74,106,83,84,74,105,74,105,82,84,82,aamaamammdddddddddddded,and,0.6304861307144165,0.14971940381371457,0.7465649172663689,/content/outputs/inference/answersheet/model_finetune_640_results/res_e52cacafb220729333a53920dc7b02bb_jpg_13.pkl
100,235,121,246,100,235,120,235,120,245,100,245,thyyyyyyyy,the,0.5679785013198853,0.21414482742547988,0.5928577482700348,/content/outputs/inference/answersheet/model_finetune_640_results/res_e52cacafb220729333a53920dc7b02bb_jpg_14.pkl
348,204,386,218,350,204,385,204,385,217,350,217,sssstfetgefeeoedd,from,0.7869145274162292,0.15227474403731964,0.6020192384719849,/content/outputs/inference/answersheet/model_finetune_640_results/res_e52cacafb220729333a53920dc7b02bb_jpg_15.pkl
56,214,77,224,56,214,76,214,76,223,56,223,fffffffffaeee,the,0.5035906434059143,0.24180888269956297,0.5592545047402382,/content/outputs/inference/answersheet/model_finetune_640_results/res_e52cacafb220729333a53920dc7b02bb_jpg_16.pkl
301,297,325,306,301,297,324,297,324,305,301,305,aaaaaeaeeeeeeetethtteheeeee,the,0.508064329624176,0.085254008019412,0.4853711351752281,/content/outputs/inference/answersheet/model_finetune_640_results/res_e52cacafb220729333a53920dc7b02bb_jpg_17.pkl
