209,48,248,58,209,48,247,48,247,57,209,57,sfftaaaaatdo,from,0.801396906375885,0.20658425552149615,0.6423292919993401,/content/outputs/inference/answersheet/model_finetune_640_results/res_4a96a9c044e59d4c91e8a9abcf283bd2_jpg_0.pkl
215,144,268,160,217,144,267,144,267,159,217,159,prettaeeelhe,from,0.5089860558509827,0.22659257054328918,0.5511036679148674,/content/outputs/inference/answersheet/model_finetune_640_results/res_4a96a9c044e59d4c91e8a9abcf283bd2_jpg_1.pkl
229,178,293,192,229,178,289,178,289,190,229,190,gssdp,from,0.6995944976806641,0.12784696966409684,0.5398598328232765,/content/outputs/inference/answersheet/model_finetune_640_results/res_4a96a9c044e59d4c91e8a9abcf283bd2_jpg_2.pkl
121,25,173,37,121,25,172,25,172,36,121,36,toaane,team,0.6874446868896484,0.4099717438220978,0.5068719148635864,/content/outputs/inference/answersheet/model_finetune_640_results/res_4a96a9c044e59d4c91e8a9abcf283bd2_jpg_3.pkl
159,4,219,14,159,4,218,4,218,13,159,13,ettaeaaaed,city,0.6331435441970825,0.21811263039708137,0.3733402580022812,/content/outputs/inference/answersheet/model_finetune_640_results/res_4a96a9c044e59d4c91e8a9abcf283bd2_jpg_4.pkl
252,136,302,148,252,136,301,136,301,147,252,147,natattbaaa,brice,0.7230367064476013,0.16009170189499855,0.3594619482755661,/content/outputs/inference/answersheet/model_finetune_640_results/res_4a96a9c044e59d4c91e8a9abcf283bd2_jpg_5.pkl
256,58,294,71,256,58,293,58,293,70,256,70,eethheaaidd,the,0.5423860549926758,0.21271060678091916,0.5389593858271837,/content/outputs/inference/answersheet/model_finetune_640_results/res_4a96a9c044e59d4c91e8a9abcf283bd2_jpg_6.pkl
309,379,388,393,309,379,387,379,387,392,309,392,agueaaihh,subject,0.5706406831741333,0.2729238139258491,0.5273678191006184,/content/outputs/inference/answersheet/model_finetune_640_results/res_4a96a9c044e59d4c91e8a9abcf283bd2_jpg_7.pkl
115,3,142,14,115,3,141,3,141,13,115,13,thmtaauuuuuuuyyhee,from,0.7076743245124817,0.15559649591644606,0.5663675710558891,/content/outputs/inference/answersheet/model_finetune_640_results/res_4a96a9c044e59d4c91e8a9abcf283bd2_jpg_8.pkl
218,124,293,136,218,124,292,124,292,135,218,135,ageaeeedd,geter,0.712840735912323,0.32541267573833466,0.4247131943702698,/content/outputs/inference/answersheet/model_finetune_640_results/res_4a96a9c044e59d4c91e8a9abcf283bd2_jpg_9.pkl
330,250,354,258,330,250,353,250,353,257,330,257,hhhhhae,the,0.932939350605011,0.23288788327148982,0.5180886425077915,/content/outputs/inference/answersheet/model_finetune_640_results/res_4a96a9c044e59d4c91e8a9abcf283bd2_jpg_10.pkl
190,25,221,34,190,25,220,25,220,33,190,33,thhaaae,date,0.7207491993904114,0.15042216969387873,0.6323209375143051,/content/outputs/inference/answersheet/model_finetune_640_results/res_4a96a9c044e59d4c91e8a9abcf283bd2_jpg_11.pkl
173,124,213,138,173,124,212,124,212,137,173,137,thmoeeeett,the,0.8268749117851257,0.12599320486187934,0.48257074505090714,/content/outputs/inference/answersheet/model_finetune_640_results/res_4a96a9c044e59d4c91e8a9abcf283bd2_jpg_12.pkl
155,145,201,159,155,145,200,145,200,158,155,158,iifieeeee,coffee,0.503638505935669,0.33215558694468605,0.6581322742359978,/content/outputs/inference/answersheet/model_finetune_640_results/res_4a96a9c044e59d4c91e8a9abcf283bd2_jpg_13.pkl
120,47,201,59,123,47,197,47,197,58,123,58,teeereaaeaatt,teckers,0.643957793712616,0.2707038063269395,0.4613724499940872,/content/outputs/inference/answersheet/model_finetune_640_results/res_4a96a9c044e59d4c91e8a9abcf283bd2_jpg_14.pkl
298,237,328,247,298,237,327,237,327,246,298,246,feegaaee,from,0.5230517387390137,0.1790909981355071,0.5478972971439362,/content/outputs/inference/answersheet/model_finetune_640_results/res_4a96a9c044e59d4c91e8a9abcf283bd2_jpg_15.pkl
311,279,357,292,311,281,355,281,355,290,311,290,thduneeeeeaaa,the,0.5132772922515869,0.2194180849653024,0.359723262488842,/content/outputs/inference/answersheet/model_finetune_640_results/res_4a96a9c044e59d4c91e8a9abcf283bd2_jpg_16.pkl
185,180,220,190,185,180,219,180,219,189,185,189,am,from,0.6269180774688721,0.1645340994000435,0.6240850001573562,/content/outputs/inference/answersheet/model_finetune_640_results/res_4a96a9c044e59d4c91e8a9abcf283bd2_jpg_17.pkl
281,225,348,237,285,225,347,225,347,236,285,236,dddsadaaaaaaelttt,bread,0.5013208985328674,0.28402933828970967,0.4598486324151357,/content/outputs/inference/answersheet/model_finetune_640_results/res_4a96a9c044e59d4c91e8a9abcf283bd2_jpg_18.pkl
173,355,207,366,173,355,206,355,206,365,173,365,ffffffffrrnrfrfrrnneeayyyyy,from,0.7696653008460999,0.2198987519023595,0.6025746554136276,/content/outputs/inference/answersheet/model_finetune_640_results/res_4a96a9c044e59d4c91e8a9abcf283bd2_jpg_19.pkl
364,226,389,237,364,226,388,226,388,236,364,236,blbbbbhhbhhhhhhheeeeeeeeeaaadypptpppptuu,from,0.5047516226768494,0.20746775716543198,0.6121084377169609,/content/outputs/inference/answersheet/model_finetune_640_results/res_4a96a9c044e59d4c91e8a9abcf283bd2_jpg_20.pkl
335,302,361,312,335,302,360,302,360,311,335,311,essttttt,can,0.5156893134117126,0.24942374788224697,0.327605202794075,/content/outputs/inference/answersheet/model_finetune_640_results/res_4a96a9c044e59d4c91e8a9abcf283bd2_jpg_21.pkl
175,323,204,334,175,323,203,323,203,333,175,333,typwpweeaaaaaeeeeeeee,you,0.5701209306716919,0.1437315202894665,0.610014334321022,/content/outputs/inference/answersheet/model_finetune_640_results/res_4a96a9c044e59d4c91e8a9abcf283bd2_jpg_22.pkl
175,380,197,389,175,380,196,380,196,388,175,388,lhhhe,and,0.5816163420677185,0.15809546411037445,0.4691850021481514,/content/outputs/inference/answersheet/model_finetune_640_results/res_4a96a9c044e59d4c91e8a9abcf283bd2_jpg_23.pkl
103,234,147,248,105,234,146,234,146,247,105,247,ssseyyyy,ender,0.6113241910934448,0.3158795963972807,0.49528927107652027,/content/outputs/inference/answersheet/model_finetune_640_results/res_4a96a9c044e59d4c91e8a9abcf283bd2_jpg_24.pkl
326,237,369,248,326,237,368,237,368,247,326,247,atretatllgafeeee,the,0.6833469271659851,0.17789717810228467,0.38888557255268097,/content/outputs/inference/answersheet/model_finetune_640_results/res_4a96a9c044e59d4c91e8a9abcf283bd2_jpg_25.pkl
286,260,308,271,286,260,307,260,307,270,286,270,aeeeeeeeaeaaaaaaaeeee,come,0.5984629392623901,0.13059688111146292,0.3585847795009613,/content/outputs/inference/answersheet/model_finetune_640_results/res_4a96a9c044e59d4c91e8a9abcf283bd2_jpg_26.pkl
