319,347,389,360,319,347,388,347,388,359,319,359,geeee,from,0.6588125824928284,0.21999485343694686,0.5576904281973839,/content/outputs/inference/answersheet/model_finetune_640_results/res_7c11af930e9dca1bb9931b0239a9105a_jpg_0.pkl
233,3,288,15,233,3,285,3,285,14,233,14,tfpffeateeeey,from,0.5339763164520264,0.13538160805518812,0.6226577550172806,/content/outputs/inference/answersheet/model_finetune_640_results/res_7c11af930e9dca1bb9931b0239a9105a_jpg_1.pkl
285,1,336,14,285,1,333,1,333,13,285,13,tawwweeeeaieeeely,greater,0.5513110160827637,0.18480804562568665,0.4118684707209468,/content/outputs/inference/answersheet/model_finetune_640_results/res_7c11af930e9dca1bb9931b0239a9105a_jpg_2.pkl
125,83,185,95,125,83,184,83,184,94,125,94,ttee,from,0.5209448933601379,0.15400766767561436,0.5514938294887543,/content/outputs/inference/answersheet/model_finetune_640_results/res_7c11af930e9dca1bb9931b0239a9105a_jpg_3.pkl
42,17,111,28,46,17,107,17,107,27,46,27,aleeeeeaearryy,sender,0.5120295882225037,0.15518263993518694,0.4962861772094454,/content/outputs/inference/answersheet/model_finetune_640_results/res_7c11af930e9dca1bb9931b0239a9105a_jpg_4.pkl
357,34,390,54,357,34,389,34,389,53,357,53,goe3e8e8e,63,0.7472992539405823,0.16220539725489086,0.4920200929045677,/content/outputs/inference/answersheet/model_finetune_640_results/res_7c11af930e9dca1bb9931b0239a9105a_jpg_5.pkl
336,2,407,16,336,2,406,2,406,15,336,15,ffeaauyppetee,subject,0.611258327960968,0.1864832593844487,0.49165295623242855,/content/outputs/inference/answersheet/model_finetune_640_results/res_7c11af930e9dca1bb9931b0239a9105a_jpg_6.pkl
55,84,118,96,57,84,117,84,117,95,57,95,beaaeee,the,0.6570213437080383,0.3125213746513639,0.569971532560885,/content/outputs/inference/answersheet/model_finetune_640_results/res_7c11af930e9dca1bb9931b0239a9105a_jpg_7.pkl
259,93,359,108,259,93,357,93,357,106,259,106,teaaffleaaae,from,0.5479987859725952,0.17453604812423387,0.572433377802372,/content/outputs/inference/answersheet/model_finetune_640_results/res_7c11af930e9dca1bb9931b0239a9105a_jpg_8.pkl
146,2,233,14,146,2,232,2,232,13,146,13,eaneneeeeeeeeeetntttttuoeuoou,cource,0.5102402567863464,0.14167067331486735,0.4134088690791811,/content/outputs/inference/answersheet/model_finetune_640_results/res_7c11af930e9dca1bb9931b0239a9105a_jpg_9.pkl
367,336,394,346,367,336,393,336,393,345,367,345,aaaaaaaaaaae,the,0.6435217261314392,0.23180226360758147,0.6519563160836697,/content/outputs/inference/answersheet/model_finetune_640_results/res_7c11af930e9dca1bb9931b0239a9105a_jpg_10.pkl
57,85,72,94,57,85,71,85,71,93,57,93,aaoo,of,0.5343641638755798,0.2528590299189091,0.43473075826962787,/content/outputs/inference/answersheet/model_finetune_640_results/res_7c11af930e9dca1bb9931b0239a9105a_jpg_11.pkl
243,84,266,93,243,84,265,84,265,92,243,92,aee,off,0.5171191692352295,0.3090640778342883,0.5209963861852884,/content/outputs/inference/answersheet/model_finetune_640_results/res_7c11af930e9dca1bb9931b0239a9105a_jpg_12.pkl
179,85,201,94,179,85,200,85,200,93,179,93,eeeae,the,0.6486119031906128,0.146035398542881,0.6124489866197109,/content/outputs/inference/answersheet/model_finetune_640_results/res_7c11af930e9dca1bb9931b0239a9105a_jpg_13.pkl
216,83,273,94,216,83,271,83,271,92,216,92,aaeeeaa,from,0.5019855499267578,0.12158872719321932,0.6224151581525803,/content/outputs/inference/answersheet/model_finetune_640_results/res_7c11af930e9dca1bb9931b0239a9105a_jpg_14.pkl
