161,365,210,380,161,365,208,365,208,378,161,378,aloaaatt,mortal,0.6817299723625183,0.23775361385196447,0.5810234014477048,/content/outputs/inference/answersheet/model_finetune_640_results/res_cdfee621707c3728c605045a092774ec_jpg_0.pkl
98,395,161,409,101,395,157,395,157,408,101,408,oeeeeeeegedgg,coffee,0.5673965215682983,0.13916926143261102,0.5987609518425805,/content/outputs/inference/answersheet/model_finetune_640_results/res_cdfee621707c3728c605045a092774ec_jpg_1.pkl
189,12,232,22,189,12,231,12,231,21,189,21,ooeeeee,from,0.6108027696609497,0.2545890435576439,0.5844756022095681,/content/outputs/inference/answersheet/model_finetune_640_results/res_cdfee621707c3728c605045a092774ec_jpg_2.pkl
316,57,355,69,316,57,354,57,354,68,316,68,lclcemoooaaammeee,come,0.6999516487121582,0.1658068334355074,0.39127630591392515,/content/outputs/inference/answersheet/model_finetune_640_results/res_cdfee621707c3728c605045a092774ec_jpg_3.pkl
135,122,185,134,135,122,184,122,184,133,135,133,weeaaaaeee,ressageid,0.6467937231063843,0.19335809350013733,0.5819097839295864,/content/outputs/inference/answersheet/model_finetune_640_results/res_cdfee621707c3728c605045a092774ec_jpg_4.pkl
249,91,284,103,249,91,283,91,283,102,249,102,piiyyyyyyyyyyeeeyyyyy,shop,0.5520535111427307,0.3106375127321198,0.3698253512382507,/content/outputs/inference/answersheet/model_finetune_640_results/res_cdfee621707c3728c605045a092774ec_jpg_5.pkl
193,90,241,102,193,90,240,90,240,101,193,101,tte,the,0.5902750492095947,0.29738718767960864,0.44916991889476776,/content/outputs/inference/answersheet/model_finetune_640_results/res_cdfee621707c3728c605045a092774ec_jpg_6.pkl
115,257,134,268,115,257,133,257,133,267,115,267,adtteee,from,0.6282135248184204,0.12798394794975007,0.6824199497699738,/content/outputs/inference/answersheet/model_finetune_640_results/res_cdfee621707c3728c605045a092774ec_jpg_7.pkl
359,92,387,102,359,92,386,92,386,101,359,101,yyyytytttttae,the,0.6515665054321289,0.21010686170596343,0.4619637206196785,/content/outputs/inference/answersheet/model_finetune_640_results/res_cdfee621707c3728c605045a092774ec_jpg_8.pkl
329,211,371,223,329,211,368,211,368,222,329,222,dbeaefe,subject,0.6188652515411377,0.16891430956976755,0.6059798747301102,/content/outputs/inference/answersheet/model_finetune_640_results/res_cdfee621707c3728c605045a092774ec_jpg_9.pkl
24,89,59,103,24,89,58,89,58,102,24,102,aaeaa,sala,0.5401417016983032,0.23769186586141586,0.4706798195838928,/content/outputs/inference/answersheet/model_finetune_640_results/res_cdfee621707c3728c605045a092774ec_jpg_10.pkl
328,243,373,255,328,243,372,243,372,254,328,254,eeeeselttt,from,0.5277684926986694,0.23758005499839782,0.5317936018109322,/content/outputs/inference/answersheet/model_finetune_640_results/res_cdfee621707c3728c605045a092774ec_jpg_11.pkl
300,244,326,255,300,244,325,244,325,254,300,254,taaa,from,0.6079500317573547,0.11992702819406986,0.5601562947034836,/content/outputs/inference/answersheet/model_finetune_640_results/res_cdfee621707c3728c605045a092774ec_jpg_12.pkl
268,189,289,200,268,189,288,189,288,199,268,199,oa,the,0.5587722659111023,0.1130138486623764,0.46345653384923935,/content/outputs/inference/answersheet/model_finetune_640_results/res_cdfee621707c3728c605045a092774ec_jpg_13.pkl
213,377,239,386,213,377,238,377,238,385,213,385,eddde,the,0.8532987236976624,0.12236491292715072,0.6228934600949287,/content/outputs/inference/answersheet/model_finetune_640_results/res_cdfee621707c3728c605045a092774ec_jpg_14.pkl
286,39,309,48,286,39,308,39,308,47,286,47,eeeee,from,0.580375075340271,0.34046140015125276,0.6566603004932403,/content/outputs/inference/answersheet/model_finetune_640_results/res_cdfee621707c3728c605045a092774ec_jpg_15.pkl
278,211,329,223,278,211,327,211,327,221,278,221,teeae,from,0.5337557792663574,0.17445051670074463,0.47717592865228653,/content/outputs/inference/answersheet/model_finetune_640_results/res_cdfee621707c3728c605045a092774ec_jpg_16.pkl
345,300,367,310,345,300,366,300,366,309,345,309,pttttttttttttt,for,0.5397956371307373,0.36653947298015865,0.6130670085549355,/content/outputs/inference/answersheet/model_finetune_640_results/res_cdfee621707c3728c605045a092774ec_jpg_17.pkl
54,14,78,23,54,14,77,14,77,22,54,22,eaeeeeeeeeett,come,0.6693938374519348,0.12811840325593948,0.4219480514526367,/content/outputs/inference/answersheet/model_finetune_640_results/res_cdfee621707c3728c605045a092774ec_jpg_18.pkl
121,377,142,387,121,377,141,377,141,386,121,386,teoss,the,0.5910096168518066,0.14181077629327773,0.654745802283287,/content/outputs/inference/answersheet/model_finetune_640_results/res_cdfee621707c3728c605045a092774ec_jpg_19.pkl
71,91,122,101,71,91,121,91,121,100,71,100,ceceootttbbosaadtee,coffee,0.504235029220581,0.16062869641341662,0.47575659304857254,/content/outputs/inference/answersheet/model_finetune_640_results/res_cdfee621707c3728c605045a092774ec_jpg_20.pkl
131,93,155,102,131,93,154,93,154,101,131,101,eeeeeeett,more,0.6458030343055725,0.20538331733809578,0.39003886878490446,/content/outputs/inference/answersheet/model_finetune_640_results/res_cdfee621707c3728c605045a092774ec_jpg_21.pkl
327,92,348,101,327,92,347,92,347,100,327,100,tteeeeeeee,from,0.609410285949707,0.19542003720998763,0.659070348739624,/content/outputs/inference/answersheet/model_finetune_640_results/res_cdfee621707c3728c605045a092774ec_jpg_22.pkl
52,12,115,24,54,14,114,14,114,23,54,23,eaeteae,coffee,0.5139614939689636,0.09784146824053355,0.5117737523147038,/content/outputs/inference/answersheet/model_finetune_640_results/res_cdfee621707c3728c605045a092774ec_jpg_23.pkl
127,91,178,102,127,91,176,91,176,100,127,100,ettdde,more,0.5317316055297852,0.19548273955782255,0.38261311054229735,/content/outputs/inference/answersheet/model_finetune_640_results/res_cdfee621707c3728c605045a092774ec_jpg_24.pkl
63,167,104,178,63,167,103,167,103,177,63,177,taaaeeesyyye,from,0.7650688886642456,0.27554982528090477,0.5678053177893162,/content/outputs/inference/answersheet/model_finetune_640_results/res_cdfee621707c3728c605045a092774ec_jpg_25.pkl
296,91,319,100,296,91,318,91,318,99,296,99,eeee,the,0.6484555602073669,0.20537619665265083,0.5569799914956093,/content/outputs/inference/answersheet/model_finetune_640_results/res_cdfee621707c3728c605045a092774ec_jpg_26.pkl
94,331,149,344,94,331,148,331,148,343,94,343,tteee,from,0.5538599491119385,0.31286037266254424,0.4802752286195755,/content/outputs/inference/answersheet/model_finetune_640_results/res_cdfee621707c3728c605045a092774ec_jpg_27.pkl
153,333,175,342,153,333,174,333,174,341,153,341,ee,the,0.509423553943634,0.15668106079101562,0.5555000118911266,/content/outputs/inference/answersheet/model_finetune_640_results/res_cdfee621707c3728c605045a092774ec_jpg_28.pkl
