307,291,326,301,307,291,323,291,323,300,307,300,kfe,from,0.6279425024986267,0.21913876881202063,0.7096408367156982,/content/outputs/inference/answersheet/model_finetune_640_results/res_cc064ad4e59e44ad9307fb966fea53ad_jpg_0.pkl
257,258,276,267,257,258,275,258,275,266,257,266,ttrfrrrrtfrtrre,the,0.68948894739151,0.14652625570694605,0.6905784010887146,/content/outputs/inference/answersheet/model_finetune_640_results/res_cc064ad4e59e44ad9307fb966fea53ad_jpg_1.pkl
282,11,310,23,282,11,309,11,309,22,282,22,eaeee,the,0.5807593464851379,0.16512849032878876,0.5362945329397917,/content/outputs/inference/answersheet/model_finetune_640_results/res_cc064ad4e59e44ad9307fb966fea53ad_jpg_2.pkl
124,229,168,242,124,229,167,229,167,241,124,241,eoooooooe,come,0.5191439986228943,0.2281008693906996,0.4101601541042328,/content/outputs/inference/answersheet/model_finetune_640_results/res_cc064ad4e59e44ad9307fb966fea53ad_jpg_3.pkl
119,319,136,327,119,319,135,319,135,326,119,326,ttaaaaaasdsooy,the,0.5374240279197693,0.14164459386042186,0.47515084594488144,/content/outputs/inference/answersheet/model_finetune_640_results/res_cc064ad4e59e44ad9307fb966fea53ad_jpg_4.pkl
167,286,185,295,167,286,184,286,184,294,167,294,addaosy,the,0.5898630619049072,0.09533837011882237,0.5194490700960159,/content/outputs/inference/answersheet/model_finetune_640_results/res_cc064ad4e59e44ad9307fb966fea53ad_jpg_5.pkl
287,284,305,295,287,284,304,284,304,294,287,294,annkknkkn,the,0.5634860396385193,0.17780268523428175,0.4007897265255451,/content/outputs/inference/answersheet/model_finetune_640_results/res_cc064ad4e59e44ad9307fb966fea53ad_jpg_6.pkl
117,48,139,63,117,48,138,48,138,62,117,62,thhodd,not,0.6277695894241333,0.27683348457018536,0.7042158432304859,/content/outputs/inference/answersheet/model_finetune_640_results/res_cc064ad4e59e44ad9307fb966fea53ad_jpg_7.pkl
199,12,233,22,199,12,232,12,232,21,199,21,oeeoooooeesdedeeeee,come,0.6967950463294983,0.13895995405159497,0.3964532881975174,/content/outputs/inference/answersheet/model_finetune_640_results/res_cc064ad4e59e44ad9307fb966fea53ad_jpg_8.pkl
116,115,145,124,116,115,144,115,144,123,116,123,faaaaaeee,from,0.6428243517875671,0.20131011969513363,0.5317321553826332,/content/outputs/inference/answersheet/model_finetune_640_results/res_cc064ad4e59e44ad9307fb966fea53ad_jpg_9.pkl
227,295,277,307,230,295,274,295,274,306,230,306,ddddfheeebea,from,0.5202053785324097,0.1424015803883473,0.5847915053367615,/content/outputs/inference/answersheet/model_finetune_640_results/res_cc064ad4e59e44ad9307fb966fea53ad_jpg_10.pkl
270,233,288,242,270,233,287,233,287,241,270,241,teeeee,from,0.5353310108184814,0.10800972580909729,0.6870899647474289,/content/outputs/inference/answersheet/model_finetune_640_results/res_cc064ad4e59e44ad9307fb966fea53ad_jpg_11.pkl
