109,75,155,88,109,75,154,75,154,87,109,87,aatat,that,0.5177001953125,0.203600013256073,0.6123764604330063,/content/outputs/inference/answersheet/model_finetune_640_results/res_04e6646dc3d31644eb22835fb1923e8f_jpg_0.pkl
110,77,130,87,110,77,129,77,129,86,110,86,taaaat,from,0.6922065019607544,0.2534562697013219,0.6593025684356689,/content/outputs/inference/answersheet/model_finetune_640_results/res_04e6646dc3d31644eb22835fb1923e8f_jpg_1.pkl
176,300,197,310,176,300,196,300,196,309,176,309,lbssteddaaaaaaaaaaaaaaa,end,0.5000652074813843,0.2782388608092847,0.5096784923225641,/content/outputs/inference/answersheet/model_finetune_640_results/res_04e6646dc3d31644eb22835fb1923e8f_jpg_2.pkl
105,33,127,43,105,33,126,33,126,42,105,42,tteant,ender,0.6205549240112305,0.2987609828511874,0.5285269543528557,/content/outputs/inference/answersheet/model_finetune_640_results/res_04e6646dc3d31644eb22835fb1923e8f_jpg_3.pkl
156,121,177,130,156,121,176,121,176,129,156,129,teasdddi,and,0.6211722493171692,0.20852764137089252,0.6057570762932301,/content/outputs/inference/answersheet/model_finetune_640_results/res_04e6646dc3d31644eb22835fb1923e8f_jpg_4.pkl
144,321,194,332,144,321,193,321,193,331,144,331,atatteetttt,for,0.5505092144012451,0.23834502629258417,0.5338784866034985,/content/outputs/inference/answersheet/model_finetune_640_results/res_04e6646dc3d31644eb22835fb1923e8f_jpg_5.pkl
162,254,178,263,162,254,177,254,177,262,162,262,tttttttttttaaaaaaaaaaaaaneeae,the,0.5403937697410583,0.17935773730278015,0.7024174258112907,/content/outputs/inference/answersheet/model_finetune_640_results/res_04e6646dc3d31644eb22835fb1923e8f_jpg_6.pkl
93,296,164,310,93,296,163,296,163,309,93,309,eafe,for,0.5779450535774231,0.31515803188085556,0.3551798090338707,/content/outputs/inference/answersheet/model_finetune_640_results/res_04e6646dc3d31644eb22835fb1923e8f_jpg_7.pkl
140,189,163,198,140,189,162,189,162,197,140,197,ttttttttt,the,0.5118794441223145,0.4454483671320809,0.5646955445408821,/content/outputs/inference/answersheet/model_finetune_640_results/res_04e6646dc3d31644eb22835fb1923e8f_jpg_8.pkl
113,274,167,287,113,274,166,274,166,286,113,286,eatteeeee,for,0.5036709904670715,0.21342358903752434,0.43993575125932693,/content/outputs/inference/answersheet/model_finetune_640_results/res_04e6646dc3d31644eb22835fb1923e8f_jpg_9.pkl
146,322,165,329,146,322,164,322,164,328,146,328,tttatttttttetaaaaaaaa,the,0.5650709867477417,0.22801330792052404,0.5289606135338545,/content/outputs/inference/answersheet/model_finetune_640_results/res_04e6646dc3d31644eb22835fb1923e8f_jpg_10.pkl
164,343,181,351,164,343,180,343,180,350,164,350,tttttttttttcaaaaaai,from,0.5207362174987793,0.1852153618084757,0.6433806449174881,/content/outputs/inference/answersheet/model_finetune_640_results/res_04e6646dc3d31644eb22835fb1923e8f_jpg_11.pkl
126,98,153,110,126,98,152,98,152,109,126,109,taaaaattttttttttttt,teat,0.5177403092384338,0.3114819628627677,0.5923345535993576,/content/outputs/inference/answersheet/model_finetune_640_results/res_04e6646dc3d31644eb22835fb1923e8f_jpg_12.pkl
84,1,121,11,84,1,120,1,120,10,84,10,ecooodep,come,0.6348142623901367,0.12210241612046957,0.41491992473602296,/content/outputs/inference/answersheet/model_finetune_640_results/res_04e6646dc3d31644eb22835fb1923e8f_jpg_13.pkl
