296,138,359,151,296,138,358,138,358,150,296,150,aaasetee,from,0.7554280161857605,0.18052860628813505,0.4597765415906906,/content/outputs/inference/answersheet/model_finetune_640_results/res_5892aab456283088ab5a4b7a3ee163bd_jpg_0.pkl
225,160,298,173,225,160,297,160,297,172,225,172,apppadallideee,from,0.7096781730651855,0.2596316577068397,0.4759199872612953,/content/outputs/inference/answersheet/model_finetune_640_results/res_5892aab456283088ab5a4b7a3ee163bd_jpg_1.pkl
302,315,361,328,302,315,360,315,360,327,302,327,edeeeeee,level,0.5659417510032654,0.24813391640782356,0.551971028248469,/content/outputs/inference/answersheet/model_finetune_640_results/res_5892aab456283088ab5a4b7a3ee163bd_jpg_2.pkl
298,27,350,39,298,27,348,27,348,37,298,37,ssdadeeee,the,0.724511444568634,0.137365170651012,0.3389778696000576,/content/outputs/inference/answersheet/model_finetune_640_results/res_5892aab456283088ab5a4b7a3ee163bd_jpg_3.pkl
277,3,336,16,279,3,335,3,335,15,279,15,eetreyyyye,from,0.5081429481506348,0.1107338011264801,0.549747784435749,/content/outputs/inference/answersheet/model_finetune_640_results/res_5892aab456283088ab5a4b7a3ee163bd_jpg_4.pkl
336,39,378,51,336,39,377,39,377,50,336,50,oooaaaaaee,from,0.6394585371017456,0.10867440812289715,0.5647257983684539,/content/outputs/inference/answersheet/model_finetune_640_results/res_5892aab456283088ab5a4b7a3ee163bd_jpg_5.pkl
193,26,231,39,193,26,230,26,230,38,193,38,tededddddd,the,0.5990880131721497,0.15027193427085878,0.330880731344223,/content/outputs/inference/answersheet/model_finetune_640_results/res_5892aab456283088ab5a4b7a3ee163bd_jpg_6.pkl
243,316,281,329,243,316,280,316,280,328,243,328,aapd,and,0.6604812741279602,0.1994211245328188,0.5912245512008667,/content/outputs/inference/answersheet/model_finetune_640_results/res_5892aab456283088ab5a4b7a3ee163bd_jpg_7.pkl
225,0,273,14,225,0,271,0,271,12,225,12,ddadadfttftfpppeetttee,from,0.5516353249549866,0.1504076583818956,0.5316634312272072,/content/outputs/inference/answersheet/model_finetune_640_results/res_5892aab456283088ab5a4b7a3ee163bd_jpg_8.pkl
142,41,194,51,142,41,193,41,193,50,142,50,eeelkeeee,from,0.5442741513252258,0.24572785281472737,0.5412029072642326,/content/outputs/inference/answersheet/model_finetune_640_results/res_5892aab456283088ab5a4b7a3ee163bd_jpg_9.pkl
262,185,288,195,262,185,287,185,287,194,262,194,fdauuyyy,from,0.601144015789032,0.17742557357996702,0.6376254677772522,/content/outputs/inference/answersheet/model_finetune_640_results/res_5892aab456283088ab5a4b7a3ee163bd_jpg_10.pkl
375,40,404,50,375,40,403,40,403,49,375,49,oaeeefeffffteeeesee,sale,0.501751184463501,0.17084185935949026,0.5053047835826874,/content/outputs/inference/answersheet/model_finetune_640_results/res_5892aab456283088ab5a4b7a3ee163bd_jpg_11.pkl
81,373,100,382,81,373,99,373,99,381,81,381,htfftdee,from,0.5495002269744873,0.1271728565916419,0.5969165101647377,/content/outputs/inference/answersheet/model_finetune_640_results/res_5892aab456283088ab5a4b7a3ee163bd_jpg_12.pkl
46,361,69,371,46,361,68,361,68,370,46,370,teeeeeeee,the,0.5016908645629883,0.3293360902203454,0.6346691697835922,/content/outputs/inference/answersheet/model_finetune_640_results/res_5892aab456283088ab5a4b7a3ee163bd_jpg_13.pkl
