245,143,317,155,245,143,316,143,316,154,245,154,aybbes,from,0.7424633502960205,0.1701634762187799,0.39620874673128126,/content/outputs/inference/answersheet/model_finetune_640_results/res_069089d8ca8b914b16bdb16ca782b819_jpg_0.pkl
66,13,133,24,66,13,132,13,132,23,66,23,ttteaaee,from,0.6025692820549011,0.17295176815241575,0.46055950224399567,/content/outputs/inference/answersheet/model_finetune_640_results/res_069089d8ca8b914b16bdb16ca782b819_jpg_1.pkl
228,41,299,56,228,41,298,41,298,55,228,55,toooaee,restrice,0.5228061676025391,0.25934011914900373,0.43305958807468414,/content/outputs/inference/answersheet/model_finetune_640_results/res_069089d8ca8b914b16bdb16ca782b819_jpg_2.pkl
300,41,355,55,300,41,354,41,354,54,300,54,te,from,0.5408545136451721,0.12971272319555283,0.5375512033700943,/content/outputs/inference/answersheet/model_finetune_640_results/res_069089d8ca8b914b16bdb16ca782b819_jpg_3.pkl
16,5,39,16,18,5,38,5,38,15,18,15,ted,the,0.7464670538902283,0.23315226286649704,0.6564160138368607,/content/outputs/inference/answersheet/model_finetune_640_results/res_069089d8ca8b914b16bdb16ca782b819_jpg_4.pkl
321,154,368,166,321,154,365,154,365,165,321,165,bbaaaae,breads,0.8500107526779175,0.1901521650808198,0.3547228766339166,/content/outputs/inference/answersheet/model_finetune_640_results/res_069089d8ca8b914b16bdb16ca782b819_jpg_5.pkl
238,121,316,135,238,121,315,121,315,134,238,134,eeeteeaaa,shotel,0.5527375340461731,0.20383120907677543,0.3740838574511664,/content/outputs/inference/answersheet/model_finetune_640_results/res_069089d8ca8b914b16bdb16ca782b819_jpg_6.pkl
310,178,330,186,310,178,329,178,329,185,310,185,rrdfdddee,but,0.6545111536979675,0.14370754526721108,0.33433742448687553,/content/outputs/inference/answersheet/model_finetune_640_results/res_069089d8ca8b914b16bdb16ca782b819_jpg_7.pkl
335,32,379,42,335,32,377,32,377,40,335,40,teateeee,the,0.5737333297729492,0.3204141100868583,0.489345770329237,/content/outputs/inference/answersheet/model_finetune_640_results/res_069089d8ca8b914b16bdb16ca782b819_jpg_8.pkl
199,154,238,166,199,154,237,154,237,165,199,165,e,from,0.6425337195396423,0.08407711237668991,0.5388127356767655,/content/outputs/inference/answersheet/model_finetune_640_results/res_069089d8ca8b914b16bdb16ca782b819_jpg_9.pkl
294,33,335,42,294,33,334,33,334,41,294,41,heppeeeeee,the,0.6604291200637817,0.1514522597193718,0.45582014322280884,/content/outputs/inference/answersheet/model_finetune_640_results/res_069089d8ca8b914b16bdb16ca782b819_jpg_10.pkl
108,46,130,57,108,46,129,46,129,56,108,56,tpphhpaeee,the,0.6231536865234375,0.11597123593091965,0.45967618376016617,/content/outputs/inference/answersheet/model_finetune_640_results/res_069089d8ca8b914b16bdb16ca782b819_jpg_11.pkl
197,124,221,132,197,124,220,124,220,131,197,131,ffhaafhhytt,the,0.7788083553314209,0.24238395216790112,0.5389742106199265,/content/outputs/inference/answersheet/model_finetune_640_results/res_069089d8ca8b914b16bdb16ca782b819_jpg_12.pkl
16,14,40,25,18,14,39,14,39,24,18,24,aan,and,0.5769875049591064,0.2565738211075465,0.5712447538971901,/content/outputs/inference/answersheet/model_finetune_640_results/res_069089d8ca8b914b16bdb16ca782b819_jpg_13.pkl
199,257,229,266,199,257,228,257,228,265,199,265,ffttitllttltlllaaeeeeeeeeee,the,0.6315184831619263,0.23990174576088233,0.6030674297362566,/content/outputs/inference/answersheet/model_finetune_640_results/res_069089d8ca8b914b16bdb16ca782b819_jpg_14.pkl
196,144,237,155,196,144,236,144,236,154,196,154,fdddereeeeeeee,ske,0.5481882095336914,0.2313063070178032,0.3667239937931299,/content/outputs/inference/answersheet/model_finetune_640_results/res_069089d8ca8b914b16bdb16ca782b819_jpg_15.pkl
346,265,368,275,346,265,367,265,367,274,346,274,etteeeee,the,0.6852902770042419,0.16003045160323381,0.7253313399851322,/content/outputs/inference/answersheet/model_finetune_640_results/res_069089d8ca8b914b16bdb16ca782b819_jpg_16.pkl
45,159,69,171,45,159,68,159,68,170,45,170,ahhaeeeeeeeee,from,0.5877323746681213,0.2768589945939871,0.6259746700525284,/content/outputs/inference/answersheet/model_finetune_640_results/res_069089d8ca8b914b16bdb16ca782b819_jpg_17.pkl
158,34,199,46,158,34,198,34,198,45,158,45,aaabaayaleeddeeee,but,0.5718293190002441,0.13144517120193033,0.25995948165655136,/content/outputs/inference/answersheet/model_finetune_640_results/res_069089d8ca8b914b16bdb16ca782b819_jpg_18.pkl
200,34,226,42,200,34,225,34,225,41,200,41,datyyyyyy,the,0.7261614203453064,0.20680190208885404,0.49349951930344105,/content/outputs/inference/answersheet/model_finetune_640_results/res_069089d8ca8b914b16bdb16ca782b819_jpg_19.pkl
286,154,316,165,286,154,315,154,315,164,286,164,ateeee,and,0.6355684995651245,0.17373035351435342,0.5314486846327782,/content/outputs/inference/answersheet/model_finetune_640_results/res_069089d8ca8b914b16bdb16ca782b819_jpg_20.pkl
268,33,290,42,268,33,289,33,289,41,268,41,soee,the,0.5734137892723083,0.14149802550673485,0.6483215019106865,/content/outputs/inference/answersheet/model_finetune_640_results/res_069089d8ca8b914b16bdb16ca782b819_jpg_21.pkl
126,36,154,46,126,36,153,36,153,45,126,45,baaaooaaaa,bread,0.5994666814804077,0.11699056923389435,0.44284627338250476,/content/outputs/inference/answersheet/model_finetune_640_results/res_069089d8ca8b914b16bdb16ca782b819_jpg_22.pkl
322,145,348,154,322,145,347,145,347,153,322,153,faaaaaaeee,the,0.8947358131408691,0.3245170503854752,0.5984260514378548,/content/outputs/inference/answersheet/model_finetune_640_results/res_069089d8ca8b914b16bdb16ca782b819_jpg_23.pkl
233,33,262,41,233,33,261,33,261,40,233,40,teee,the,0.6272048950195312,0.18218300119042397,0.5007022302597761,/content/outputs/inference/answersheet/model_finetune_640_results/res_069089d8ca8b914b16bdb16ca782b819_jpg_24.pkl
43,35,72,46,43,35,71,35,71,45,43,45,ssstnnnnnnn,the,0.6396878361701965,0.09652355245568535,0.3645487744361162,/content/outputs/inference/answersheet/model_finetune_640_results/res_069089d8ca8b914b16bdb16ca782b819_jpg_25.pkl
194,101,246,114,194,101,244,101,244,112,194,112,oyreo,for,0.7952226400375366,0.1519836574792862,0.5877053141593933,/content/outputs/inference/answersheet/model_finetune_640_results/res_069089d8ca8b914b16bdb16ca782b819_jpg_26.pkl
