293,140,372,152,293,140,371,140,371,151,293,151,eeeeseiesaee,resters,0.5450656414031982,0.22647285585602125,0.4716931413859129,/content/outputs/inference/answersheet/model_finetune_640_results/res_b4b886ad3e30e7ed9d7b48657f8af150_jpg_0.pkl
59,350,105,368,59,352,103,349,104,365,59,368,tgtggfyyyfffff,ske,0.6979737877845764,0.21411645199571336,0.3025319389998913,/content/outputs/inference/answersheet/model_finetune_640_results/res_b4b886ad3e30e7ed9d7b48657f8af150_jpg_1.pkl
299,162,373,175,299,162,372,162,372,174,299,174,aaaaaieeeeae,beaders,0.5426515340805054,0.14889719150960445,0.3633892685174942,/content/outputs/inference/answersheet/model_finetune_640_results/res_b4b886ad3e30e7ed9d7b48657f8af150_jpg_2.pkl
120,31,191,43,124,31,190,31,190,42,124,42,aaaaeaaaaatttee,from,0.6540753841400146,0.221046315630277,0.4017319858074188,/content/outputs/inference/answersheet/model_finetune_640_results/res_b4b886ad3e30e7ed9d7b48657f8af150_jpg_3.pkl
31,122,72,137,35,124,71,124,71,136,35,136,ssenneeee,re,0.6588516235351562,0.22122411761018965,0.3836873583495617,/content/outputs/inference/answersheet/model_finetune_640_results/res_b4b886ad3e30e7ed9d7b48657f8af150_jpg_4.pkl
77,21,109,34,77,21,108,21,108,33,77,33,battaaaaaaaopppd,from,0.5876855850219727,0.23728338442742825,0.6514042839407921,/content/outputs/inference/answersheet/model_finetune_640_results/res_b4b886ad3e30e7ed9d7b48657f8af150_jpg_5.pkl
91,144,115,154,91,144,114,144,114,153,91,153,thht,from,0.5493975877761841,0.12747395783662796,0.6202788025140762,/content/outputs/inference/answersheet/model_finetune_640_results/res_b4b886ad3e30e7ed9d7b48657f8af150_jpg_6.pkl
62,371,83,382,62,371,82,371,82,381,62,381,tteeeeaaa,can,0.6378202438354492,0.30078409446610344,0.5608901903033257,/content/outputs/inference/answersheet/model_finetune_640_results/res_b4b886ad3e30e7ed9d7b48657f8af150_jpg_7.pkl
77,123,117,133,77,123,116,123,116,132,77,132,aaaaaaaafaehbahbe,from,0.7122679352760315,0.17544341394129923,0.5340818986296654,/content/outputs/inference/answersheet/model_finetune_640_results/res_b4b886ad3e30e7ed9d7b48657f8af150_jpg_8.pkl
118,235,143,248,118,235,142,235,142,247,118,247,daaaaadnndddddddd,and,0.6241047382354736,0.17691761737360673,0.6495494619011879,/content/outputs/inference/answersheet/model_finetune_640_results/res_b4b886ad3e30e7ed9d7b48657f8af150_jpg_9.pkl
208,96,264,106,208,96,263,96,263,105,208,105,aetsteee,stare,0.5223349928855896,0.23079219087958336,0.36750002453724545,/content/outputs/inference/answersheet/model_finetune_640_results/res_b4b886ad3e30e7ed9d7b48657f8af150_jpg_10.pkl
268,230,296,246,268,230,295,230,295,245,268,245,tadddd,and,0.564685046672821,0.23314742743968964,0.7046045698225498,/content/outputs/inference/answersheet/model_finetune_640_results/res_b4b886ad3e30e7ed9d7b48657f8af150_jpg_11.pkl
270,336,298,349,270,336,297,336,297,348,270,348,fftffteaaeee,from,0.7749139666557312,0.24136003231008848,0.6698275685310364,/content/outputs/inference/answersheet/model_finetune_640_results/res_b4b886ad3e30e7ed9d7b48657f8af150_jpg_12.pkl
272,164,297,174,272,164,296,164,296,173,272,173,eeeeee,the,0.6291305422782898,0.15574189523855844,0.5169798638671637,/content/outputs/inference/answersheet/model_finetune_640_results/res_b4b886ad3e30e7ed9d7b48657f8af150_jpg_13.pkl
77,164,109,177,77,164,108,164,108,176,77,176,attannnes,the,0.7732455134391785,0.23171093232101864,0.4970162659883499,/content/outputs/inference/answersheet/model_finetune_640_results/res_b4b886ad3e30e7ed9d7b48657f8af150_jpg_14.pkl
149,98,180,108,149,98,179,98,179,107,149,107,ttotttttteeeeeeesse,the,0.7222739458084106,0.25799007360872467,0.5463459491729736,/content/outputs/inference/answersheet/model_finetune_640_results/res_b4b886ad3e30e7ed9d7b48657f8af150_jpg_15.pkl
223,138,375,153,232,140,374,140,374,152,232,152,ekoeise,coffeen,0.5890415906906128,0.15988325008324214,0.5233500506728888,/content/outputs/inference/answersheet/model_finetune_640_results/res_b4b886ad3e30e7ed9d7b48657f8af150_jpg_16.pkl
