166,127,218,142,166,127,216,127,216,140,166,140,jaeslle,jate,0.836560070514679,0.21781733206340245,0.5539947152137756,/content/outputs/inference/answersheet/model_finetune_640_results/res_034568a769e25ca4181c36af136dde14_jpg_0.pkl
172,305,219,318,172,305,218,305,218,317,172,317,tavie,thanger,0.8281347155570984,0.23950806260108948,0.4440887290984392,/content/outputs/inference/answersheet/model_finetune_640_results/res_034568a769e25ca4181c36af136dde14_jpg_1.pkl
300,383,332,396,302,383,331,383,331,395,302,395,tiieaaaaill,teat,0.6771991848945618,0.3860583129254254,0.6508015871047974,/content/outputs/inference/answersheet/model_finetune_640_results/res_034568a769e25ca4181c36af136dde14_jpg_2.pkl
189,338,227,353,189,338,226,338,226,352,189,352,taaaantaited,from,0.6664018630981445,0.1901189765582482,0.5793859988451004,/content/outputs/inference/answersheet/model_finetune_640_results/res_034568a769e25ca4181c36af136dde14_jpg_3.pkl
145,282,184,297,145,282,183,282,183,296,145,296,taafftffftffftt,teate,0.8227059841156006,0.30964171985785166,0.5836431955297788,/content/outputs/inference/answersheet/model_finetune_640_results/res_034568a769e25ca4181c36af136dde14_jpg_4.pkl
208,27,236,40,208,27,235,27,235,39,208,39,fgtaaaaanttttttt,from,0.7652748227119446,0.290677388664335,0.5727344989776612,/content/outputs/inference/answersheet/model_finetune_640_results/res_034568a769e25ca4181c36af136dde14_jpg_5.pkl
241,227,266,239,241,227,265,227,265,238,241,238,gggtaiilll,for,0.5949907302856445,0.20723875015974044,0.49203936755657196,/content/outputs/inference/answersheet/model_finetune_640_results/res_034568a769e25ca4181c36af136dde14_jpg_6.pkl
204,74,226,85,204,74,225,74,225,84,204,84,tthhha,from,0.5683256387710571,0.2509938230117162,0.6543721869587898,/content/outputs/inference/answersheet/model_finetune_640_results/res_034568a769e25ca4181c36af136dde14_jpg_7.pkl
178,382,244,395,180,382,242,382,242,393,180,393,eaatttetthted,leation,0.6489021182060242,0.2341016955100573,0.46415974758565426,/content/outputs/inference/answersheet/model_finetune_640_results/res_034568a769e25ca4181c36af136dde14_jpg_8.pkl
280,93,308,107,280,93,307,93,307,106,280,106,tetaaaailnll,for,0.6799625158309937,0.27342334389686584,0.4525430202484131,/content/outputs/inference/answersheet/model_finetune_640_results/res_034568a769e25ca4181c36af136dde14_jpg_9.pkl
221,95,265,106,221,95,264,95,264,105,221,105,lyellll,from,0.7755492925643921,0.2198854386806488,0.5121841788291931,/content/outputs/inference/answersheet/model_finetune_640_results/res_034568a769e25ca4181c36af136dde14_jpg_10.pkl
185,262,211,273,185,262,210,262,210,272,185,272,ttttttggttttthhllllllllll,the,0.535432755947113,0.22197086602449417,0.4992852248251438,/content/outputs/inference/answersheet/model_finetune_640_results/res_034568a769e25ca4181c36af136dde14_jpg_11.pkl
259,148,288,163,259,148,287,148,287,162,259,162,eegtssiiitittlltlltll,teat,0.7089539766311646,0.27531648746558596,0.6870792627334594,/content/outputs/inference/answersheet/model_finetune_640_results/res_034568a769e25ca4181c36af136dde14_jpg_12.pkl
214,283,243,296,214,283,242,283,242,295,214,295,tiethtthhttete,the,0.6857202053070068,0.19980968534946442,0.4702106639742851,/content/outputs/inference/answersheet/model_finetune_640_results/res_034568a769e25ca4181c36af136dde14_jpg_13.pkl
152,206,178,217,152,206,177,206,177,216,152,216,hhtattttt,that,0.7022706270217896,0.2780141772495376,0.7251272201538086,/content/outputs/inference/answersheet/model_finetune_640_results/res_034568a769e25ca4181c36af136dde14_jpg_14.pkl
177,150,238,163,177,150,236,150,236,161,177,161,teeeeeettaaasl,the,0.5529186725616455,0.2814557733280318,0.4072537273168564,/content/outputs/inference/answersheet/model_finetune_640_results/res_034568a769e25ca4181c36af136dde14_jpg_15.pkl
186,184,215,197,186,184,214,184,214,196,186,196,ftaaaallll,from,0.749761164188385,0.27344536781311035,0.668059092760086,/content/outputs/inference/answersheet/model_finetune_640_results/res_034568a769e25ca4181c36af136dde14_jpg_16.pkl
163,94,191,108,163,94,190,94,190,107,163,107,ffffffkkkffgaaaaatttttttt,for,0.6945504546165466,0.3951159822940826,0.5834430009126663,/content/outputs/inference/answersheet/model_finetune_640_results/res_034568a769e25ca4181c36af136dde14_jpg_17.pkl
92,50,142,63,92,50,140,50,140,61,92,61,tbsseaie,rester,0.6770387887954712,0.17758224066346884,0.5351078659296036,/content/outputs/inference/answersheet/model_finetune_640_results/res_034568a769e25ca4181c36af136dde14_jpg_18.pkl
178,151,207,162,178,151,206,151,206,161,178,161,tthhheeeeeeeellllll,the,0.5736373662948608,0.25100539154128026,0.6201854348182678,/content/outputs/inference/answersheet/model_finetune_640_results/res_034568a769e25ca4181c36af136dde14_jpg_19.pkl
146,28,177,41,146,28,176,28,176,40,146,40,tt222asaattttttttttttttt,teat,0.827617347240448,0.343562220223248,0.5262958347797394,/content/outputs/inference/answersheet/model_finetune_640_results/res_034568a769e25ca4181c36af136dde14_jpg_20.pkl
182,7,210,18,182,7,209,7,209,17,182,17,lltllletaaaatiittttt,for,0.6697534322738647,0.21352177076041698,0.42065772973001003,/content/outputs/inference/answersheet/model_finetune_640_results/res_034568a769e25ca4181c36af136dde14_jpg_21.pkl
211,206,236,216,211,206,235,206,235,215,211,215,tteeeeaaaaaaalitlttttttttt,that,0.5617401003837585,0.25373877298373443,0.6198436379432678,/content/outputs/inference/answersheet/model_finetune_640_results/res_034568a769e25ca4181c36af136dde14_jpg_22.pkl
232,306,260,317,232,306,259,306,259,316,232,316,tthhhheslddd,the,0.8236814141273499,0.17046919278800488,0.5427494570612907,/content/outputs/inference/answersheet/model_finetune_640_results/res_034568a769e25ca4181c36af136dde14_jpg_23.pkl
247,383,285,395,247,383,284,383,284,394,247,394,ssssssstraaatltttlt,that,0.7246150374412537,0.3600492195079201,0.6633346319198609,/content/outputs/inference/answersheet/model_finetune_640_results/res_034568a769e25ca4181c36af136dde14_jpg_24.pkl
