106,25,164,37,108,25,163,25,163,36,108,36,coettdeeee,colder,0.8047670125961304,0.13633894175291061,0.44602894889456884,/content/outputs/inference/answersheet/model_finetune_640_results/res_4bd83a8b7a0c098b5d86e612b1987c7d_jpg_0.pkl
187,58,252,71,187,58,251,58,251,70,187,70,aeaaaagcgoeaeeafttttttttttlaeeme,come,0.702517569065094,0.23456109454855323,0.34598408639431,/content/outputs/inference/answersheet/model_finetune_640_results/res_4bd83a8b7a0c098b5d86e612b1987c7d_jpg_1.pkl
285,16,374,27,290,16,373,16,373,26,290,26,boddottseoeeeeauee,breads,0.7056536078453064,0.12087153726153904,0.35503983178309034,/content/outputs/inference/answersheet/model_finetune_640_results/res_4bd83a8b7a0c098b5d86e612b1987c7d_jpg_2.pkl
360,58,411,72,360,58,410,58,410,71,360,71,esssepaaae,greath,0.5619074106216431,0.1657368302345276,0.38207295004810604,/content/outputs/inference/answersheet/model_finetune_640_results/res_4bd83a8b7a0c098b5d86e612b1987c7d_jpg_3.pkl
62,82,79,93,62,82,78,82,78,92,62,92,bbto,for,0.6525355577468872,0.27543336153030396,0.6704820543527603,/content/outputs/inference/answersheet/model_finetune_640_results/res_4bd83a8b7a0c098b5d86e612b1987c7d_jpg_4.pkl
93,58,145,70,93,58,142,58,142,69,93,69,sssedeee,from,0.6193860769271851,0.08423489052802324,0.4963099271059036,/content/outputs/inference/answersheet/model_finetune_640_results/res_4bd83a8b7a0c098b5d86e612b1987c7d_jpg_5.pkl
388,59,411,72,388,59,410,59,410,71,388,71,ahhad,and,0.5057857036590576,0.2644817441701889,0.5586994364857674,/content/outputs/inference/answersheet/model_finetune_640_results/res_4bd83a8b7a0c098b5d86e612b1987c7d_jpg_6.pkl
264,115,285,125,264,115,284,115,284,124,264,124,tthhhhnnnooy,the,0.6675156950950623,0.15488901237646738,0.6438654512166977,/content/outputs/inference/answersheet/model_finetune_640_results/res_4bd83a8b7a0c098b5d86e612b1987c7d_jpg_7.pkl
195,162,220,171,195,162,219,162,219,170,195,170,thhhhhhhhhhhhhhheee,the,0.7435938119888306,0.27679640289984253,0.6645718477666378,/content/outputs/inference/answersheet/model_finetune_640_results/res_4bd83a8b7a0c098b5d86e612b1987c7d_jpg_8.pkl
295,22,372,36,295,22,371,22,371,35,295,35,sashaeaeeeeaee,coffeen,0.6021735668182373,0.15586526106510842,0.4564356058835983,/content/outputs/inference/answersheet/model_finetune_640_results/res_4bd83a8b7a0c098b5d86e612b1987c7d_jpg_9.pkl
60,115,79,127,60,115,78,115,78,126,60,126,aa,the,0.6650750041007996,0.15809370577335358,0.574173629283905,/content/outputs/inference/answersheet/model_finetune_640_results/res_4bd83a8b7a0c098b5d86e612b1987c7d_jpg_10.pkl
143,14,175,23,143,14,174,14,174,22,143,22,aaade,and,0.6489129066467285,0.1704299807548523,0.6312081180512905,/content/outputs/inference/answersheet/model_finetune_640_results/res_4bd83a8b7a0c098b5d86e612b1987c7d_jpg_11.pkl
17,3,43,14,17,3,42,3,42,13,17,13,tsssnnenat,the,0.5538064241409302,0.18413728848099709,0.44222075305879116,/content/outputs/inference/answersheet/model_finetune_640_results/res_4bd83a8b7a0c098b5d86e612b1987c7d_jpg_12.pkl
272,59,307,70,272,59,306,59,306,69,272,69,ttteepppppppfneeeeeeaea,the,0.601963222026825,0.16770042835370355,0.4721532016992569,/content/outputs/inference/answersheet/model_finetune_640_results/res_4bd83a8b7a0c098b5d86e612b1987c7d_jpg_13.pkl
257,81,287,92,257,81,286,81,286,91,257,91,fttaaaye,for,0.621236264705658,0.3123657498508692,0.581474557518959,/content/outputs/inference/answersheet/model_finetune_640_results/res_4bd83a8b7a0c098b5d86e612b1987c7d_jpg_14.pkl
81,93,106,105,81,93,105,93,105,104,81,104,hhhaeneeeeeeeee,have,0.5234706401824951,0.13635149697462717,0.5014867298305035,/content/outputs/inference/answersheet/model_finetune_640_results/res_4bd83a8b7a0c098b5d86e612b1987c7d_jpg_15.pkl
268,159,293,171,268,159,292,159,292,170,268,170,llitie,the,0.5783737301826477,0.14882796381910643,0.5880521535873413,/content/outputs/inference/answersheet/model_finetune_640_results/res_4bd83a8b7a0c098b5d86e612b1987c7d_jpg_16.pkl
208,83,235,92,208,83,234,83,234,91,208,91,tlhhaaaaaaata,sale,0.8069128394126892,0.1612516183119554,0.546688649058342,/content/outputs/inference/answersheet/model_finetune_640_results/res_4bd83a8b7a0c098b5d86e612b1987c7d_jpg_17.pkl
164,122,219,137,164,122,218,122,218,136,164,136,aeeeaaaeeeeee,the,0.5042030215263367,0.22824963698020348,0.33709311857819557,/content/outputs/inference/answersheet/model_finetune_640_results/res_4bd83a8b7a0c098b5d86e612b1987c7d_jpg_18.pkl
306,81,368,93,306,81,367,81,367,92,306,92,eealeeddd,sale,0.5660478472709656,0.1559130632215076,0.4255478024482727,/content/outputs/inference/answersheet/model_finetune_640_results/res_4bd83a8b7a0c098b5d86e612b1987c7d_jpg_19.pkl
201,50,230,59,201,50,229,50,229,58,201,58,tlllaaayabbneda,the,0.5621688365936279,0.13817506829897563,0.5217581391334534,/content/outputs/inference/answersheet/model_finetune_640_results/res_4bd83a8b7a0c098b5d86e612b1987c7d_jpg_20.pkl
155,50,187,59,155,50,186,50,186,58,155,58,tbaea,from,0.6533012986183167,0.13074339628219606,0.6243839263916016,/content/outputs/inference/answersheet/model_finetune_640_results/res_4bd83a8b7a0c098b5d86e612b1987c7d_jpg_21.pkl
230,60,254,70,230,60,253,60,253,69,230,69,eeeeeeeeee,sender,0.6552181839942932,0.2573855593800545,0.5295852252415248,/content/outputs/inference/answersheet/model_finetune_640_results/res_4bd83a8b7a0c098b5d86e612b1987c7d_jpg_22.pkl
124,116,151,126,124,116,150,116,150,125,124,125,dea,from,0.635866641998291,0.13380107283592224,0.5716155871748925,/content/outputs/inference/answersheet/model_finetune_640_results/res_4bd83a8b7a0c098b5d86e612b1987c7d_jpg_23.pkl
155,26,180,35,155,26,179,26,179,34,155,34,tddaaeeeh,the,0.5010786056518555,0.12987380392021602,0.5731020420789719,/content/outputs/inference/answersheet/model_finetune_640_results/res_4bd83a8b7a0c098b5d86e612b1987c7d_jpg_24.pkl
286,13,376,38,290,15,372,15,372,37,290,37,eeeueeede,coffeen,0.5002326369285583,0.15197356210814583,0.46262415405362844,/content/outputs/inference/answersheet/model_finetune_640_results/res_4bd83a8b7a0c098b5d86e612b1987c7d_jpg_25.pkl
