350,187,390,198,350,187,389,187,389,197,350,197,laaaaaaaeee,and,0.7474987506866455,0.21663793379610236,0.5578218139708042,/content/outputs/inference/answersheet/model_finetune_640_results/res_7c564fa160794c8d26da86799d159521_jpg_0.pkl
311,18,373,34,311,20,372,20,372,33,311,33,eee,compers,0.6490816473960876,0.20873600989580154,0.4600555282086134,/content/outputs/inference/answersheet/model_finetune_640_results/res_7c564fa160794c8d26da86799d159521_jpg_1.pkl
179,307,236,319,179,307,235,307,235,318,179,318,dfaadbaaaa,restard,0.8405765295028687,0.1479048825800419,0.48471937235444784,/content/outputs/inference/answersheet/model_finetune_640_results/res_7c564fa160794c8d26da86799d159521_jpg_2.pkl
142,284,182,298,142,284,181,284,181,297,142,297,strtaaae,that,0.805446445941925,0.21014214679598808,0.6366847336292267,/content/outputs/inference/answersheet/model_finetune_640_results/res_7c564fa160794c8d26da86799d159521_jpg_3.pkl
132,163,199,175,132,163,198,163,198,174,132,174,ahtee,from,0.6330646276473999,0.17224217653274537,0.4867268666625023,/content/outputs/inference/answersheet/model_finetune_640_results/res_7c564fa160794c8d26da86799d159521_jpg_4.pkl
130,339,191,353,130,339,189,339,189,351,130,351,ttaeeeee,the,0.7622926235198975,0.2327510118484497,0.4836690202355385,/content/outputs/inference/answersheet/model_finetune_640_results/res_7c564fa160794c8d26da86799d159521_jpg_5.pkl
202,317,312,335,208,319,311,319,311,334,208,334,eeeetaaaaee,from,0.5775666236877441,0.29918380623514,0.5330003008246422,/content/outputs/inference/answersheet/model_finetune_640_results/res_7c564fa160794c8d26da86799d159521_jpg_6.pkl
226,319,309,329,232,319,308,319,308,328,232,328,taaaeteeeeee,from,0.7653282284736633,0.27665797000130016,0.614033967256546,/content/outputs/inference/answersheet/model_finetune_640_results/res_7c564fa160794c8d26da86799d159521_jpg_7.pkl
212,99,264,110,212,99,262,99,262,108,212,108,eetppeee,coffee,0.6544677019119263,0.2180747278034687,0.5376692563295364,/content/outputs/inference/answersheet/model_finetune_640_results/res_7c564fa160794c8d26da86799d159521_jpg_8.pkl
239,18,316,31,239,18,311,18,311,30,239,30,teeeeeeee,from,0.616698145866394,0.1184037874142329,0.5008838608860969,/content/outputs/inference/answersheet/model_finetune_640_results/res_7c564fa160794c8d26da86799d159521_jpg_9.pkl
217,385,296,397,217,385,295,385,295,396,217,396,fffooohhegggddyype,from,0.8507343530654907,0.20319554954767227,0.4807819724082947,/content/outputs/inference/answersheet/model_finetune_640_results/res_7c564fa160794c8d26da86799d159521_jpg_10.pkl
131,119,175,132,131,119,173,119,173,130,131,130,aaoaaatthateddtt,and,0.5791547894477844,0.22070399951189756,0.4366062469780445,/content/outputs/inference/answersheet/model_finetune_640_results/res_7c564fa160794c8d26da86799d159521_jpg_11.pkl
260,14,380,36,260,18,374,18,374,35,260,35,teeee,concessageid,0.5277981162071228,0.1470363438129425,0.5429480477021291,/content/outputs/inference/answersheet/model_finetune_640_results/res_7c564fa160794c8d26da86799d159521_jpg_12.pkl
19,85,57,101,19,85,56,85,56,100,19,100,opdddi,off,0.6066259741783142,0.2788373703757922,0.3958605192601681,/content/outputs/inference/answersheet/model_finetune_640_results/res_7c564fa160794c8d26da86799d159521_jpg_13.pkl
49,19,113,32,49,19,112,19,112,31,49,31,aaaeteee,from,0.6930900812149048,0.1132507799193263,0.5914459586143493,/content/outputs/inference/answersheet/model_finetune_640_results/res_7c564fa160794c8d26da86799d159521_jpg_14.pkl
160,384,289,398,163,384,287,384,287,396,163,396,caaeeeefohgee,coffee,0.5973851680755615,0.14565009050644362,0.4960145077535084,/content/outputs/inference/answersheet/model_finetune_640_results/res_7c564fa160794c8d26da86799d159521_jpg_15.pkl
161,385,217,396,164,385,216,385,216,395,164,395,cayyiaippmfeyeeeee,coffee,0.7516319155693054,0.1609743076066176,0.591204822063446,/content/outputs/inference/answersheet/model_finetune_640_results/res_7c564fa160794c8d26da86799d159521_jpg_16.pkl
287,19,311,31,287,19,310,19,310,30,287,30,aeeee,the,0.5280338525772095,0.1092110127210617,0.4705263627693057,/content/outputs/inference/answersheet/model_finetune_640_results/res_7c564fa160794c8d26da86799d159521_jpg_17.pkl
58,228,127,242,58,228,126,228,126,241,58,241,eoaeeeeaaeee,breater,0.5242114663124084,0.17693953029811382,0.3921132814139128,/content/outputs/inference/answersheet/model_finetune_640_results/res_7c564fa160794c8d26da86799d159521_jpg_18.pkl
40,109,57,120,40,109,56,109,56,119,40,119,aaaaaaaaaaaaaeaaeaeaeee,and,0.6079563498497009,0.2247357277766518,0.5682090818881989,/content/outputs/inference/answersheet/model_finetune_640_results/res_7c564fa160794c8d26da86799d159521_jpg_19.pkl
183,363,225,374,183,363,224,363,224,373,183,373,eseee,from,0.6112694144248962,0.13453518748283386,0.6443170636892319,/content/outputs/inference/answersheet/model_finetune_640_results/res_7c564fa160794c8d26da86799d159521_jpg_20.pkl
268,187,345,198,272,187,344,187,344,197,272,197,ordaaaaaheee,from,0.6377561092376709,0.24814106586078802,0.5894313842058182,/content/outputs/inference/answersheet/model_finetune_640_results/res_7c564fa160794c8d26da86799d159521_jpg_21.pkl
60,117,111,131,60,117,110,117,110,130,60,130,esese,from,0.5494025945663452,0.1637750431895256,0.6077969312667847,/content/outputs/inference/answersheet/model_finetune_640_results/res_7c564fa160794c8d26da86799d159521_jpg_22.pkl
69,274,110,286,71,273,109,276,108,286,70,283,ttthtte,from,0.5709697008132935,0.25797275666679653,0.6716884672641754,/content/outputs/inference/answersheet/model_finetune_640_results/res_7c564fa160794c8d26da86799d159521_jpg_23.pkl
32,164,56,175,32,164,55,164,55,174,32,174,aaaiinneoos,and,0.6383089423179626,0.1309416632760655,0.4836088176816702,/content/outputs/inference/answersheet/model_finetune_640_results/res_7c564fa160794c8d26da86799d159521_jpg_24.pkl
110,119,133,129,110,119,132,119,132,128,110,128,faaaaaaaaaaoaaoaoddaeaaaae,come,0.5992407202720642,0.1287178425834729,0.3210104078054428,/content/outputs/inference/answersheet/model_finetune_640_results/res_7c564fa160794c8d26da86799d159521_jpg_25.pkl
113,108,137,117,113,108,136,108,136,116,113,116,yyatatoaoooodoooooaaaaaaaannndtes,come,0.5175021290779114,0.09296686394196568,0.31907390654087064,/content/outputs/inference/answersheet/model_finetune_640_results/res_7c564fa160794c8d26da86799d159521_jpg_26.pkl
41,114,59,125,41,114,54,114,54,121,41,121,a,and,0.542262852191925,0.2387700229883194,0.5970040746033192,/content/outputs/inference/answersheet/model_finetune_640_results/res_7c564fa160794c8d26da86799d159521_jpg_27.pkl
198,17,226,29,198,17,225,17,225,28,198,28,aaaoe,and,0.5658795237541199,0.1337706908583641,0.5639961212873459,/content/outputs/inference/answersheet/model_finetune_640_results/res_7c564fa160794c8d26da86799d159521_jpg_28.pkl
149,229,206,243,149,229,205,229,205,242,149,242,aa,the,0.5025830864906311,0.09325552359223366,0.3106762133538723,/content/outputs/inference/answersheet/model_finetune_640_results/res_7c564fa160794c8d26da86799d159521_jpg_29.pkl
154,98,209,110,154,98,208,98,208,109,154,109,ewwaahees,collers,0.799315333366394,0.18951957176129022,0.5466224066913128,/content/outputs/inference/answersheet/model_finetune_640_results/res_7c564fa160794c8d26da86799d159521_jpg_30.pkl
