139,92,181,102,139,92,179,92,179,100,139,100,aeeeeeeeeee,from,0.5065370202064514,0.4327534484592351,0.5523050561547279,/content/outputs/inference/answersheet/model_finetune_640_results/res_b510568b0302c9e313516c80857df6c5_jpg_0.pkl
190,91,239,102,190,91,238,91,238,101,190,101,aee,from,0.6585903763771057,0.1658390462398529,0.5424961090087891,/content/outputs/inference/answersheet/model_finetune_640_results/res_b510568b0302c9e313516c80857df6c5_jpg_1.pkl
139,179,189,190,139,179,188,179,188,189,139,189,teeeeee,trading,0.5330516695976257,0.2548011317849159,0.4032109957188368,/content/outputs/inference/answersheet/model_finetune_640_results/res_b510568b0302c9e313516c80857df6c5_jpg_2.pkl
317,92,372,103,317,92,369,92,369,102,317,102,tdeaaeeaeaaaaae,from,0.5540726780891418,0.18174707442522048,0.6094622582197189,/content/outputs/inference/answersheet/model_finetune_640_results/res_b510568b0302c9e313516c80857df6c5_jpg_3.pkl
76,179,123,190,76,179,122,179,122,189,76,189,efd,from,0.5383030772209167,0.285165640215079,0.5161794483661651,/content/outputs/inference/answersheet/model_finetune_640_results/res_b510568b0302c9e313516c80857df6c5_jpg_4.pkl
64,13,123,23,64,13,122,13,122,22,64,22,fakeepe,from,0.6425994038581848,0.19020713014262064,0.489021298289299,/content/outputs/inference/answersheet/model_finetune_640_results/res_b510568b0302c9e313516c80857df6c5_jpg_5.pkl
284,92,308,103,284,92,307,92,307,102,284,102,e,from,0.6435770988464355,0.12753508985042572,0.5461638838052749,/content/outputs/inference/answersheet/model_finetune_640_results/res_b510568b0302c9e313516c80857df6c5_jpg_6.pkl
206,13,227,22,206,13,226,13,226,21,206,21,oaeeee,the,0.5772079229354858,0.20925202717383704,0.624433308839798,/content/outputs/inference/answersheet/model_finetune_640_results/res_b510568b0302c9e313516c80857df6c5_jpg_7.pkl
75,92,131,103,75,92,130,92,130,102,75,102,ffkkkkeetta,conter,0.6807155609130859,0.2415557639165358,0.3563876875809261,/content/outputs/inference/answersheet/model_finetune_640_results/res_b510568b0302c9e313516c80857df6c5_jpg_8.pkl
104,92,128,101,104,92,127,92,127,100,104,100,aai,from,0.5527368187904358,0.11141202350457509,0.5924019455909729,/content/outputs/inference/answersheet/model_finetune_640_results/res_b510568b0302c9e313516c80857df6c5_jpg_9.pkl
71,291,119,302,73,291,117,291,117,300,73,300,mhbhhehaaaaaassaaaaattwad,from,0.5863917469978333,0.10785264730453491,0.4443488225340843,/content/outputs/inference/answersheet/model_finetune_640_results/res_b510568b0302c9e313516c80857df6c5_jpg_10.pkl
129,14,161,23,129,14,160,14,160,22,129,22,csssddsae,come,0.5345481634140015,0.08413532045152453,0.3435392200946808,/content/outputs/inference/answersheet/model_finetune_640_results/res_b510568b0302c9e313516c80857df6c5_jpg_11.pkl
