338,10,403,24,338,10,402,10,402,23,338,23,eae,restration,0.7451266646385193,0.10759386916955312,0.5462724620645697,/content/outputs/inference/answersheet/model_finetune_640_results/res_c211863a3eb8a6f86e6fac3760de731e_jpg_0.pkl
277,10,342,23,277,12,338,12,338,22,277,22,eeaeeee,come,0.6062217354774475,0.14355837553739548,0.2894043356180191,/content/outputs/inference/answersheet/model_finetune_640_results/res_c211863a3eb8a6f86e6fac3760de731e_jpg_1.pkl
286,234,305,244,286,234,304,234,304,243,286,243,ffferrrdn,for,0.7399449348449707,0.23244149486223856,0.7426623478531837,/content/outputs/inference/answersheet/model_finetune_640_results/res_c211863a3eb8a6f86e6fac3760de731e_jpg_2.pkl
134,344,154,355,134,344,153,344,153,354,134,354,6666soeee,for,0.6565825939178467,0.19311542395088407,0.6438406147062778,/content/outputs/inference/answersheet/model_finetune_640_results/res_c211863a3eb8a6f86e6fac3760de731e_jpg_3.pkl
315,144,336,155,315,144,335,144,335,154,315,154,gggooooooooooo,for,0.6600601673126221,0.25257999343531473,0.67185378074646,/content/outputs/inference/answersheet/model_finetune_640_results/res_c211863a3eb8a6f86e6fac3760de731e_jpg_4.pkl
322,290,339,297,322,290,338,290,338,296,322,296,aaeee,and,0.7062002420425415,0.09917307943105698,0.628539189696312,/content/outputs/inference/answersheet/model_finetune_640_results/res_c211863a3eb8a6f86e6fac3760de731e_jpg_5.pkl
193,98,287,112,193,100,285,100,285,110,193,110,aaaaaare,comperse,0.6693212985992432,0.1667630448937416,0.38167886601554024,/content/outputs/inference/answersheet/model_finetune_640_results/res_c211863a3eb8a6f86e6fac3760de731e_jpg_6.pkl
281,274,304,285,281,274,303,274,303,284,281,284,ddtaffffffeeee,for,0.648150622844696,0.2429071111338479,0.5891940668225288,/content/outputs/inference/answersheet/model_finetune_640_results/res_c211863a3eb8a6f86e6fac3760de731e_jpg_7.pkl
327,348,344,358,327,348,343,348,343,357,327,357,ebdbrreppppee,the,0.7465614676475525,0.11859460060413067,0.5660122893750668,/content/outputs/inference/answersheet/model_finetune_640_results/res_c211863a3eb8a6f86e6fac3760de731e_jpg_8.pkl
284,323,302,334,284,323,301,323,301,333,284,333,fffkkrrreen,for,0.6654759645462036,0.25320538742975757,0.5951991099864244,/content/outputs/inference/answersheet/model_finetune_640_results/res_c211863a3eb8a6f86e6fac3760de731e_jpg_9.pkl
137,212,156,222,137,212,155,212,155,221,137,221,ttfaoooooooelllly,for,0.5531908273696899,0.13095574650694342,0.719357930123806,/content/outputs/inference/answersheet/model_finetune_640_results/res_c211863a3eb8a6f86e6fac3760de731e_jpg_10.pkl
337,363,360,373,337,363,359,363,359,372,337,372,ttaaa2dsy,and,0.5370186567306519,0.20107015470663706,0.5469912998378277,/content/outputs/inference/answersheet/model_finetune_640_results/res_c211863a3eb8a6f86e6fac3760de731e_jpg_11.pkl
258,132,298,146,258,134,297,134,297,145,258,145,sye,sale,0.5393747687339783,0.20559079945087433,0.6083235770463944,/content/outputs/inference/answersheet/model_finetune_640_results/res_c211863a3eb8a6f86e6fac3760de731e_jpg_12.pkl
349,174,367,183,349,174,366,174,366,182,349,182,sssssssssssssssssssssss,and,0.8449200391769409,0.31253845665765845,0.5529286060482264,/content/outputs/inference/answersheet/model_finetune_640_results/res_c211863a3eb8a6f86e6fac3760de731e_jpg_13.pkl
172,375,192,384,172,375,191,375,191,383,172,383,osoo,and,0.752685010433197,0.0942215695977211,0.6022339779883623,/content/outputs/inference/answersheet/model_finetune_640_results/res_c211863a3eb8a6f86e6fac3760de731e_jpg_14.pkl
332,258,352,265,332,258,351,258,351,264,332,264,tttttttttsaaaeyy,the,0.6891496181488037,0.09921901393681765,0.4789402149617672,/content/outputs/inference/answersheet/model_finetune_640_results/res_c211863a3eb8a6f86e6fac3760de731e_jpg_15.pkl
251,311,301,332,252,305,303,320,298,336,249,320,aeee,date,0.5025802850723267,0.15360076539218426,0.5532503977417946,/content/outputs/inference/answersheet/model_finetune_640_results/res_c211863a3eb8a6f86e6fac3760de731e_jpg_16.pkl
298,188,346,200,298,188,345,188,345,199,298,199,ffeaseerrrttteaiieeeee,from,0.7443689107894897,0.2131148414178328,0.6605036497116089,/content/outputs/inference/answersheet/model_finetune_640_results/res_c211863a3eb8a6f86e6fac3760de731e_jpg_17.pkl
298,188,317,199,298,188,316,188,316,198,298,198,ffffffeaesssssseesseess,from,0.55156010389328,0.300746014908604,0.6930346429347992,/content/outputs/inference/answersheet/model_finetune_640_results/res_c211863a3eb8a6f86e6fac3760de731e_jpg_18.pkl
304,377,324,385,304,377,323,377,323,384,304,384,asssy,and,0.5022533535957336,0.24823117554187774,0.6207894384860992,/content/outputs/inference/answersheet/model_finetune_640_results/res_c211863a3eb8a6f86e6fac3760de731e_jpg_19.pkl
302,337,318,344,302,337,317,337,317,343,302,343,aawawawawoweeeehh,the,0.6806244850158691,0.08970351955469917,0.4900365397334099,/content/outputs/inference/answersheet/model_finetune_640_results/res_c211863a3eb8a6f86e6fac3760de731e_jpg_20.pkl
280,274,331,286,282,274,330,274,330,285,282,285,dddtadtdseeiee,from,0.6282811164855957,0.18423939017312868,0.622373390197754,/content/outputs/inference/answersheet/model_finetune_640_results/res_c211863a3eb8a6f86e6fac3760de731e_jpg_21.pkl
306,246,325,254,306,246,324,246,324,253,306,253,sssn,from,0.7860571146011353,0.16728226840496063,0.6784864440560341,/content/outputs/inference/answersheet/model_finetune_640_results/res_c211863a3eb8a6f86e6fac3760de731e_jpg_22.pkl
326,53,371,68,326,53,370,53,370,67,326,67,eeeeeeee,from,0.5120746493339539,0.12772930040955544,0.6545476451516151,/content/outputs/inference/answersheet/model_finetune_640_results/res_c211863a3eb8a6f86e6fac3760de731e_jpg_23.pkl
273,376,293,385,275,376,292,376,292,384,275,384,aaaa8aa,and,0.5752292275428772,0.12541454072509492,0.6023383475840092,/content/outputs/inference/answersheet/model_finetune_640_results/res_c211863a3eb8a6f86e6fac3760de731e_jpg_24.pkl
48,12,77,23,48,12,76,12,76,22,48,22,tttteeteee,the,0.5550938248634338,0.16640338972210883,0.501554137095809,/content/outputs/inference/answersheet/model_finetune_640_results/res_c211863a3eb8a6f86e6fac3760de731e_jpg_25.pkl
312,276,329,284,312,276,328,276,328,283,312,283,eeedaetteeeeet,the,0.5225038528442383,0.10590265478406634,0.5889240764081478,/content/outputs/inference/answersheet/model_finetune_640_results/res_c211863a3eb8a6f86e6fac3760de731e_jpg_26.pkl
