86,295,129,309,88,295,126,295,126,308,88,308,ttllllmhttt,from,0.6144030094146729,0.20765790952877564,0.6191444635391236,/content/outputs/inference/answersheet/model_finetune_640_results/res_e3694f4d4d185e55c4d6f4b711477bb4_jpg_0.pkl
189,18,214,30,189,18,213,18,213,29,189,29,lttlltlllllltllttttlttittttttttttt,least,0.5358655452728271,0.3920358239727862,0.5326928297678629,/content/outputs/inference/answersheet/model_finetune_640_results/res_e3694f4d4d185e55c4d6f4b711477bb4_jpg_1.pkl
163,294,204,307,163,294,203,294,203,306,163,306,bhhtvhee2eeeeeenn,the,0.6928007006645203,0.15930770907331915,0.338815338909626,/content/outputs/inference/answersheet/model_finetune_640_results/res_e3694f4d4d185e55c4d6f4b711477bb4_jpg_2.pkl
187,64,207,73,187,64,206,64,206,72,187,72,wwtwwtwlllwllllhllllhllhthhhtdhdttttttllll,from,0.6468934416770935,0.15671384973185404,0.5709103710949421,/content/outputs/inference/answersheet/model_finetune_640_results/res_e3694f4d4d185e55c4d6f4b711477bb4_jpg_3.pkl
255,83,276,95,255,83,275,83,275,94,255,94,ttaaaaaaaa,from,0.6030707359313965,0.28802330493927003,0.6259791433811188,/content/outputs/inference/answersheet/model_finetune_640_results/res_e3694f4d4d185e55c4d6f4b711477bb4_jpg_4.pkl
181,327,213,342,181,327,212,327,212,341,181,341,tttaaaaaa,that,0.533591091632843,0.19009752406014335,0.5519695580005646,/content/outputs/inference/answersheet/model_finetune_640_results/res_e3694f4d4d185e55c4d6f4b711477bb4_jpg_5.pkl
202,84,243,97,202,84,242,84,242,96,202,96,ttttttodttttttttt,for,0.5027457475662231,0.3387581872589448,0.4612616337835789,/content/outputs/inference/answersheet/model_finetune_640_results/res_e3694f4d4d185e55c4d6f4b711477bb4_jpg_6.pkl
163,218,185,230,163,218,184,218,184,229,163,229,tthhtannnnnnnlllln,from,0.5401107668876648,0.18594580474827024,0.6701811641454697,/content/outputs/inference/answersheet/model_finetune_640_results/res_e3694f4d4d185e55c4d6f4b711477bb4_jpg_7.pkl
181,138,221,153,181,138,220,138,220,152,181,152,annnnnstttttttttttt,from,0.5177796483039856,0.2657694118587594,0.46639183461666106,/content/outputs/inference/answersheet/model_finetune_640_results/res_e3694f4d4d185e55c4d6f4b711477bb4_jpg_8.pkl
139,272,173,286,139,272,172,272,172,285,139,285,trfaattt,time,0.6571963429450989,0.24466605763882399,0.3911742866039276,/content/outputs/inference/answersheet/model_finetune_640_results/res_e3694f4d4d185e55c4d6f4b711477bb4_jpg_9.pkl
165,141,188,151,165,141,187,141,187,150,165,150,thheaarnnnnn,from,0.5107128620147705,0.14647680396835008,0.6015597015619278,/content/outputs/inference/answersheet/model_finetune_640_results/res_e3694f4d4d185e55c4d6f4b711477bb4_jpg_10.pkl
135,20,159,31,135,20,158,20,158,30,135,30,tetttttttttttt,teat,0.7634270191192627,0.40734806656837463,0.460042142868042,/content/outputs/inference/answersheet/model_finetune_640_results/res_e3694f4d4d185e55c4d6f4b711477bb4_jpg_11.pkl
223,217,246,229,223,217,245,217,245,228,223,228,llllitlitteteeeeeeuul,from,0.5325737595558167,0.22668393630357014,0.6288045376539231,/content/outputs/inference/answersheet/model_finetune_640_results/res_e3694f4d4d185e55c4d6f4b711477bb4_jpg_12.pkl
142,195,164,207,142,195,163,195,163,206,142,206,ttatttt,the,0.5359005928039551,0.12757899399314607,0.7326634377241135,/content/outputs/inference/answersheet/model_finetune_640_results/res_e3694f4d4d185e55c4d6f4b711477bb4_jpg_13.pkl
199,273,226,282,199,273,225,273,225,281,199,281,t,the,0.6972577571868896,0.1024695411324501,0.48743270710110664,/content/outputs/inference/answersheet/model_finetune_640_results/res_e3694f4d4d185e55c4d6f4b711477bb4_jpg_14.pkl
205,351,230,361,205,351,229,351,229,360,205,360,lyytypeeaaaaaaaattthtttttttttttttttt,from,0.6908696293830872,0.24960554473929936,0.5724395006895066,/content/outputs/inference/answersheet/model_finetune_640_results/res_e3694f4d4d185e55c4d6f4b711477bb4_jpg_15.pkl
217,295,241,306,217,295,240,295,240,305,217,305,tessssttt,list,0.6391168236732483,0.4317314525445302,0.5074858278036117,/content/outputs/inference/answersheet/model_finetune_640_results/res_e3694f4d4d185e55c4d6f4b711477bb4_jpg_16.pkl
198,196,221,206,198,196,220,196,220,205,198,205,ffatntntnnttnnttt,for,0.6272537112236023,0.256378932910807,0.4984603673219681,/content/outputs/inference/answersheet/model_finetune_640_results/res_e3694f4d4d185e55c4d6f4b711477bb4_jpg_17.pkl
87,41,131,56,87,43,129,43,129,54,87,54,tteeetttlttt,teath,0.6837751865386963,0.21516823271910349,0.47121375799179077,/content/outputs/inference/answersheet/model_finetune_640_results/res_e3694f4d4d185e55c4d6f4b711477bb4_jpg_18.pkl
186,62,226,74,186,62,225,62,225,73,186,73,hhlhlettttw,lines,0.5563483238220215,0.12943799793720245,0.5001372372110685,/content/outputs/inference/answersheet/model_finetune_640_results/res_e3694f4d4d185e55c4d6f4b711477bb4_jpg_19.pkl
236,139,263,151,236,139,262,139,262,150,236,150,tkkthtennnyyd,tell,0.5990278720855713,0.21651758884008115,0.5762644529342651,/content/outputs/inference/answersheet/model_finetune_640_results/res_e3694f4d4d185e55c4d6f4b711477bb4_jpg_20.pkl
