123,27,198,39,123,27,197,27,197,38,123,38,eeeeeessdtttaeeee,restries,0.7346253991127014,0.161815341342898,0.47513239085674286,/content/outputs/inference/answersheet/model_finetune_640_results/res_c055436676b4fe09f383e86611702112_jpg_0.pkl
64,50,93,60,64,50,92,50,92,59,64,59,ffte,for,0.6583529114723206,0.2536003477871418,0.6525619924068451,/content/outputs/inference/answersheet/model_finetune_640_results/res_c055436676b4fe09f383e86611702112_jpg_1.pkl
63,2,86,15,63,2,85,2,85,14,63,14,fh,from,0.7920532822608948,0.18362295627593994,0.7030768990516663,/content/outputs/inference/answersheet/model_finetune_640_results/res_c055436676b4fe09f383e86611702112_jpg_2.pkl
199,27,290,40,199,27,289,27,289,39,199,39,dftaaedddieee,restrice,0.5015568733215332,0.1876897611297094,0.4329426619741652,/content/outputs/inference/answersheet/model_finetune_640_results/res_c055436676b4fe09f383e86611702112_jpg_3.pkl
85,4,136,17,85,4,135,4,135,16,85,16,ygeeeeeeeeee,you,0.5019270777702332,0.2875053783257802,0.586072314530611,/content/outputs/inference/answersheet/model_finetune_640_results/res_c055436676b4fe09f383e86611702112_jpg_4.pkl
204,28,242,39,204,28,241,28,241,38,204,38,tttppppaatteee,from,0.6915778517723083,0.2567030893904822,0.6071781620383263,/content/outputs/inference/answersheet/model_finetune_640_results/res_c055436676b4fe09f383e86611702112_jpg_5.pkl
263,261,297,273,263,261,296,261,296,272,263,272,daeeeeessss,from,0.5444239974021912,0.2944734286178242,0.5401320278644561,/content/outputs/inference/answersheet/model_finetune_640_results/res_c055436676b4fe09f383e86611702112_jpg_6.pkl
22,170,57,183,25,170,56,170,56,182,25,182,aaaa,off,0.518113911151886,0.27929403632879257,0.5324892438948154,/content/outputs/inference/answersheet/model_finetune_640_results/res_c055436676b4fe09f383e86611702112_jpg_7.pkl
110,272,133,282,110,272,132,272,132,281,110,281,yyyyaaaaaaaaaassssasassannnnsee,come,0.622714638710022,0.13844716308578367,0.3670462638139725,/content/outputs/inference/answersheet/model_finetune_640_results/res_c055436676b4fe09f383e86611702112_jpg_8.pkl
246,28,280,38,246,28,279,28,279,37,246,37,oaree,the,0.5147238373756409,0.1765648528933525,0.5331559777259827,/content/outputs/inference/answersheet/model_finetune_640_results/res_c055436676b4fe09f383e86611702112_jpg_9.pkl
61,171,121,183,61,171,120,171,120,182,61,182,llonnegddiheee,sender,0.6673154830932617,0.1647338606417179,0.5240577757358551,/content/outputs/inference/answersheet/model_finetune_640_results/res_c055436676b4fe09f383e86611702112_jpg_10.pkl
112,62,130,70,112,62,129,62,129,69,112,69,aeee,the,0.5914328694343567,0.18165761791169643,0.6821836829185486,/content/outputs/inference/answersheet/model_finetune_640_results/res_c055436676b4fe09f383e86611702112_jpg_11.pkl
65,27,101,39,65,27,100,27,100,38,65,38,ee,from,0.7323817014694214,0.15951840952038765,0.6848667681217193,/content/outputs/inference/answersheet/model_finetune_640_results/res_c055436676b4fe09f383e86611702112_jpg_12.pkl
182,61,202,70,182,61,201,61,201,69,182,69,ohhoee,the,0.5343209505081177,0.14478337888916334,0.6588963866233826,/content/outputs/inference/answersheet/model_finetune_640_results/res_c055436676b4fe09f383e86611702112_jpg_13.pkl
