307,354,350,369,307,354,349,357,348,370,306,366,eeeaaeyy,the,0.6275419592857361,0.2069214042276144,0.39744025468826294,/content/outputs/inference/answersheet/model_finetune_640_results/res_5961445d7a56f302dd74c4bab4acb8c0_jpg_0.pkl
62,323,128,337,64,323,127,323,127,336,64,336,tihnekleed,the,0.5139127373695374,0.18430380448698996,0.4004062246531248,/content/outputs/inference/answersheet/model_finetune_640_results/res_5961445d7a56f302dd74c4bab4acb8c0_jpg_1.pkl
62,257,109,271,62,257,108,257,108,270,62,270,ettaaaad,bread,0.5955721139907837,0.16935494914650917,0.3934553029636542,/content/outputs/inference/answersheet/model_finetune_640_results/res_5961445d7a56f302dd74c4bab4acb8c0_jpg_2.pkl
109,3,153,13,109,3,151,3,151,11,109,11,d,comping,0.5813784003257751,0.07716849446296692,0.380360322073102,/content/outputs/inference/answersheet/model_finetune_640_results/res_5961445d7a56f302dd74c4bab4acb8c0_jpg_3.pkl
68,392,111,403,68,392,110,392,110,402,68,402,tadd,the,0.5905999541282654,0.15360711514949799,0.4633848015218973,/content/outputs/inference/answersheet/model_finetune_640_results/res_5961445d7a56f302dd74c4bab4acb8c0_jpg_4.pkl
253,325,293,338,253,327,292,327,292,337,253,337,ad,apr,0.6576919555664062,0.13340334594249725,0.3514508791267872,/content/outputs/inference/answersheet/model_finetune_640_results/res_5961445d7a56f302dd74c4bab4acb8c0_jpg_5.pkl
325,216,342,225,325,216,341,216,341,224,325,224,ffffffttttteedddddddddddddd,for,0.5947427749633789,0.24728084686729643,0.5956546887755394,/content/outputs/inference/answersheet/model_finetune_640_results/res_5961445d7a56f302dd74c4bab4acb8c0_jpg_6.pkl
330,327,349,336,330,327,348,327,348,335,330,335,ftedeedeesdppooo,for,0.7796957492828369,0.1603039326146245,0.6415464282035828,/content/outputs/inference/answersheet/model_finetune_640_results/res_5961445d7a56f302dd74c4bab4acb8c0_jpg_7.pkl
183,326,203,336,183,326,202,326,202,335,183,335,o99,for,0.5822896957397461,0.16506078094244003,0.6175419725477695,/content/outputs/inference/answersheet/model_finetune_640_results/res_5961445d7a56f302dd74c4bab4acb8c0_jpg_8.pkl
348,347,363,356,348,347,362,347,362,355,348,355,attttdtddddd,to,0.7815818190574646,0.26275892679889995,0.6258433063824972,/content/outputs/inference/answersheet/model_finetune_640_results/res_5961445d7a56f302dd74c4bab4acb8c0_jpg_9.pkl
174,370,189,379,174,370,188,370,188,378,174,378,tttttteeeeedadsssdddll,the,0.6088215112686157,0.17534846101294865,0.6152978837490082,/content/outputs/inference/answersheet/model_finetune_640_results/res_5961445d7a56f302dd74c4bab4acb8c0_jpg_10.pkl
75,192,114,202,75,192,113,192,113,201,75,201,aassssssssyy,subject,0.6307961940765381,0.2888857399423917,0.5280748754739761,/content/outputs/inference/answersheet/model_finetune_640_results/res_5961445d7a56f302dd74c4bab4acb8c0_jpg_11.pkl
154,194,178,202,154,194,177,194,177,201,154,201,fo,from,0.5615368485450745,0.21652590483427048,0.6783972978591919,/content/outputs/inference/answersheet/model_finetune_640_results/res_5961445d7a56f302dd74c4bab4acb8c0_jpg_12.pkl
62,2,109,14,62,2,107,2,107,12,62,12,eetaalate,steve,0.5379683971405029,0.11564443674352434,0.42171257982651394,/content/outputs/inference/answersheet/model_finetune_640_results/res_5961445d7a56f302dd74c4bab4acb8c0_jpg_13.pkl
165,4,189,13,165,4,188,4,188,12,165,12,ead,from,0.5203301906585693,0.10329420864582062,0.64667047560215,/content/outputs/inference/answersheet/model_finetune_640_results/res_5961445d7a56f302dd74c4bab4acb8c0_jpg_14.pkl
162,215,182,225,162,215,181,215,181,224,162,224,fdddddddddo,and,0.5512793660163879,0.4513424201445146,0.6458656080067158,/content/outputs/inference/answersheet/model_finetune_640_results/res_5961445d7a56f302dd74c4bab4acb8c0_jpg_15.pkl
6,3,51,13,6,3,50,3,50,12,6,12,eesssooomotdteeee,some,0.643499493598938,0.2990992016652051,0.46106683313846586,/content/outputs/inference/answersheet/model_finetune_640_results/res_5961445d7a56f302dd74c4bab4acb8c0_jpg_16.pkl
