3,12,48,24,3,12,47,12,47,23,3,23,taeeeeee,free,0.8793160319328308,0.35017177648842335,0.5792520850896835,/content/outputs/inference/answersheet/model_finetune_640_results/res_d49ad5cd0295c408824ce346c561b800_jpg_0.pkl
176,12,254,23,180,12,253,12,253,22,180,22,teeeeeeeeeeeeeeiaeae,from,0.7187406420707703,0.19685029573738574,0.5296398088335991,/content/outputs/inference/answersheet/model_finetune_640_results/res_d49ad5cd0295c408824ce346c561b800_jpg_1.pkl
262,11,327,23,262,11,326,11,326,22,262,22,aeeaaftneeeeee,from,0.5012901425361633,0.18071521073579788,0.4353169873356819,/content/outputs/inference/answersheet/model_finetune_640_results/res_d49ad5cd0295c408824ce346c561b800_jpg_2.pkl
342,10,406,22,342,10,404,10,404,20,342,20,etddddeddddd,date,0.5697744488716125,0.1735862841208776,0.3761846497654915,/content/outputs/inference/answersheet/model_finetune_640_results/res_d49ad5cd0295c408824ce346c561b800_jpg_3.pkl
69,14,122,23,71,14,121,14,121,22,71,22,ffhdtdffffffeefets,the,0.7874851226806641,0.2715090488394101,0.5559942666441202,/content/outputs/inference/answersheet/model_finetune_640_results/res_d49ad5cd0295c408824ce346c561b800_jpg_4.pkl
74,24,156,34,84,24,155,24,155,33,84,33,eeeeedaaaaeetee,from,0.5560229420661926,0.270611901084582,0.5671935111284256,/content/outputs/inference/answersheet/model_finetune_640_results/res_d49ad5cd0295c408824ce346c561b800_jpg_5.pkl
307,0,369,11,307,0,367,0,367,9,307,9,hggoneg,from,0.5684685111045837,0.09773124541555132,0.5608630582690239,/content/outputs/inference/answersheet/model_finetune_640_results/res_d49ad5cd0295c408824ce346c561b800_jpg_6.pkl
125,155,184,168,127,155,183,155,183,167,127,167,ee,sender,0.6348134279251099,0.14045222476124763,0.5161289636577878,/content/outputs/inference/answersheet/model_finetune_640_results/res_d49ad5cd0295c408824ce346c561b800_jpg_7.pkl
40,179,60,191,40,179,59,179,59,190,40,190,ool,6,0.710423469543457,0.21437637507915497,0.3652385175228119,/content/outputs/inference/answersheet/model_finetune_640_results/res_d49ad5cd0295c408824ce346c561b800_jpg_8.pkl
76,258,143,269,78,258,140,258,140,268,78,268,dsedddd,date,0.548519492149353,0.1505179022039686,0.3885626047849655,/content/outputs/inference/answersheet/model_finetune_640_results/res_d49ad5cd0295c408824ce346c561b800_jpg_9.pkl
72,146,135,158,72,146,134,146,134,157,72,157,tthyyyedee,the,0.5470163822174072,0.19903947189450263,0.37010375782847404,/content/outputs/inference/answersheet/model_finetune_640_results/res_d49ad5cd0295c408824ce346c561b800_jpg_10.pkl
157,25,195,35,157,25,194,25,194,34,157,34,hhhttaaaaaaaaeeeeeeeee,the,0.6249146461486816,0.2237421257252043,0.44554611667990685,/content/outputs/inference/answersheet/model_finetune_640_results/res_d49ad5cd0295c408824ce346c561b800_jpg_11.pkl
59,9,192,25,68,12,191,12,191,24,68,24,hbneeesee,enders,0.6158078908920288,0.23153472029500538,0.452416330575943,/content/outputs/inference/answersheet/model_finetune_640_results/res_d49ad5cd0295c408824ce346c561b800_jpg_12.pkl
77,213,96,222,77,213,95,213,95,221,77,221,tppppaaaaaaaaaaeaaaa44tttttt,that,0.6260039806365967,0.3229465519211122,0.7384437203407288,/content/outputs/inference/answersheet/model_finetune_640_results/res_d49ad5cd0295c408824ce346c561b800_jpg_13.pkl
75,180,94,190,75,180,93,180,93,189,75,189,trrrrrtet,the,0.5322139859199524,0.11052937391731474,0.6834398433566093,/content/outputs/inference/answersheet/model_finetune_640_results/res_d49ad5cd0295c408824ce346c561b800_jpg_14.pkl
205,24,247,36,205,24,246,24,246,35,205,35,ddeeeeeeeeeee,come,0.5749351382255554,0.29258342660390413,0.33674485981464386,/content/outputs/inference/answersheet/model_finetune_640_results/res_d49ad5cd0295c408824ce346c561b800_jpg_15.pkl
222,256,275,267,222,256,274,256,274,266,222,266,fhaaaaeedde,from,0.5825491547584534,0.1566758467392488,0.5981925949454308,/content/outputs/inference/answersheet/model_finetune_640_results/res_d49ad5cd0295c408824ce346c561b800_jpg_16.pkl
200,187,288,200,203,187,287,187,287,199,203,199,eeeseafleestse,collect,0.6249079704284668,0.14298723744494574,0.40515960566699505,/content/outputs/inference/answersheet/model_finetune_640_results/res_d49ad5cd0295c408824ce346c561b800_jpg_17.pkl
73,15,101,23,73,15,100,15,100,22,73,22,fffbffabbhhdtfffffffefee,the,0.8773646354675293,0.24314283300191164,0.6020400077104568,/content/outputs/inference/answersheet/model_finetune_640_results/res_d49ad5cd0295c408824ce346c561b800_jpg_18.pkl
274,153,361,166,274,153,360,153,360,165,274,165,hoeeeeeeateee,from,0.557816743850708,0.2776684279625232,0.5162685364484787,/content/outputs/inference/answersheet/model_finetune_640_results/res_d49ad5cd0295c408824ce346c561b800_jpg_19.pkl
183,68,203,78,183,68,202,68,202,77,183,77,ossyyyyyyyyyyvvvv,for,0.5409672856330872,0.2569734655758914,0.7028036788105965,/content/outputs/inference/answersheet/model_finetune_640_results/res_d49ad5cd0295c408824ce346c561b800_jpg_20.pkl
163,180,187,189,163,180,186,180,186,188,163,188,annnnaaeeatttt,and,0.7017418742179871,0.18292977235146932,0.43245815485715866,/content/outputs/inference/answersheet/model_finetune_640_results/res_d49ad5cd0295c408824ce346c561b800_jpg_21.pkl
188,119,208,130,188,119,207,119,207,129,188,129,teeeeeeeeeeeeeeeeeeedeeeeeeee,the,0.5791532397270203,0.2373900428928178,0.680460000410676,/content/outputs/inference/answersheet/model_finetune_640_results/res_d49ad5cd0295c408824ce346c561b800_jpg_22.pkl
30,258,58,269,30,258,57,258,57,268,30,268,lggggaaaa,sale,0.6195019483566284,0.20452506012386745,0.6322943449020386,/content/outputs/inference/answersheet/model_finetune_640_results/res_d49ad5cd0295c408824ce346c561b800_jpg_23.pkl
73,265,152,281,76,265,151,265,151,280,76,280,oalreee,some,0.5583556294441223,0.13231701403856277,0.29455646872520447,/content/outputs/inference/answersheet/model_finetune_640_results/res_d49ad5cd0295c408824ce346c561b800_jpg_24.pkl
194,178,220,187,194,178,219,178,219,186,194,186,ttssaaahhhe,the,0.5251509547233582,0.18021918900988318,0.6538940276950598,/content/outputs/inference/answersheet/model_finetune_640_results/res_d49ad5cd0295c408824ce346c561b800_jpg_25.pkl
37,211,59,223,37,211,58,211,58,222,37,222,oososooouuu,of,0.6261931657791138,0.19629749655723572,0.6355900863806406,/content/outputs/inference/answersheet/model_finetune_640_results/res_d49ad5cd0295c408824ce346c561b800_jpg_26.pkl
