270,16,322,26,270,16,321,16,321,25,270,25,seeectttttteeyheeeeeeee,coffee,0.7017517685890198,0.3251091011840364,0.5477610124008996,/content/outputs/inference/answersheet/model_finetune_640_results/res_63504eb0f2af2dee88b0213c308767dd_jpg_0.pkl
299,38,354,50,299,38,353,38,353,49,299,49,bbeeeeaaaaaaeeeeeeeyyyyy,brean,0.8263765573501587,0.31324666800598305,0.3840239445368449,/content/outputs/inference/answersheet/model_finetune_640_results/res_63504eb0f2af2dee88b0213c308767dd_jpg_1.pkl
75,10,115,22,75,10,114,10,114,21,75,21,sfkke,from,0.782239556312561,0.14209689497947692,0.5929852247238159,/content/outputs/inference/answersheet/model_finetune_640_results/res_63504eb0f2af2dee88b0213c308767dd_jpg_2.pkl
217,34,294,48,217,34,293,34,293,47,217,47,eeeeaeaasssssaeeeaeeeeeeeeeee,messageid,0.6380836963653564,0.19173506801498347,0.6200726233422756,/content/outputs/inference/answersheet/model_finetune_640_results/res_63504eb0f2af2dee88b0213c308767dd_jpg_3.pkl
154,33,195,46,154,33,194,33,194,45,154,45,fteeeeeeeeee,the,0.7249208688735962,0.31202832485238713,0.3422413431107998,/content/outputs/inference/answersheet/model_finetune_640_results/res_63504eb0f2af2dee88b0213c308767dd_jpg_4.pkl
89,41,138,55,89,41,137,41,137,54,89,54,eeeeeeaaeeeeee,school,0.7160766124725342,0.13296337372490338,0.46536222100257874,/content/outputs/inference/answersheet/model_finetune_640_results/res_63504eb0f2af2dee88b0213c308767dd_jpg_5.pkl
325,18,373,27,325,18,372,18,372,26,325,26,oyood,one,0.8715291023254395,0.4161692768335342,0.38068917393684387,/content/outputs/inference/answersheet/model_finetune_640_results/res_63504eb0f2af2dee88b0213c308767dd_jpg_6.pkl
215,16,269,25,215,16,268,16,268,24,215,24,yocteeeeeeeeeeeeeeett,you,0.5546244978904724,0.39551712856406257,0.5201199389994144,/content/outputs/inference/answersheet/model_finetune_640_results/res_63504eb0f2af2dee88b0213c308767dd_jpg_7.pkl
124,20,170,31,124,20,169,20,169,30,124,30,aadeeeeee,from,0.7376410365104675,0.28056931578450733,0.5653283357620239,/content/outputs/inference/answersheet/model_finetune_640_results/res_63504eb0f2af2dee88b0213c308767dd_jpg_8.pkl
121,14,170,23,121,14,169,14,169,22,121,22,ssoootttdddddddteeeeee,coller,0.6834962368011475,0.22022150897166945,0.47761846653052736,/content/outputs/inference/answersheet/model_finetune_640_results/res_63504eb0f2af2dee88b0213c308767dd_jpg_9.pkl
183,267,205,277,183,267,204,267,204,276,183,276,lltaaaeaaaddyllt,team,0.5559943914413452,0.26674622436985373,0.5282042443752288,/content/outputs/inference/answersheet/model_finetune_640_results/res_63504eb0f2af2dee88b0213c308767dd_jpg_10.pkl
245,154,314,170,245,156,312,156,312,168,245,168,saeggeefti,coffect,0.5760627388954163,0.2257902666926384,0.48704314790666103,/content/outputs/inference/answersheet/model_finetune_640_results/res_63504eb0f2af2dee88b0213c308767dd_jpg_11.pkl
264,15,374,26,271,15,370,15,370,25,271,25,eaeeddrod,coffee,0.5351702570915222,0.27285637375381255,0.4869468957185745,/content/outputs/inference/answersheet/model_finetune_640_results/res_63504eb0f2af2dee88b0213c308767dd_jpg_12.pkl
128,78,171,89,128,78,170,78,170,88,128,88,eaeee,from,0.675929844379425,0.21969442814588547,0.576210868358612,/content/outputs/inference/answersheet/model_finetune_640_results/res_63504eb0f2af2dee88b0213c308767dd_jpg_13.pkl
102,276,155,288,102,276,153,276,153,286,102,286,ntttttttttttttty,subject,0.65057772397995,0.5093752257525921,0.42390369065105915,/content/outputs/inference/answersheet/model_finetune_640_results/res_63504eb0f2af2dee88b0213c308767dd_jpg_14.pkl
212,333,230,343,212,333,229,333,229,342,212,342,ttttatt,from,0.6928607225418091,0.219307507787432,0.6832845717668533,/content/outputs/inference/answersheet/model_finetune_640_results/res_63504eb0f2af2dee88b0213c308767dd_jpg_15.pkl
166,331,189,342,166,331,188,331,188,341,166,341,te,from,0.7002813816070557,0.4207303673028946,0.6381519749760628,/content/outputs/inference/answersheet/model_finetune_640_results/res_63504eb0f2af2dee88b0213c308767dd_jpg_16.pkl
275,322,309,334,275,322,306,322,306,333,275,333,tftfddss,from,0.5597460269927979,0.12783131934702396,0.5303283870220185,/content/outputs/inference/answersheet/model_finetune_640_results/res_63504eb0f2af2dee88b0213c308767dd_jpg_17.pkl
288,158,314,170,288,158,313,158,313,169,288,169,kaaaaaa,from,0.5691572427749634,0.287964329123497,0.5866215407848359,/content/outputs/inference/answersheet/model_finetune_640_results/res_63504eb0f2af2dee88b0213c308767dd_jpg_18.pkl
74,351,120,363,74,351,119,351,119,362,74,362,aaaaeeee,free,0.6885849833488464,0.28708623070269823,0.375360281765461,/content/outputs/inference/answersheet/model_finetune_640_results/res_63504eb0f2af2dee88b0213c308767dd_jpg_19.pkl
86,25,107,35,86,25,106,25,106,34,86,34,ssyffffftttalaayyyyayyayyyayyyy,from,0.5723002552986145,0.2246293512082869,0.5742331385612488,/content/outputs/inference/answersheet/model_finetune_640_results/res_63504eb0f2af2dee88b0213c308767dd_jpg_20.pkl
269,27,295,38,269,27,294,27,294,37,269,37,aaaooddeeeeee,from,0.7028102874755859,0.16462930521139732,0.7121672943234444,/content/outputs/inference/answersheet/model_finetune_640_results/res_63504eb0f2af2dee88b0213c308767dd_jpg_21.pkl
153,376,179,386,153,376,178,376,178,385,153,385,dtdeeessaaat,the,0.5591382384300232,0.12941002286970615,0.5830028504133224,/content/outputs/inference/answersheet/model_finetune_640_results/res_63504eb0f2af2dee88b0213c308767dd_jpg_22.pkl
