72,17,128,29,72,17,127,17,127,28,72,28,strnodiiaaltee,from,0.8013631105422974,0.2655341901949474,0.6033263236284256,/content/outputs/inference/answersheet/model_finetune_640_results/res_66f468e8c1d0cc56eb7420d80329af53_jpg_0.pkl
65,49,117,62,65,49,116,49,116,61,65,61,fssfeatttate,sale,0.8445636034011841,0.28435449426372844,0.4624139279127121,/content/outputs/inference/answersheet/model_finetune_640_results/res_66f468e8c1d0cc56eb7420d80329af53_jpg_1.pkl
61,96,116,107,61,96,114,96,114,105,61,105,ffffkeeaettee,from,0.7116225957870483,0.18103938435132688,0.5488921731710434,/content/outputs/inference/answersheet/model_finetune_640_results/res_66f468e8c1d0cc56eb7420d80329af53_jpg_2.pkl
63,106,114,117,65,106,113,106,113,116,65,116,aaaattmmmtmmmmmddeeee,sale,0.7563551068305969,0.20223370407308852,0.36826578080654143,/content/outputs/inference/answersheet/model_finetune_640_results/res_66f468e8c1d0cc56eb7420d80329af53_jpg_3.pkl
354,71,409,84,354,71,408,71,408,83,354,83,cffenea,coffeen,0.6460054516792297,0.2035510050398963,0.5237945951521397,/content/outputs/inference/answersheet/model_finetune_640_results/res_66f468e8c1d0cc56eb7420d80329af53_jpg_4.pkl
332,115,369,127,332,115,368,115,368,126,332,126,tae,from,0.7228506803512573,0.3617270936568578,0.4896651566028595,/content/outputs/inference/answersheet/model_finetune_640_results/res_66f468e8c1d0cc56eb7420d80329af53_jpg_5.pkl
148,49,190,63,148,49,189,49,189,62,148,62,sdtffdpaaa,for,0.6264678239822388,0.15746691972017288,0.512022290378809,/content/outputs/inference/answersheet/model_finetune_640_results/res_66f468e8c1d0cc56eb7420d80329af53_jpg_6.pkl
44,17,64,27,44,17,63,17,63,26,44,26,aaittiieetttttataaa,it,0.6228734254837036,0.2939478355018716,0.5218496223290762,/content/outputs/inference/answersheet/model_finetune_640_results/res_66f468e8c1d0cc56eb7420d80329af53_jpg_7.pkl
62,126,108,138,62,126,107,126,107,137,62,137,fraiffffffffffffffeeaeee,from,0.5681842565536499,0.21712170572330555,0.5509519904851914,/content/outputs/inference/answersheet/model_finetune_640_results/res_66f468e8c1d0cc56eb7420d80329af53_jpg_8.pkl
62,96,90,104,62,96,89,96,89,103,62,103,ffffffffkkkkeeeeeeeeeeassssaneedeedaiii,from,0.5777254104614258,0.19767246204308975,0.5891695022583008,/content/outputs/inference/answersheet/model_finetune_640_results/res_66f468e8c1d0cc56eb7420d80329af53_jpg_9.pkl
63,116,116,128,65,116,115,116,115,127,65,127,yccceeamwwnnnnnnddiee,scome,0.5325438976287842,0.17770226973862874,0.37026439358790714,/content/outputs/inference/answersheet/model_finetune_640_results/res_66f468e8c1d0cc56eb7420d80329af53_jpg_10.pkl
95,29,119,40,95,29,118,29,118,39,95,39,tklkkkcgood,for,0.5254043340682983,0.14186831631443717,0.5975820124149323,/content/outputs/inference/answersheet/model_finetune_640_results/res_66f468e8c1d0cc56eb7420d80329af53_jpg_11.pkl
318,83,346,92,318,83,345,83,345,91,318,91,ttttane,the,0.5552576184272766,0.14697254236255372,0.5420133322477341,/content/outputs/inference/answersheet/model_finetune_640_results/res_66f468e8c1d0cc56eb7420d80329af53_jpg_12.pkl
146,18,173,26,146,18,172,18,172,25,146,25,saaaaeeesessssee,but,0.7912353873252869,0.1568588139489293,0.4731307104229927,/content/outputs/inference/answersheet/model_finetune_640_results/res_66f468e8c1d0cc56eb7420d80329af53_jpg_13.pkl
169,26,247,39,171,26,246,26,246,38,171,38,ttoansaoaae,some,0.635396420955658,0.24072408540682358,0.36071628928184507,/content/outputs/inference/answersheet/model_finetune_640_results/res_66f468e8c1d0cc56eb7420d80329af53_jpg_14.pkl
192,17,254,26,192,17,252,17,252,24,192,24,etteeeeeee,etter,0.6862449645996094,0.29817235469818115,0.4110826104879379,/content/outputs/inference/answersheet/model_finetune_640_results/res_66f468e8c1d0cc56eb7420d80329af53_jpg_15.pkl
60,83,91,96,60,83,90,83,90,95,60,95,syyyyyyyypoant,sport,0.6821381449699402,0.157628099833216,0.6011007825533549,/content/outputs/inference/answersheet/model_finetune_640_results/res_66f468e8c1d0cc56eb7420d80329af53_jpg_16.pkl
300,27,389,39,300,27,387,27,387,37,300,37,ebaoeeea,breads,0.5418939590454102,0.23187521286308765,0.3585421230111803,/content/outputs/inference/answersheet/model_finetune_640_results/res_66f468e8c1d0cc56eb7420d80329af53_jpg_17.pkl
376,94,398,106,376,94,397,94,397,105,376,105,aaadeedt,will,0.543877363204956,0.18587103858590126,0.6555026590824127,/content/outputs/inference/answersheet/model_finetune_640_results/res_66f468e8c1d0cc56eb7420d80329af53_jpg_18.pkl
125,139,147,150,125,139,146,139,146,149,125,149,oooittttteeeeeea,off,0.6503034830093384,0.21126002073287964,0.703182078897953,/content/outputs/inference/answersheet/model_finetune_640_results/res_66f468e8c1d0cc56eb7420d80329af53_jpg_19.pkl
166,73,194,83,166,73,193,73,193,82,166,82,aakkltee,but,0.7528841495513916,0.11054403055459261,0.35110757499933243,/content/outputs/inference/answersheet/model_finetune_640_results/res_66f468e8c1d0cc56eb7420d80329af53_jpg_20.pkl
253,18,280,27,255,18,279,18,279,26,255,26,el,for,0.5602982044219971,0.25174571573734283,0.5096016451716423,/content/outputs/inference/answersheet/model_finetune_640_results/res_66f468e8c1d0cc56eb7420d80329af53_jpg_21.pkl
247,27,319,39,251,27,318,27,318,38,251,38,seeessumeaeoeee,subject,0.5977322459220886,0.13948825945456822,0.40286635234951973,/content/outputs/inference/answersheet/model_finetune_640_results/res_66f468e8c1d0cc56eb7420d80329af53_jpg_22.pkl
141,114,209,128,145,114,208,114,208,127,145,127,allffffffeeeaanay,coffeen,0.5658323168754578,0.22766524684779785,0.5258858855813742,/content/outputs/inference/answersheet/model_finetune_640_results/res_66f468e8c1d0cc56eb7420d80329af53_jpg_23.pkl
64,73,91,83,64,73,90,73,90,82,64,82,aiteeeeshhnnnttt,the,0.5135893225669861,0.18788905534893274,0.5572057589888573,/content/outputs/inference/answersheet/model_finetune_640_results/res_66f468e8c1d0cc56eb7420d80329af53_jpg_24.pkl
309,105,332,115,311,105,331,105,331,114,311,114,aaaaeeeeeeeeeeeee,the,0.5177721381187439,0.35074088547159643,0.4898583684116602,/content/outputs/inference/answersheet/model_finetune_640_results/res_66f468e8c1d0cc56eb7420d80329af53_jpg_25.pkl
