232,11,298,20,232,11,297,11,297,19,232,19,fsdee,from,0.7627548575401306,0.16747519373893738,0.538611751794815,/content/outputs/inference/answersheet/model_finetune_640_results/res_7ae108a094ef274aa870a0e3b5d5f62b_jpg_0.pkl
328,6,370,21,328,6,367,6,367,20,328,20,ade,the,0.645626425743103,0.23191267748673758,0.5382376685738564,/content/outputs/inference/answersheet/model_finetune_640_results/res_7ae108a094ef274aa870a0e3b5d5f62b_jpg_1.pkl
213,7,383,25,215,7,370,7,370,22,215,22,neeeesaallk,restrice,0.5580486059188843,0.18044698441570456,0.36214731136957806,/content/outputs/inference/answersheet/model_finetune_640_results/res_7ae108a094ef274aa870a0e3b5d5f62b_jpg_2.pkl
187,2,232,12,187,2,231,2,231,11,187,11,ee,the,0.5291427373886108,0.19653726369142532,0.5012372955679893,/content/outputs/inference/answersheet/model_finetune_640_results/res_7ae108a094ef274aa870a0e3b5d5f62b_jpg_3.pkl
106,1,173,13,106,1,172,1,172,12,106,12,neeeaeaoootoeooeeeaa,come,0.5126938223838806,0.10265450067818165,0.3618344455957413,/content/outputs/inference/answersheet/model_finetune_640_results/res_7ae108a094ef274aa870a0e3b5d5f62b_jpg_4.pkl
44,11,114,23,47,11,113,11,113,22,47,22,ooodddttdeccssaadeet,coffee,0.5828975439071655,0.1661489050835371,0.47236263006925583,/content/outputs/inference/answersheet/model_finetune_640_results/res_7ae108a094ef274aa870a0e3b5d5f62b_jpg_5.pkl
302,12,328,20,302,12,327,12,327,19,302,19,eedeeddaaeeeeeeeeeeeeee,shop,0.6818570494651794,0.2113455854680227,0.3681975841522217,/content/outputs/inference/answersheet/model_finetune_640_results/res_7ae108a094ef274aa870a0e3b5d5f62b_jpg_6.pkl
38,1,184,22,42,1,182,1,182,20,42,20,oecesssnchhheeecddee,come,0.601371705532074,0.14480466321110724,0.32982811629772185,/content/outputs/inference/answersheet/model_finetune_640_results/res_7ae108a094ef274aa870a0e3b5d5f62b_jpg_7.pkl
282,36,308,44,282,36,307,36,307,43,282,43,tsaeeeeeeeeee,from,0.675280749797821,0.4256862493661734,0.6441919311881066,/content/outputs/inference/answersheet/model_finetune_640_results/res_7ae108a094ef274aa870a0e3b5d5f62b_jpg_8.pkl
298,11,373,23,298,11,368,11,368,22,298,22,bneeale,come,0.5305268168449402,0.18957378289529256,0.328360778093338,/content/outputs/inference/answersheet/model_finetune_640_results/res_7ae108a094ef274aa870a0e3b5d5f62b_jpg_9.pkl
285,244,310,255,285,244,309,244,309,254,285,254,dddlllse,cource,0.5422223806381226,0.08758223848417401,0.3377999769789832,/content/outputs/inference/answersheet/model_finetune_640_results/res_7ae108a094ef274aa870a0e3b5d5f62b_jpg_10.pkl
190,12,233,20,190,12,232,12,232,19,190,19,eeteldeeaa,the,0.5707563161849976,0.0978170856833458,0.5691167432814837,/content/outputs/inference/answersheet/model_finetune_640_results/res_7ae108a094ef274aa870a0e3b5d5f62b_jpg_11.pkl
