64,29,126,43,66,29,125,29,125,42,66,42,oiaaeaee,tate,0.6379507184028625,0.2699763122946024,0.4762923330068588,/content/outputs/inference/answersheet/model_finetune_640_results/res_9a681daff0ad67fb4b7afa3637380bc9_jpg_0.pkl
312,265,358,275,312,265,357,265,357,274,312,274,eedaddwkhkkkkh,dreads,0.5002978444099426,0.15479624377829687,0.406770259141922,/content/outputs/inference/answersheet/model_finetune_640_results/res_9a681daff0ad67fb4b7afa3637380bc9_jpg_1.pkl
119,29,186,43,119,29,185,29,185,42,119,42,dddaooooateat,from,0.5909630060195923,0.15240211670215315,0.6419905573129654,/content/outputs/inference/answersheet/model_finetune_640_results/res_9a681daff0ad67fb4b7afa3637380bc9_jpg_2.pkl
100,52,121,62,100,52,120,52,120,61,100,61,gggg6ggg4gggeeeeddyyyyyyyyyyyyyy,go,0.8377389907836914,0.22290659393183887,0.3347807278235753,/content/outputs/inference/answersheet/model_finetune_640_results/res_9a681daff0ad67fb4b7afa3637380bc9_jpg_3.pkl
57,28,187,46,65,28,186,28,186,43,65,43,oiaeao,collection,0.6573939919471741,0.16201613346735635,0.49241667173125525,/content/outputs/inference/answersheet/model_finetune_640_results/res_9a681daff0ad67fb4b7afa3637380bc9_jpg_4.pkl
100,171,121,184,100,171,120,171,120,183,100,183,geegfd,from,0.5619745254516602,0.11173577482501666,0.5658611193299293,/content/outputs/inference/answersheet/model_finetune_640_results/res_9a681daff0ad67fb4b7afa3637380bc9_jpg_5.pkl
169,305,212,317,169,305,211,305,211,316,169,316,eerrkeyy,the,0.7997540831565857,0.22114875260740519,0.5304068624973297,/content/outputs/inference/answersheet/model_finetune_640_results/res_9a681daff0ad67fb4b7afa3637380bc9_jpg_6.pkl
112,184,170,197,112,184,167,184,167,196,112,196,aaatndddbbbbr,date,0.5193575620651245,0.2043172356027823,0.4081443578004837,/content/outputs/inference/answersheet/model_finetune_640_results/res_9a681daff0ad67fb4b7afa3637380bc9_jpg_7.pkl
83,84,162,96,88,84,158,84,158,94,88,94,ttteeatde,the,0.5242727398872375,0.1704456110795339,0.36039308458566666,/content/outputs/inference/answersheet/model_finetune_640_results/res_9a681daff0ad67fb4b7afa3637380bc9_jpg_8.pkl
143,354,180,363,143,354,179,354,179,362,143,362,ffffeoeoeeeeeaiitll,from,0.564810574054718,0.17036630174047068,0.44565998315811156,/content/outputs/inference/answersheet/model_finetune_640_results/res_9a681daff0ad67fb4b7afa3637380bc9_jpg_9.pkl
99,171,150,183,99,171,149,171,149,182,99,182,gdleeete,come,0.5614243149757385,0.23583014030009508,0.4143092155456543,/content/outputs/inference/answersheet/model_finetune_640_results/res_9a681daff0ad67fb4b7afa3637380bc9_jpg_10.pkl
45,245,74,257,45,245,73,245,73,256,45,256,eoeyy,shom,0.576546311378479,0.13939693346619605,0.35073016583919525,/content/outputs/inference/answersheet/model_finetune_640_results/res_9a681daff0ad67fb4b7afa3637380bc9_jpg_11.pkl
127,73,144,81,127,73,143,73,143,80,127,80,ld,you,0.7655990123748779,0.0902913548052311,0.7038867864757776,/content/outputs/inference/answersheet/model_finetune_640_results/res_9a681daff0ad67fb4b7afa3637380bc9_jpg_12.pkl
95,140,147,152,98,140,145,140,145,150,98,150,ddhee,from,0.7457549571990967,0.1703605592250824,0.5998960077762604,/content/outputs/inference/answersheet/model_finetune_640_results/res_9a681daff0ad67fb4b7afa3637380bc9_jpg_13.pkl
30,241,44,252,30,241,41,241,41,251,30,251,aaaoddddhaansrnraa,and,0.6654414534568787,0.12241245889001423,0.614494800567627,/content/outputs/inference/answersheet/model_finetune_640_results/res_9a681daff0ad67fb4b7afa3637380bc9_jpg_14.pkl
58,139,92,153,60,141,91,141,91,152,60,152,hhhes,the,0.5288074612617493,0.138273386657238,0.5964804943650961,/content/outputs/inference/answersheet/model_finetune_640_results/res_9a681daff0ad67fb4b7afa3637380bc9_jpg_15.pkl
151,142,177,152,151,142,176,142,176,151,151,151,ataaarr,the,0.7146576046943665,0.1682074942759105,0.7229658663272858,/content/outputs/inference/answersheet/model_finetune_640_results/res_9a681daff0ad67fb4b7afa3637380bc9_jpg_16.pkl
138,173,156,182,138,173,155,173,155,181,138,181,d,for,0.7050167322158813,0.0689147561788559,0.6647988222539425,/content/outputs/inference/answersheet/model_finetune_640_results/res_9a681daff0ad67fb4b7afa3637380bc9_jpg_17.pkl
259,243,281,254,259,243,280,243,280,253,259,253,sdddddbbbbbbbhprerrrrerrrrreeeeee,the,0.6238399744033813,0.16563915754809524,0.5360530000180006,/content/outputs/inference/answersheet/model_finetune_640_results/res_9a681daff0ad67fb4b7afa3637380bc9_jpg_18.pkl
100,168,134,180,100,168,133,168,133,179,100,179,ggffedeeeeeeeeeeee,come,0.566972017288208,0.2745206020772457,0.45084724128246306,/content/outputs/inference/answersheet/model_finetune_640_results/res_9a681daff0ad67fb4b7afa3637380bc9_jpg_19.pkl
128,71,142,78,128,71,141,71,141,77,128,77,dy,the,0.8544818162918091,0.14080987125635147,0.560176357626915,/content/outputs/inference/answersheet/model_finetune_640_results/res_9a681daff0ad67fb4b7afa3637380bc9_jpg_20.pkl
90,246,115,254,90,246,114,246,114,253,90,253,ddddddddfffffffffffffd,come,0.5272178649902344,0.15713242001154207,0.3097651645541191,/content/outputs/inference/answersheet/model_finetune_640_results/res_9a681daff0ad67fb4b7afa3637380bc9_jpg_21.pkl
