332,31,363,48,332,31,362,31,362,47,332,47,gsss,off,0.5928574800491333,0.1686040312051773,0.5904367007315159,/content/outputs/inference/answersheet/model_finetune_640_results/res_621f8069cbf04303d1ae48c27da1912a_jpg_0.pkl
270,329,346,342,273,329,345,329,345,341,273,341,adaaaafapaeeeeeeeeeee,compories,0.570246696472168,0.2032188361599332,0.3754707932472229,/content/outputs/inference/answersheet/model_finetune_640_results/res_621f8069cbf04303d1ae48c27da1912a_jpg_1.pkl
220,331,263,343,220,331,262,331,262,342,220,342,aaaeefatttct,from,0.5411719083786011,0.2201116712143024,0.6151536896824836,/content/outputs/inference/answersheet/model_finetune_640_results/res_621f8069cbf04303d1ae48c27da1912a_jpg_2.pkl
76,12,101,22,76,12,100,12,100,21,76,21,ssssssssssnnnnn,some,0.6063644886016846,0.32752992312113444,0.5109611168503762,/content/outputs/inference/answersheet/model_finetune_640_results/res_621f8069cbf04303d1ae48c27da1912a_jpg_3.pkl
308,12,332,20,308,12,331,12,331,19,308,19,fotddyyddyydyyyede,come,0.6944087147712708,0.17835242673754692,0.4404572159051895,/content/outputs/inference/answersheet/model_finetune_640_results/res_621f8069cbf04303d1ae48c27da1912a_jpg_4.pkl
279,333,310,342,279,333,307,333,307,341,279,341,a,and,0.5965838432312012,0.1150038093328476,0.35915807634592056,/content/outputs/inference/answersheet/model_finetune_640_results/res_621f8069cbf04303d1ae48c27da1912a_jpg_5.pkl
48,13,73,22,48,13,72,13,72,21,48,21,ommaanaaenanenneeeeeeeeee,from,0.7408003211021423,0.11484837308526039,0.5952085301280021,/content/outputs/inference/answersheet/model_finetune_640_results/res_621f8069cbf04303d1ae48c27da1912a_jpg_6.pkl
291,35,317,46,291,35,316,35,316,45,291,45,aeeeeeeeee,from,0.678362250328064,0.45757036879658697,0.6607081755995751,/content/outputs/inference/answersheet/model_finetune_640_results/res_621f8069cbf04303d1ae48c27da1912a_jpg_7.pkl
61,322,100,333,61,322,99,322,99,332,61,332,fcffaaaaaadddd,from,0.5887214541435242,0.20326217051063264,0.5548332124948502,/content/outputs/inference/answersheet/model_finetune_640_results/res_621f8069cbf04303d1ae48c27da1912a_jpg_8.pkl
286,233,314,242,286,233,313,233,313,241,286,241,bppgggeatnttmttttttt,come,0.5299268960952759,0.20547692589461802,0.3912697404623032,/content/outputs/inference/answersheet/model_finetune_640_results/res_621f8069cbf04303d1ae48c27da1912a_jpg_9.pkl
238,12,303,20,238,12,299,12,299,18,238,18,eededddeeedeyy,from,0.6723527908325195,0.13526827841997147,0.5749303430318833,/content/outputs/inference/answersheet/model_finetune_640_results/res_621f8069cbf04303d1ae48c27da1912a_jpg_10.pkl
200,323,222,333,200,323,221,323,221,332,200,332,etaaeeeeeeeey,the,0.6392414569854736,0.11928061911692986,0.524358032271266,/content/outputs/inference/answersheet/model_finetune_640_results/res_621f8069cbf04303d1ae48c27da1912a_jpg_11.pkl
93,100,110,109,93,100,109,100,109,108,93,108,fssfdtttee,for,0.5089901089668274,0.23702522069215776,0.5753332749009132,/content/outputs/inference/answersheet/model_finetune_640_results/res_621f8069cbf04303d1ae48c27da1912a_jpg_12.pkl
373,333,413,344,373,333,412,333,412,343,373,343,aaaa,and,0.514085590839386,0.17692061886191368,0.37888336554169655,/content/outputs/inference/answersheet/model_finetune_640_results/res_621f8069cbf04303d1ae48c27da1912a_jpg_13.pkl
179,388,203,397,179,388,202,388,202,396,179,396,yyyaaeanneeeeeeyee,come,0.5039348602294922,0.12641560286283493,0.38150811195373535,/content/outputs/inference/answersheet/model_finetune_640_results/res_621f8069cbf04303d1ae48c27da1912a_jpg_14.pkl
