194,322,247,336,194,322,246,322,246,335,194,335,alaaaea,come,0.8141847848892212,0.16400921451193945,0.3091843843460083,/content/outputs/inference/answersheet/model_finetune_640_results/res_8571fbc4b0d5277ae778873befcbb41e_jpg_0.pkl
182,20,201,29,182,20,200,20,200,28,182,28,ttd0ed0dtd09yy,to,0.7032765746116638,0.3020712637475559,0.771113375822703,/content/outputs/inference/answersheet/model_finetune_640_results/res_8571fbc4b0d5277ae778873befcbb41e_jpg_1.pkl
162,353,175,359,162,353,174,353,174,358,162,358,ddddd0d00d0ooooo0,do,0.6449933648109436,0.08969497110913782,0.4490211655696233,/content/outputs/inference/answersheet/model_finetune_640_results/res_8571fbc4b0d5277ae778873befcbb41e_jpg_2.pkl
227,214,240,222,227,214,239,214,239,221,227,221,fttfa,for,0.6727919578552246,0.3033573359251022,0.7513380795717239,/content/outputs/inference/answersheet/model_finetune_640_results/res_8571fbc4b0d5277ae778873befcbb41e_jpg_3.pkl
35,289,62,300,35,289,61,289,61,299,35,299,seeeleellelelllauad,sale,0.5478988885879517,0.18832194020873622,0.6403722256422043,/content/outputs/inference/answersheet/model_finetune_640_results/res_8571fbc4b0d5277ae778873befcbb41e_jpg_4.pkl
143,18,202,29,143,18,201,18,201,28,143,28,ggyeeeeneeaeannty,get,0.6832812428474426,0.23527425352264852,0.33706262335181236,/content/outputs/inference/answersheet/model_finetune_640_results/res_8571fbc4b0d5277ae778873befcbb41e_jpg_5.pkl
56,287,95,298,56,287,94,287,94,297,56,297,feeellllllelleee,from,0.5216535329818726,0.1686515170149505,0.546798688173294,/content/outputs/inference/answersheet/model_finetune_640_results/res_8571fbc4b0d5277ae778873befcbb41e_jpg_6.pkl
185,289,198,297,185,289,197,289,197,296,185,296,444ffffftoooogaoooooooooaannnnnnn,of,0.6783243417739868,0.13825216708761273,0.4555659095446269,/content/outputs/inference/answersheet/model_finetune_640_results/res_8571fbc4b0d5277ae778873befcbb41e_jpg_7.pkl
233,135,247,144,233,135,246,135,246,143,233,143,44aa00000000000000000000,for,0.6337812542915344,0.23611468014617762,0.6590623185038567,/content/outputs/inference/answersheet/model_finetune_640_results/res_8571fbc4b0d5277ae778873befcbb41e_jpg_8.pkl
134,211,147,219,134,211,146,211,146,218,134,218,tttttttaannnl,the,0.6778704524040222,0.2735267814535361,0.5985104292631149,/content/outputs/inference/answersheet/model_finetune_640_results/res_8571fbc4b0d5277ae778873befcbb41e_jpg_9.pkl
192,311,205,318,192,311,202,311,202,317,192,317,ggggggggg,get,0.5313505530357361,0.38421448734071517,0.6054058149456978,/content/outputs/inference/answersheet/model_finetune_640_results/res_8571fbc4b0d5277ae778873befcbb41e_jpg_10.pkl
34,287,88,301,34,289,86,286,87,297,34,301,seefslee,sale,0.6524367332458496,0.2574595334008336,0.5600950509309769,/content/outputs/inference/answersheet/model_finetune_640_results/res_8571fbc4b0d5277ae778873befcbb41e_jpg_11.pkl
163,309,179,318,163,309,178,309,178,317,163,317,ffffffffffffaaaa,for,0.6926063895225525,0.510645670350641,0.7773755043745041,/content/outputs/inference/answersheet/model_finetune_640_results/res_8571fbc4b0d5277ae778873befcbb41e_jpg_12.pkl
94,97,168,111,96,97,167,97,167,110,96,110,ooeoykeo,from,0.6311588287353516,0.20444794837385416,0.5866336315870285,/content/outputs/inference/answersheet/model_finetune_640_results/res_8571fbc4b0d5277ae778873befcbb41e_jpg_13.pkl
33,344,60,357,33,344,59,344,59,356,33,356,essfffseepp,for,0.5431891083717346,0.23082673075524243,0.6759781911969185,/content/outputs/inference/answersheet/model_finetune_640_results/res_8571fbc4b0d5277ae778873befcbb41e_jpg_14.pkl
202,95,263,108,204,95,262,95,262,107,204,107,gofoye,for,0.8029484748840332,0.2631257635851701,0.7020539194345474,/content/outputs/inference/answersheet/model_finetune_640_results/res_8571fbc4b0d5277ae778873befcbb41e_jpg_15.pkl
150,155,166,161,150,155,165,155,165,160,150,160,4dd4dttssssssssssssfffffffrreeeeeeeeeeeeeee,the,0.7952420115470886,0.16063484185656837,0.6402689032256603,/content/outputs/inference/answersheet/model_finetune_640_results/res_8571fbc4b0d5277ae778873befcbb41e_jpg_16.pkl
75,309,94,321,75,309,93,309,93,320,75,320,oosss9999sffyf,for,0.5877360701560974,0.22580222359725408,0.747430108487606,/content/outputs/inference/answersheet/model_finetune_640_results/res_8571fbc4b0d5277ae778873befcbb41e_jpg_17.pkl
119,29,165,46,119,29,164,29,164,45,119,45,ssaeeeeeeto,aga,0.5610500574111938,0.23858775469389829,0.2521830089390278,/content/outputs/inference/answersheet/model_finetune_640_results/res_8571fbc4b0d5277ae778873befcbb41e_jpg_18.pkl
135,133,149,140,135,133,148,133,148,139,135,139,6a9a911111111,off,0.6367056369781494,0.2797940637056644,0.5354023911058903,/content/outputs/inference/answersheet/model_finetune_640_results/res_8571fbc4b0d5277ae778873befcbb41e_jpg_19.pkl
102,292,115,299,102,292,114,292,114,298,102,298,ggggggffeeddpppppppooooooooooo,for,0.7856147289276123,0.22582598477602006,0.6588686853647232,/content/outputs/inference/answersheet/model_finetune_640_results/res_8571fbc4b0d5277ae778873befcbb41e_jpg_20.pkl
263,306,280,318,263,306,279,306,279,317,263,317,a444444444lllfh,4,0.5392888784408569,0.34594306896130245,0.40030941367149353,/content/outputs/inference/answersheet/model_finetune_640_results/res_8571fbc4b0d5277ae778873befcbb41e_jpg_21.pkl
259,77,272,84,259,77,271,77,271,83,259,83,a9999999y9,4,0.6519779562950134,0.23523389250040055,0.44493967294692993,/content/outputs/inference/answersheet/model_finetune_640_results/res_8571fbc4b0d5277ae778873befcbb41e_jpg_22.pkl
140,15,180,27,142,15,179,15,179,26,142,26,ggedynnnn,get,0.5429832339286804,0.22573498056994545,0.40580233931541443,/content/outputs/inference/answersheet/model_finetune_640_results/res_8571fbc4b0d5277ae778873befcbb41e_jpg_23.pkl
112,311,125,319,112,311,124,311,124,318,112,318,tteeceeeeeeeeeeeeeey,the,0.6335191130638123,0.15773305296897888,0.6441726163029671,/content/outputs/inference/answersheet/model_finetune_640_results/res_8571fbc4b0d5277ae778873befcbb41e_jpg_24.pkl
266,176,281,184,266,176,280,176,280,183,266,183,eeeeeeeeeeeeeees999,to,0.5198385119438171,0.13404069801694468,0.6372484266757965,/content/outputs/inference/answersheet/model_finetune_640_results/res_8571fbc4b0d5277ae778873befcbb41e_jpg_25.pkl
116,75,137,86,116,75,136,75,136,85,116,85,aaaa11fffffff,off,0.5154439210891724,0.2793282327743677,0.6535774879157543,/content/outputs/inference/answersheet/model_finetune_640_results/res_8571fbc4b0d5277ae778873befcbb41e_jpg_26.pkl
60,267,78,277,60,267,77,267,77,276,60,276,ffffgggggghoeooooso,for,0.7407724261283875,0.22599186042421743,0.7885296791791916,/content/outputs/inference/answersheet/model_finetune_640_results/res_8571fbc4b0d5277ae778873befcbb41e_jpg_27.pkl
