172,17,212,26,172,17,211,17,211,25,172,25,adettttetttttttttt,from,0.6379039287567139,0.27630047251780826,0.5109061390161515,/content/outputs/inference/answersheet/model_finetune_640_results/res_9dbbda838f20981baeb789f397eb0de8_jpg_0.pkl
346,134,397,146,346,134,393,134,393,145,346,145,eee,from,0.6159111857414246,0.15549184133609137,0.5601757481694222,/content/outputs/inference/answersheet/model_finetune_640_results/res_9dbbda838f20981baeb789f397eb0de8_jpg_1.pkl
264,200,312,215,264,200,310,200,310,213,264,213,tddde,come,0.5832599401473999,0.11727284938097,0.32779277116060257,/content/outputs/inference/answersheet/model_finetune_640_results/res_9dbbda838f20981baeb789f397eb0de8_jpg_2.pkl
230,246,291,258,230,246,289,246,289,256,230,256,seaaaaffetvvve,safe,0.5414248108863831,0.2809598839708737,0.5113328993320465,/content/outputs/inference/answersheet/model_finetune_640_results/res_9dbbda838f20981baeb789f397eb0de8_jpg_3.pkl
160,248,211,260,160,248,210,248,210,259,160,259,aaaeeye,laway,0.6332840919494629,0.23562543945653097,0.5279880712429682,/content/outputs/inference/answersheet/model_finetune_640_results/res_9dbbda838f20981baeb789f397eb0de8_jpg_4.pkl
183,226,231,239,183,226,230,226,230,238,183,238,ahhteeee,cather,0.5174699425697327,0.2070418605580926,0.46094263025692533,/content/outputs/inference/answersheet/model_finetune_640_results/res_9dbbda838f20981baeb789f397eb0de8_jpg_5.pkl
276,14,351,24,276,14,350,14,350,23,276,23,eaaaeehoadaaaleeertt,collers,0.5295220017433167,0.1487819742411375,0.3593687592074275,/content/outputs/inference/answersheet/model_finetune_640_results/res_9dbbda838f20981baeb789f397eb0de8_jpg_6.pkl
327,193,352,202,327,193,351,193,351,201,327,201,teetnddde,the,0.8043419122695923,0.14463363173935148,0.565828263759613,/content/outputs/inference/answersheet/model_finetune_640_results/res_9dbbda838f20981baeb789f397eb0de8_jpg_7.pkl
324,15,349,24,324,15,348,15,348,23,324,23,hhhheeaeer,your,0.6583815813064575,0.16480597108602524,0.6528080075979232,/content/outputs/inference/answersheet/model_finetune_640_results/res_9dbbda838f20981baeb789f397eb0de8_jpg_8.pkl
342,12,401,25,346,12,400,12,400,24,346,24,eaiaaaaatf,from,0.5471941828727722,0.19946654587984086,0.514711132645607,/content/outputs/inference/answersheet/model_finetune_640_results/res_9dbbda838f20981baeb789f397eb0de8_jpg_9.pkl
78,18,97,27,78,18,96,18,96,26,78,26,fhahn,from,0.5780539512634277,0.13527656197547913,0.5935859769582749,/content/outputs/inference/answersheet/model_finetune_640_results/res_9dbbda838f20981baeb789f397eb0de8_jpg_10.pkl
391,169,406,179,391,169,405,169,405,178,391,178,yyyyyemeee,you,0.6749986410140991,0.3021794393658638,0.7646853774785995,/content/outputs/inference/answersheet/model_finetune_640_results/res_9dbbda838f20981baeb789f397eb0de8_jpg_11.pkl
262,49,290,58,262,49,289,49,289,57,262,57,ttttffteeeeeeeeeeeeseee,the,0.5945114493370056,0.19493009052846744,0.4733603820204735,/content/outputs/inference/answersheet/model_finetune_640_results/res_9dbbda838f20981baeb789f397eb0de8_jpg_12.pkl
320,48,382,60,320,48,381,48,381,59,320,59,heaaalarr,from,0.6917898654937744,0.14578312387069067,0.5164211422204972,/content/outputs/inference/answersheet/model_finetune_640_results/res_9dbbda838f20981baeb789f397eb0de8_jpg_13.pkl
332,25,364,35,332,25,363,25,363,34,332,34,syepeeeeeeddddddereeeee,sale,0.5828213095664978,0.29060503386932873,0.45041716694831846,/content/outputs/inference/answersheet/model_finetune_640_results/res_9dbbda838f20981baeb789f397eb0de8_jpg_14.pkl
205,16,271,25,209,16,268,16,268,24,209,24,ftttgahheeefeeaeeeeeee,town,0.5249894261360168,0.1704207994043827,0.39342872947454455,/content/outputs/inference/answersheet/model_finetune_640_results/res_9dbbda838f20981baeb789f397eb0de8_jpg_15.pkl
76,17,128,27,76,17,127,17,127,26,76,26,faeaaaaaatfeeeee,from,0.6788619756698608,0.16807142458856106,0.5322225496172905,/content/outputs/inference/answersheet/model_finetune_640_results/res_9dbbda838f20981baeb789f397eb0de8_jpg_16.pkl
139,193,160,201,139,193,159,193,159,200,139,200,dddtdue,the,0.7345551252365112,0.1419750601053238,0.7469286918640137,/content/outputs/inference/answersheet/model_finetune_640_results/res_9dbbda838f20981baeb789f397eb0de8_jpg_17.pkl
350,14,380,24,350,14,379,14,379,23,350,23,llphaaee,from,0.5484551787376404,0.09776352345943451,0.509959089756012,/content/outputs/inference/answersheet/model_finetune_640_results/res_9dbbda838f20981baeb789f397eb0de8_jpg_18.pkl
175,193,199,201,175,193,198,193,198,200,175,200,aataaaee,that,0.5832444429397583,0.24134046025574207,0.6771064937114716,/content/outputs/inference/answersheet/model_finetune_640_results/res_9dbbda838f20981baeb789f397eb0de8_jpg_19.pkl
254,168,282,180,254,168,281,168,281,179,254,179,tseee,from,0.5463968515396118,0.25444715917110444,0.6036696508526802,/content/outputs/inference/answersheet/model_finetune_640_results/res_9dbbda838f20981baeb789f397eb0de8_jpg_20.pkl
