85,124,168,138,85,124,167,124,167,137,85,137,aaa,thandia,0.6624693870544434,0.1562795713543892,0.4269497497007251,/content/outputs/inference/answersheet/model_finetune_640_results/res_DM21320_pdf_2_jpg_0.pkl
216,128,295,139,219,128,294,128,294,138,219,138,aaaaeeaaaaaaoee,from,0.6694338917732239,0.12497505297263463,0.6128684759140015,/content/outputs/inference/answersheet/model_finetune_640_results/res_DM21320_pdf_2_jpg_1.pkl
158,102,183,115,158,102,182,102,182,114,158,114,tttt44tttttt446odoododdd0,to,0.6367875933647156,0.31764027655124666,0.7566797832647959,/content/outputs/inference/answersheet/model_finetune_640_results/res_DM21320_pdf_2_jpg_2.pkl
259,148,280,159,259,148,279,148,279,158,259,158,ttt,the,0.7055563926696777,0.19382199148337045,0.7983076050877571,/content/outputs/inference/answersheet/model_finetune_640_results/res_DM21320_pdf_2_jpg_3.pkl
82,144,172,159,84,144,171,146,170,160,83,157,ggdeeeee,from,0.7895156741142273,0.21268206369131804,0.38245744407176974,/content/outputs/inference/answersheet/model_finetune_640_results/res_DM21320_pdf_2_jpg_4.pkl
146,73,167,86,146,73,166,73,166,85,146,85,ttoo99,40,0.6674612760543823,0.23137541860342026,0.5282670259475708,/content/outputs/inference/answersheet/model_finetune_640_results/res_DM21320_pdf_2_jpg_5.pkl
97,135,166,147,100,137,165,137,165,146,100,146,nyeeeeaaaeeeietnn,from,0.6615020036697388,0.1546092085978564,0.6185824304819107,/content/outputs/inference/answersheet/model_finetune_640_results/res_DM21320_pdf_2_jpg_6.pkl
123,355,147,366,123,355,146,355,146,365,123,365,ty,the,0.6926472783088684,0.16724612563848495,0.6098975166678429,/content/outputs/inference/answersheet/model_finetune_640_results/res_DM21320_pdf_2_jpg_7.pkl
179,339,203,349,179,339,202,339,202,348,179,348,aaaeeaeee,and,0.5733330845832825,0.21532143983576033,0.567919559776783,/content/outputs/inference/answersheet/model_finetune_640_results/res_DM21320_pdf_2_jpg_8.pkl
179,328,205,339,179,328,204,328,204,338,179,338,tttcaaeeeeeeeeee,the,0.5294302701950073,0.18897029059007764,0.597915300168097,/content/outputs/inference/answersheet/model_finetune_640_results/res_DM21320_pdf_2_jpg_9.pkl
103,169,165,182,103,169,164,169,164,181,103,181,aaeetlaaae,conder,0.542926549911499,0.2332775205373764,0.5109493040612766,/content/outputs/inference/answersheet/model_finetune_640_results/res_DM21320_pdf_2_jpg_10.pkl
74,123,105,136,74,123,104,123,104,135,74,135,sssstthhaitt,from,0.5097360014915466,0.1710448171943426,0.6168634369969368,/content/outputs/inference/answersheet/model_finetune_640_results/res_DM21320_pdf_2_jpg_11.pkl
114,100,140,112,114,100,139,100,139,111,114,111,eeeeeegggggeey,can,0.5044993162155151,0.2752579700733934,0.5648388117551804,/content/outputs/inference/answersheet/model_finetune_640_results/res_DM21320_pdf_2_jpg_12.pkl
123,323,155,335,125,323,154,323,154,334,125,334,ddddsyy,and,0.8029891848564148,0.296455694096429,0.5849149115383625,/content/outputs/inference/answersheet/model_finetune_640_results/res_DM21320_pdf_2_jpg_13.pkl
82,71,108,86,84,71,107,71,107,85,84,85,geeaad,apr,0.5209813117980957,0.18255631625652313,0.6337402760982513,/content/outputs/inference/answersheet/model_finetune_640_results/res_DM21320_pdf_2_jpg_14.pkl
