198,246,270,264,198,246,269,249,268,264,198,261,efseeeeeroee,scoffee,0.7629817724227905,0.28450756271680194,0.5857941694557667,/content/outputs/inference/answersheet/model_finetune_640_results/res_DM21317_pdf_3_jpg_0.pkl
131,163,180,176,131,163,179,163,179,175,131,175,cceeyy,come,0.6562042236328125,0.27298803875843686,0.37668716609478,/content/outputs/inference/answersheet/model_finetune_640_results/res_DM21317_pdf_3_jpg_1.pkl
235,298,286,317,235,300,283,300,283,316,235,316,ebsesseaa,coffee,0.6978933215141296,0.17262353582514656,0.5966591143182346,/content/outputs/inference/answersheet/model_finetune_640_results/res_DM21317_pdf_3_jpg_2.pkl
93,351,147,364,93,350,143,353,142,364,93,361,dlddddsaaaaee,subject,0.529732346534729,0.1383307341199655,0.36065262742340565,/content/outputs/inference/answersheet/model_finetune_640_results/res_DM21317_pdf_3_jpg_3.pkl
176,225,231,244,176,227,230,227,230,243,176,243,cccsghe,coffee,0.8002907037734985,0.18883035970585688,0.5149836029325213,/content/outputs/inference/answersheet/model_finetune_640_results/res_DM21317_pdf_3_jpg_4.pkl
152,124,239,137,152,124,238,124,238,136,152,136,teeooegaaay,from,0.6713274717330933,0.16655749759890817,0.5994365826249123,/content/outputs/inference/answersheet/model_finetune_640_results/res_DM21317_pdf_3_jpg_5.pkl
173,287,205,300,173,287,204,287,204,299,173,299,fssae,sale,0.6939553022384644,0.32548831701278685,0.7230107843875885,/content/outputs/inference/answersheet/model_finetune_640_results/res_DM21317_pdf_3_jpg_6.pkl
99,340,140,351,99,340,139,340,139,350,99,350,a,from,0.66353440284729,0.14821045100688934,0.507743063569069,/content/outputs/inference/answersheet/model_finetune_640_results/res_DM21317_pdf_3_jpg_7.pkl
168,200,228,219,170,200,227,200,227,218,170,218,tebsssra,from,0.6713265776634216,0.16910458076745272,0.5846103489398956,/content/outputs/inference/answersheet/model_finetune_640_results/res_DM21317_pdf_3_jpg_8.pkl
252,325,278,336,252,325,277,325,277,335,252,335,taaasssy,get,0.6577104926109314,0.1313279690220952,0.3988451883196831,/content/outputs/inference/answersheet/model_finetune_640_results/res_DM21317_pdf_3_jpg_9.pkl
239,215,282,232,239,213,282,220,280,233,238,225,ecfa,coffee,0.6027342081069946,0.16614145785570145,0.5151960785899844,/content/outputs/inference/answersheet/model_finetune_640_results/res_DM21317_pdf_3_jpg_10.pkl
229,309,258,323,229,309,257,309,257,322,229,322,oyy,gery,0.6571658849716187,0.22952032089233398,0.4172433868050575,/content/outputs/inference/answersheet/model_finetune_640_results/res_DM21317_pdf_3_jpg_11.pkl
108,131,144,143,108,131,143,131,143,142,108,142,eee,from,0.6488221883773804,0.12865888079007468,0.6066103935241699,/content/outputs/inference/answersheet/model_finetune_640_results/res_DM21317_pdf_3_jpg_12.pkl
141,244,193,259,141,244,192,244,192,258,141,258,eeeeesereed,kery,0.8029927015304565,0.19537950645793567,0.3529386341571808,/content/outputs/inference/answersheet/model_finetune_640_results/res_DM21317_pdf_3_jpg_13.pkl
208,127,234,137,208,127,233,127,233,136,208,136,fosaadaaaaaaadaaaaaaa,can,0.6344848275184631,0.18517543623844782,0.5544822663068771,/content/outputs/inference/answersheet/model_finetune_640_results/res_DM21317_pdf_3_jpg_14.pkl
256,303,285,314,256,303,282,303,282,313,256,313,taadd,for,0.7016101479530334,0.1629874140024185,0.6117102429270744,/content/outputs/inference/answersheet/model_finetune_640_results/res_DM21317_pdf_3_jpg_15.pkl
100,291,126,302,100,291,125,291,125,301,100,301,eofa,from,0.5941707491874695,0.11815972812473774,0.6061665564775467,/content/outputs/inference/answersheet/model_finetune_640_results/res_DM21317_pdf_3_jpg_16.pkl
100,151,130,162,100,151,129,151,129,161,100,161,egeeeeeeesd,come,0.5123189687728882,0.19547330046241934,0.42504664361476896,/content/outputs/inference/answersheet/model_finetune_640_results/res_DM21317_pdf_3_jpg_17.pkl
167,325,197,337,167,325,196,325,196,336,167,336,eeayyy,the,0.5211181640625,0.19046767180164656,0.4702127892524004,/content/outputs/inference/answersheet/model_finetune_640_results/res_DM21317_pdf_3_jpg_18.pkl
