24,11,76,25,24,11,75,11,75,24,24,24,eeeecaaaaaat,sale,0.73521488904953,0.244339095428586,0.4879333645105362,/content/outputs/inference/answersheet/model_finetune_640_results/res_9c0ff6935e153eccd4b22766fa7a9623_jpg_0.pkl
116,48,192,63,118,48,191,48,191,62,118,62,loppetaad,compersity,0.6852657198905945,0.10543136960930294,0.500559541312131,/content/outputs/inference/answersheet/model_finetune_640_results/res_9c0ff6935e153eccd4b22766fa7a9623_jpg_1.pkl
221,216,278,229,221,216,277,216,277,228,221,228,asas,sale,0.6090831160545349,0.20997734926640987,0.40055869817733764,/content/outputs/inference/answersheet/model_finetune_640_results/res_9c0ff6935e153eccd4b22766fa7a9623_jpg_2.pkl
231,139,269,152,231,139,268,139,268,151,231,151,mmettt,the,0.6335896253585815,0.15280389537413916,0.4131527580320835,/content/outputs/inference/answersheet/model_finetune_640_results/res_9c0ff6935e153eccd4b22766fa7a9623_jpg_3.pkl
115,224,199,239,115,224,198,224,198,238,115,238,eenleyapen,compers,0.524878740310669,0.16798617616295813,0.38490476831793785,/content/outputs/inference/answersheet/model_finetune_640_results/res_9c0ff6935e153eccd4b22766fa7a9623_jpg_4.pkl
255,86,278,96,255,86,277,86,277,95,255,95,fttttttoeo,from,0.5974137783050537,0.16218397989869118,0.708876758813858,/content/outputs/inference/answersheet/model_finetune_640_results/res_9c0ff6935e153eccd4b22766fa7a9623_jpg_5.pkl
332,43,366,56,332,43,365,43,365,55,332,55,ehhhyyyyy,the,0.6111756563186646,0.3204505898886257,0.4759363755583763,/content/outputs/inference/answersheet/model_finetune_640_results/res_9c0ff6935e153eccd4b22766fa7a9623_jpg_6.pkl
85,51,119,61,85,51,114,51,114,60,85,60,nneee,news,0.7648776769638062,0.2280247241258621,0.5354224443435669,/content/outputs/inference/answersheet/model_finetune_640_results/res_9c0ff6935e153eccd4b22766fa7a9623_jpg_7.pkl
158,40,174,49,158,40,173,40,173,48,158,48,ttfffffhffffff,the,0.5356801152229309,0.18162030620234354,0.7002080678939819,/content/outputs/inference/answersheet/model_finetune_640_results/res_9c0ff6935e153eccd4b22766fa7a9623_jpg_8.pkl
84,116,111,127,84,116,110,116,110,126,84,126,ppthttl,the,0.6132494211196899,0.1726576036640576,0.48488787561655045,/content/outputs/inference/answersheet/model_finetune_640_results/res_9c0ff6935e153eccd4b22766fa7a9623_jpg_9.pkl
210,41,258,51,212,41,257,41,257,50,212,50,ateaaaeaaabaaabba,from,0.6131284832954407,0.13899560448001413,0.5920085668563843,/content/outputs/inference/answersheet/model_finetune_640_results/res_9c0ff6935e153eccd4b22766fa7a9623_jpg_10.pkl
290,43,316,55,290,43,315,43,315,54,290,54,aadeee,the,0.562483549118042,0.17557625969250998,0.5750185344368219,/content/outputs/inference/answersheet/model_finetune_640_results/res_9c0ff6935e153eccd4b22766fa7a9623_jpg_11.pkl
100,71,117,81,100,71,116,71,116,80,100,80,taaaaaaeeeeee,the,0.5325819849967957,0.1382408612049543,0.6781876683235168,/content/outputs/inference/answersheet/model_finetune_640_results/res_9c0ff6935e153eccd4b22766fa7a9623_jpg_12.pkl
162,215,218,227,162,215,217,215,217,226,162,226,edynee,come,0.5802431106567383,0.12111488233009975,0.3060052037239075,/content/outputs/inference/answersheet/model_finetune_640_results/res_9c0ff6935e153eccd4b22766fa7a9623_jpg_13.pkl
118,41,143,49,118,41,142,41,142,48,118,48,paddhnne,order,0.6275027394294739,0.15754055883735418,0.42209705834587413,/content/outputs/inference/answersheet/model_finetune_640_results/res_9c0ff6935e153eccd4b22766fa7a9623_jpg_14.pkl
284,85,309,96,284,85,308,85,308,95,284,95,tteheee,the,0.5599392056465149,0.2216866740158626,0.8177676051855087,/content/outputs/inference/answersheet/model_finetune_640_results/res_9c0ff6935e153eccd4b22766fa7a9623_jpg_15.pkl
91,203,137,215,91,203,136,203,136,214,91,214,tthtttttitttrrtetee,that,0.5057557225227356,0.19445571734717018,0.5326865434646606,/content/outputs/inference/answersheet/model_finetune_640_results/res_9c0ff6935e153eccd4b22766fa7a9623_jpg_16.pkl
104,48,246,63,113,48,243,50,242,63,112,61,eenaantae,comporibank,0.6467716693878174,0.18911517825391558,0.43059497823317844,/content/outputs/inference/answersheet/model_finetune_640_results/res_9c0ff6935e153eccd4b22766fa7a9623_jpg_17.pkl
