14,91,56,103,14,91,55,91,55,102,14,102,ssaaadspeee,some,0.5821844935417175,0.24195738339965994,0.4655961573123932,/content/outputs/inference/answersheet/model_finetune_640_results/res_bf726a546b9110e8ed077cf612babfb0_jpg_0.pkl
236,14,301,25,236,14,300,14,300,24,236,24,feaaggaainade,come,0.6299700140953064,0.09915990411089017,0.33889429867267606,/content/outputs/inference/answersheet/model_finetune_640_results/res_bf726a546b9110e8ed077cf612babfb0_jpg_1.pkl
337,13,363,29,337,13,362,13,362,28,337,28,aeeee,the,0.5016911625862122,0.17003962397575378,0.6656147576868534,/content/outputs/inference/answersheet/model_finetune_640_results/res_bf726a546b9110e8ed077cf612babfb0_jpg_2.pkl
349,205,376,215,349,205,375,205,375,214,349,214,ah,from,0.6096619367599487,0.12201621755957603,0.6347199976444244,/content/outputs/inference/answersheet/model_finetune_640_results/res_bf726a546b9110e8ed077cf612babfb0_jpg_3.pkl
328,271,346,280,328,271,345,271,345,279,328,279,farree,the,0.5336058735847473,0.15721919015049934,0.676740538328886,/content/outputs/inference/answersheet/model_finetune_640_results/res_bf726a546b9110e8ed077cf612babfb0_jpg_4.pkl
157,93,200,103,157,93,199,93,199,102,157,102,ffae,from,0.582443356513977,0.2550860680639744,0.5255263090133667,/content/outputs/inference/answersheet/model_finetune_640_results/res_bf726a546b9110e8ed077cf612babfb0_jpg_5.pkl
247,371,267,381,247,371,266,371,266,380,247,380,yaatd,the,0.5474392771720886,0.10579130649566651,0.5364165175706148,/content/outputs/inference/answersheet/model_finetune_640_results/res_bf726a546b9110e8ed077cf612babfb0_jpg_6.pkl
56,16,106,27,58,16,105,16,105,26,58,26,ssssllllltbbee,sender,0.6776549816131592,0.10220812074840069,0.49964032002857756,/content/outputs/inference/answersheet/model_finetune_640_results/res_bf726a546b9110e8ed077cf612babfb0_jpg_7.pkl
201,95,227,105,201,95,226,95,226,104,201,104,eeefnee,from,0.530799925327301,0.0985954755118915,0.6193175137042999,/content/outputs/inference/answersheet/model_finetune_640_results/res_bf726a546b9110e8ed077cf612babfb0_jpg_8.pkl
198,14,224,25,198,14,223,14,223,24,198,24,cooooooooooeeeeeeeee,the,0.5677404999732971,0.21858974285423755,0.619189353659749,/content/outputs/inference/answersheet/model_finetune_640_results/res_bf726a546b9110e8ed077cf612babfb0_jpg_9.pkl
249,225,270,236,249,225,269,225,269,235,249,235,paaaaaee,from,0.5248343348503113,0.11881209723651409,0.5919822230935097,/content/outputs/inference/answersheet/model_finetune_640_results/res_bf726a546b9110e8ed077cf612babfb0_jpg_10.pkl
