299,68,373,82,299,68,372,68,372,81,299,81,lslieade,restrade,0.7974764108657837,0.21701120864599943,0.5434466153383255,/content/outputs/inference/answersheet/model_finetune_640_results/res_66533a286e91bc3feb4d26fc3dbb4513_jpg_0.pkl
241,88,339,105,241,91,338,91,338,104,241,104,naeteieiiiiieas,restreets,0.5821937918663025,0.24056411335865657,0.5418622605502605,/content/outputs/inference/answersheet/model_finetune_640_results/res_66533a286e91bc3feb4d26fc3dbb4513_jpg_1.pkl
288,79,380,92,288,79,376,79,376,90,288,90,stdattt,from,0.5197899341583252,0.35399402784449713,0.5459751203656197,/content/outputs/inference/answersheet/model_finetune_640_results/res_66533a286e91bc3feb4d26fc3dbb4513_jpg_2.pkl
15,162,51,176,15,162,50,162,50,175,15,175,aaaaaaaaaaod,fax,0.7928552031517029,0.27436654766400653,0.3885933384299278,/content/outputs/inference/answersheet/model_finetune_640_results/res_66533a286e91bc3feb4d26fc3dbb4513_jpg_3.pkl
123,271,139,279,123,271,138,271,138,278,123,278,ttttt,to,0.7658536434173584,0.4461535856127739,0.6235128144423167,/content/outputs/inference/answersheet/model_finetune_640_results/res_66533a286e91bc3feb4d26fc3dbb4513_jpg_4.pkl
159,215,178,224,159,215,177,215,177,223,159,223,ftftfffttt111111s993ssssss900000900093939a11,to,0.570073664188385,0.16490129042755475,0.5596164961655935,/content/outputs/inference/answersheet/model_finetune_640_results/res_66533a286e91bc3feb4d26fc3dbb4513_jpg_5.pkl
206,114,253,127,206,114,252,114,252,126,206,126,ffesp,from,0.6025474071502686,0.2892253652215004,0.6364017128944397,/content/outputs/inference/answersheet/model_finetune_640_results/res_66533a286e91bc3feb4d26fc3dbb4513_jpg_6.pkl
111,74,174,84,111,74,173,74,173,83,111,83,solbniniieea,shoplet,0.6589389443397522,0.17208809281388918,0.4782393295317888,/content/outputs/inference/answersheet/model_finetune_640_results/res_66533a286e91bc3feb4d26fc3dbb4513_jpg_7.pkl
54,172,120,185,56,172,118,172,118,183,56,183,ttlspe,subject,0.529559314250946,0.18437000860770544,0.49792552553117275,/content/outputs/inference/answersheet/model_finetune_640_results/res_66533a286e91bc3feb4d26fc3dbb4513_jpg_8.pkl
209,253,226,264,209,253,225,253,225,263,209,263,tttt23eeaes,to,0.6232694387435913,0.17123141884803772,0.4353751887877782,/content/outputs/inference/answersheet/model_finetune_640_results/res_66533a286e91bc3feb4d26fc3dbb4513_jpg_9.pkl
230,70,284,82,230,70,283,70,283,81,230,81,tiiiddaleeedddee,the,0.5192367434501648,0.17464587511494756,0.41706364788115025,/content/outputs/inference/answersheet/model_finetune_640_results/res_66533a286e91bc3feb4d26fc3dbb4513_jpg_10.pkl
177,84,202,95,177,84,201,84,201,94,177,94,aooaaaaaaeeeeeeyss,che,0.6548935770988464,0.12738736470540366,0.35656120255589485,/content/outputs/inference/answersheet/model_finetune_640_results/res_66533a286e91bc3feb4d26fc3dbb4513_jpg_11.pkl
142,317,166,327,142,317,165,317,165,326,142,326,htttiteeeee,date,0.531112015247345,0.09818011115897786,0.4952858746051788,/content/outputs/inference/answersheet/model_finetune_640_results/res_66533a286e91bc3feb4d26fc3dbb4513_jpg_12.pkl
275,24,327,38,275,26,326,26,326,37,275,37,naaaeeeeeeeeeeee,from,0.5587647557258606,0.29781195241957903,0.6737404555082321,/content/outputs/inference/answersheet/model_finetune_640_results/res_66533a286e91bc3feb4d26fc3dbb4513_jpg_13.pkl
134,303,178,315,134,305,177,305,177,314,134,314,fffseeddy,from,0.6023885011672974,0.2214727078874906,0.5441005408763886,/content/outputs/inference/answersheet/model_finetune_640_results/res_66533a286e91bc3feb4d26fc3dbb4513_jpg_14.pkl
75,118,103,128,75,118,102,118,102,127,75,127,tynee,the,0.6020320653915405,0.23692888021469116,0.6236727386713028,/content/outputs/inference/answersheet/model_finetune_640_results/res_66533a286e91bc3feb4d26fc3dbb4513_jpg_15.pkl
114,126,186,140,117,126,185,126,185,139,117,139,elyyeeeeennye,coffeen,0.5186585187911987,0.2575074422817964,0.4557730872184038,/content/outputs/inference/answersheet/model_finetune_640_results/res_66533a286e91bc3feb4d26fc3dbb4513_jpg_16.pkl
310,291,366,303,310,291,365,291,365,302,310,302,sssspppppmiidaairde,from,0.6392295956611633,0.23388782653369403,0.5677141472697258,/content/outputs/inference/answersheet/model_finetune_640_results/res_66533a286e91bc3feb4d26fc3dbb4513_jpg_17.pkl
247,314,276,323,247,314,275,314,275,322,247,322,ffffffffpnnnhnheeeeddddddte,the,0.6546217203140259,0.2960113827829008,0.6811940260231495,/content/outputs/inference/answersheet/model_finetune_640_results/res_66533a286e91bc3feb4d26fc3dbb4513_jpg_18.pkl
198,72,224,81,198,72,223,72,223,80,198,80,ataaee,the,0.5059888958930969,0.15463584288954735,0.4672037661075592,/content/outputs/inference/answersheet/model_finetune_640_results/res_66533a286e91bc3feb4d26fc3dbb4513_jpg_19.pkl
260,337,283,347,260,337,282,337,282,346,260,346,pfed,the,0.6386553049087524,0.2535230815410614,0.5879932101815939,/content/outputs/inference/answersheet/model_finetune_640_results/res_66533a286e91bc3feb4d26fc3dbb4513_jpg_20.pkl
283,293,306,302,283,293,305,293,305,301,283,301,yhhhhhnnheettteeeee,the,0.6387205123901367,0.2269367144296044,0.48592216707766056,/content/outputs/inference/answersheet/model_finetune_640_results/res_66533a286e91bc3feb4d26fc3dbb4513_jpg_21.pkl
229,347,258,357,229,347,257,347,257,356,229,356,aapaaaatadddfd,sport,0.5305328965187073,0.1435751366828169,0.3236982772747676,/content/outputs/inference/answersheet/model_finetune_640_results/res_66533a286e91bc3feb4d26fc3dbb4513_jpg_22.pkl
270,213,291,224,270,213,290,213,290,223,270,223,tt,for,0.6379404067993164,0.11687948554754257,0.6999842710793018,/content/outputs/inference/answersheet/model_finetune_640_results/res_66533a286e91bc3feb4d26fc3dbb4513_jpg_23.pkl
335,315,367,323,335,315,366,315,366,322,335,322,hhyyyyyyyyyweeeeddeeee,was,0.6571673154830933,0.2005600370466709,0.5120678935199976,/content/outputs/inference/answersheet/model_finetune_640_results/res_66533a286e91bc3feb4d26fc3dbb4513_jpg_24.pkl
196,26,245,40,196,26,241,26,241,38,196,38,aanaeaaaappphssy,date,0.5993649959564209,0.20266751945018768,0.518750786781311,/content/outputs/inference/answersheet/model_finetune_640_results/res_66533a286e91bc3feb4d26fc3dbb4513_jpg_25.pkl
