215,25,382,41,215,27,381,27,381,40,215,40,oeesteeeee,coffeen,0.6401898264884949,0.17595658600330352,0.47223978862166405,/content/outputs/inference/answersheet/model_finetune_640_results/res_c1ecdee03cd95f826b42b585a1411123_jpg_0.pkl
71,7,94,16,71,7,93,7,93,15,71,15,t,the,0.7419268488883972,0.18878819048404694,0.5984516888856888,/content/outputs/inference/answersheet/model_finetune_640_results/res_c1ecdee03cd95f826b42b585a1411123_jpg_1.pkl
172,43,213,54,172,43,212,43,212,53,172,53,sgs44dtaaeeeeeee,date,0.5300886034965515,0.16708283871412277,0.42163996696472167,/content/outputs/inference/answersheet/model_finetune_640_results/res_c1ecdee03cd95f826b42b585a1411123_jpg_2.pkl
2,26,138,40,9,26,136,26,136,38,9,38,eaeeese,subjectry,0.6563767790794373,0.20435066201857158,0.45933402627706527,/content/outputs/inference/answersheet/model_finetune_640_results/res_c1ecdee03cd95f826b42b585a1411123_jpg_3.pkl
174,62,197,72,174,62,196,62,196,71,174,71,fiiiiiooo,the,0.8100403547286987,0.2033666181895468,0.5952543318271637,/content/outputs/inference/answersheet/model_finetune_640_results/res_c1ecdee03cd95f826b42b585a1411123_jpg_4.pkl
167,227,189,236,167,227,188,227,188,235,167,235,lsssssy,for,0.6745525598526001,0.23251811202083314,0.5538028962910175,/content/outputs/inference/answersheet/model_finetune_640_results/res_c1ecdee03cd95f826b42b585a1411123_jpg_5.pkl
99,126,158,140,101,126,157,126,157,139,101,139,ddeeofnneee,for,0.6313234567642212,0.21619010039351202,0.4258258193731308,/content/outputs/inference/answersheet/model_finetune_640_results/res_c1ecdee03cd95f826b42b585a1411123_jpg_6.pkl
150,242,172,250,150,242,171,242,171,249,150,249,4e44444e4e4ee4teyyayeeeee,for,0.5649899840354919,0.15852825224399567,0.4447024464607239,/content/outputs/inference/answersheet/model_finetune_640_results/res_c1ecdee03cd95f826b42b585a1411123_jpg_7.pkl
374,6,398,15,374,6,397,6,397,14,374,14,att,the,0.6509511470794678,0.2581948960820834,0.5704584307968616,/content/outputs/inference/answersheet/model_finetune_640_results/res_c1ecdee03cd95f826b42b585a1411123_jpg_8.pkl
271,284,352,295,271,284,351,284,351,294,271,294,nneeeeeeeeeseeeedee,from,0.5638433694839478,0.2852392118228109,0.548501418530941,/content/outputs/inference/answersheet/model_finetune_640_results/res_c1ecdee03cd95f826b42b585a1411123_jpg_9.pkl
180,185,201,194,180,185,200,185,200,193,180,193,tttttee,the,0.5106819272041321,0.25927040938820156,0.6476001814007759,/content/outputs/inference/answersheet/model_finetune_640_results/res_c1ecdee03cd95f826b42b585a1411123_jpg_10.pkl
90,185,112,194,90,185,111,185,111,193,90,193,etaaaae,the,0.6147955060005188,0.2157410340649741,0.6421785056591034,/content/outputs/inference/answersheet/model_finetune_640_results/res_c1ecdee03cd95f826b42b585a1411123_jpg_11.pkl
204,29,228,39,204,29,227,29,227,38,204,38,ssaeaaaaeeeeee,the,0.6161623597145081,0.1632053836115769,0.5600952319800854,/content/outputs/inference/answersheet/model_finetune_640_results/res_c1ecdee03cd95f826b42b585a1411123_jpg_12.pkl
217,125,247,136,217,125,246,125,246,135,217,135,aaaaa1ssso,for,0.5460655689239502,0.16245896071195604,0.5594286173582077,/content/outputs/inference/answersheet/model_finetune_640_results/res_c1ecdee03cd95f826b42b585a1411123_jpg_13.pkl
163,305,193,314,163,305,192,305,192,313,163,313,kkkkrpede,kide,0.689656674861908,0.29768916550609803,0.5171786189079285,/content/outputs/inference/answersheet/model_finetune_640_results/res_c1ecdee03cd95f826b42b585a1411123_jpg_14.pkl
124,105,149,116,124,105,148,105,148,115,124,115,gfgfgfgfeffefffssfeeoeoppoo,for,0.5565149188041687,0.1328133245309194,0.5940563604235649,/content/outputs/inference/answersheet/model_finetune_640_results/res_c1ecdee03cd95f826b42b585a1411123_jpg_15.pkl
340,8,361,17,340,8,360,8,360,16,340,16,toe,the,0.5007013082504272,0.12219680349032085,0.6339084431529045,/content/outputs/inference/answersheet/model_finetune_640_results/res_c1ecdee03cd95f826b42b585a1411123_jpg_16.pkl
263,9,292,18,263,9,291,9,291,17,263,17,aeeeeeeeeeeeee,sender,0.645841121673584,0.22676507915769303,0.5797365541969027,/content/outputs/inference/answersheet/model_finetune_640_results/res_c1ecdee03cd95f826b42b585a1411123_jpg_17.pkl
70,174,94,185,70,174,93,174,93,184,70,184,ttaaaaaae,the,0.6851327419281006,0.16433716234233645,0.6522884219884872,/content/outputs/inference/answersheet/model_finetune_640_results/res_c1ecdee03cd95f826b42b585a1411123_jpg_18.pkl
301,7,325,17,301,7,324,7,324,16,301,16,ddhoht,the,0.5999709367752075,0.10867521911859512,0.6243740804493427,/content/outputs/inference/answersheet/model_finetune_640_results/res_c1ecdee03cd95f826b42b585a1411123_jpg_19.pkl
