120,111,146,120,120,111,145,111,145,119,120,119,syaaaayyrrrrrr,your,0.6124361157417297,0.1232723705470562,0.5283529102802277,/content/outputs/inference/answersheet/model_finetune_640_results/res_2ab631e905f7758fade3f66a77f53ff0_jpg_0.pkl
134,260,153,271,134,260,152,260,152,270,134,270,ffftttttttththttthee,the,0.5096693634986877,0.14857740476727485,0.6662496589124203,/content/outputs/inference/answersheet/model_finetune_640_results/res_2ab631e905f7758fade3f66a77f53ff0_jpg_1.pkl
312,109,350,121,312,109,349,109,349,120,312,120,ttttaaaataaeeeee,from,0.5062520503997803,0.25303853675723076,0.5277298331260681,/content/outputs/inference/answersheet/model_finetune_640_results/res_2ab631e905f7758fade3f66a77f53ff0_jpg_2.pkl
280,11,302,22,280,11,301,11,301,21,280,21,ddddhdd,the,0.5014442205429077,0.12747613340616226,0.44009802863001823,/content/outputs/inference/answersheet/model_finetune_640_results/res_2ab631e905f7758fade3f66a77f53ff0_jpg_3.pkl
336,10,363,21,336,10,362,10,362,20,336,20,llhhhhe,the,0.7131378650665283,0.25742020990167347,0.7881868481636047,/content/outputs/inference/answersheet/model_finetune_640_results/res_2ab631e905f7758fade3f66a77f53ff0_jpg_4.pkl
252,257,269,266,252,257,268,257,268,265,252,265,kkkkkfefeeeeeepdeai,for,0.5335817337036133,0.14754313152087362,0.59917027130723,/content/outputs/inference/answersheet/model_finetune_640_results/res_2ab631e905f7758fade3f66a77f53ff0_jpg_5.pkl
198,12,224,20,198,12,223,12,223,19,198,19,nteeeeetteeeee,from,0.5998085737228394,0.10567503688590867,0.6083504468202591,/content/outputs/inference/answersheet/model_finetune_640_results/res_2ab631e905f7758fade3f66a77f53ff0_jpg_6.pkl
147,299,164,306,147,299,163,299,163,305,147,305,tdddddddddtlll,the,0.5114725232124329,0.10431570666176933,0.4753102548420429,/content/outputs/inference/answersheet/model_finetune_640_results/res_2ab631e905f7758fade3f66a77f53ff0_jpg_7.pkl
222,293,270,303,224,293,269,293,269,302,224,302,feeyddeeeeettde,from,0.5470236539840698,0.2622317930062612,0.6163792610168457,/content/outputs/inference/answersheet/model_finetune_640_results/res_2ab631e905f7758fade3f66a77f53ff0_jpg_8.pkl
92,10,114,20,92,10,113,10,113,19,92,19,ffddddet,the,0.5127432942390442,0.09607182815670967,0.4203058760613203,/content/outputs/inference/answersheet/model_finetune_640_results/res_2ab631e905f7758fade3f66a77f53ff0_jpg_9.pkl
