204,97,253,112,204,97,252,97,252,111,204,111,ddhhheeelttttttttti,delation,0.8633589744567871,0.2576917853010328,0.5766458213329315,/content/outputs/inference/answersheet/model_finetune_640_results/res_371a81ed99ae58c19d0fae3c8581777e_jpg_0.pkl
220,41,301,56,222,41,300,41,300,55,222,55,tttetteaesttll,teateries,0.7876205444335938,0.28898606662239346,0.5539497345685959,/content/outputs/inference/answersheet/model_finetune_640_results/res_371a81ed99ae58c19d0fae3c8581777e_jpg_1.pkl
172,321,242,333,174,321,241,321,241,332,174,332,telhhiitstrek,testition,0.7071766257286072,0.3210227397771982,0.6735347390174866,/content/outputs/inference/answersheet/model_finetune_640_results/res_371a81ed99ae58c19d0fae3c8581777e_jpg_2.pkl
233,319,308,334,233,319,307,319,307,333,233,333,ltkeltttttltesl,grefites,0.7834285497665405,0.30345141341288884,0.4761361214849684,/content/outputs/inference/answersheet/model_finetune_640_results/res_371a81ed99ae58c19d0fae3c8581777e_jpg_3.pkl
41,155,88,169,41,155,87,155,87,168,41,168,faeeeee,from,0.6603097319602966,0.3431046839271273,0.595614218711853,/content/outputs/inference/answersheet/model_finetune_640_results/res_371a81ed99ae58c19d0fae3c8581777e_jpg_4.pkl
95,97,160,112,98,97,159,97,159,111,98,111,ttltfaaantt,teation,0.6983811855316162,0.2816574580290101,0.46387534961104393,/content/outputs/inference/answersheet/model_finetune_640_results/res_371a81ed99ae58c19d0fae3c8581777e_jpg_5.pkl
216,297,279,312,216,297,278,297,278,311,216,311,totstteettii,tate,0.8735496401786804,0.28576686916251975,0.5401698052883148,/content/outputs/inference/answersheet/model_finetune_640_results/res_371a81ed99ae58c19d0fae3c8581777e_jpg_6.pkl
220,154,264,167,220,154,262,154,262,165,220,165,attaeeeeeee,the,0.7836407423019409,0.41234527799216186,0.5223035551607609,/content/outputs/inference/answersheet/model_finetune_640_results/res_371a81ed99ae58c19d0fae3c8581777e_jpg_7.pkl
250,375,302,388,250,375,301,375,301,387,250,387,lahheeal,the,0.8586593270301819,0.22825635224580765,0.4530651867389679,/content/outputs/inference/answersheet/model_finetune_640_results/res_371a81ed99ae58c19d0fae3c8581777e_jpg_8.pkl
121,208,178,222,121,208,177,208,177,221,121,221,ttoaooaattatt,taster,0.5217258334159851,0.27404497965024066,0.5329801269939968,/content/outputs/inference/answersheet/model_finetune_640_results/res_371a81ed99ae58c19d0fae3c8581777e_jpg_9.pkl
85,20,145,34,87,20,144,20,144,33,87,33,tautte,from,0.6175664067268372,0.24516514440377554,0.5561754822731018,/content/outputs/inference/answersheet/model_finetune_640_results/res_371a81ed99ae58c19d0fae3c8581777e_jpg_10.pkl
57,266,109,280,57,266,108,266,108,279,57,279,hiae,from,0.503974974155426,0.14455688744783401,0.5024414688348771,/content/outputs/inference/answersheet/model_finetune_640_results/res_371a81ed99ae58c19d0fae3c8581777e_jpg_11.pkl
204,232,233,244,204,232,232,232,232,243,204,243,asstttttttttheeee,sale,0.6489025950431824,0.29284864532596927,0.5065046831965446,/content/outputs/inference/answersheet/model_finetune_640_results/res_371a81ed99ae58c19d0fae3c8581777e_jpg_12.pkl
239,230,308,245,241,230,307,230,307,244,241,244,fdtntlsllllll,sender,0.6584068536758423,0.31480775486964446,0.44370205061776297,/content/outputs/inference/answersheet/model_finetune_640_results/res_371a81ed99ae58c19d0fae3c8581777e_jpg_13.pkl
46,345,103,358,46,345,102,345,102,357,46,357,aaahheeeee,barking,0.6585918068885803,0.22600745558738708,0.5157098732888699,/content/outputs/inference/answersheet/model_finetune_640_results/res_371a81ed99ae58c19d0fae3c8581777e_jpg_14.pkl
203,99,229,110,203,99,228,99,228,109,203,109,aaahhhhhellllllllltlltttt,the,0.5444527864456177,0.22621019035577775,0.44912703335285187,/content/outputs/inference/answersheet/model_finetune_640_results/res_371a81ed99ae58c19d0fae3c8581777e_jpg_15.pkl
165,75,207,90,165,75,206,75,206,89,165,89,tttaatttt,that,0.6850401759147644,0.28294169571664596,0.5218781262636185,/content/outputs/inference/answersheet/model_finetune_640_results/res_371a81ed99ae58c19d0fae3c8581777e_jpg_16.pkl
56,177,103,191,56,177,102,177,102,190,56,190,eeeee,the,0.6540237665176392,0.2706490457057953,0.5131267514079809,/content/outputs/inference/answersheet/model_finetune_640_results/res_371a81ed99ae58c19d0fae3c8581777e_jpg_17.pkl
39,119,94,135,39,119,93,119,93,134,39,134,tttttfeaaaet,tester,0.7095983624458313,0.2121874118844668,0.44382947044713156,/content/outputs/inference/answersheet/model_finetune_640_results/res_371a81ed99ae58c19d0fae3c8581777e_jpg_18.pkl
137,155,178,168,137,155,177,155,177,167,137,167,aeee,shope,0.6113355159759521,0.2688318286091089,0.3026190797487895,/content/outputs/inference/answersheet/model_finetune_640_results/res_371a81ed99ae58c19d0fae3c8581777e_jpg_19.pkl
210,397,303,410,210,397,301,397,301,408,210,408,slltteitiittiiiiiliiiiiiit,restation,0.6810693144798279,0.25697237195876926,0.5543030560016632,/content/outputs/inference/answersheet/model_finetune_640_results/res_371a81ed99ae58c19d0fae3c8581777e_jpg_20.pkl
162,318,317,335,171,320,309,320,309,333,171,333,teeeiktgissttel,testificitisal,0.5924301147460938,0.2504545196890831,0.6208993166685104,/content/outputs/inference/answersheet/model_finetune_640_results/res_371a81ed99ae58c19d0fae3c8581777e_jpg_21.pkl
223,98,252,110,223,98,251,98,251,109,223,109,mmttttttttttftttttt,from,0.604512095451355,0.38817775014199707,0.47845573127269747,/content/outputs/inference/answersheet/model_finetune_640_results/res_371a81ed99ae58c19d0fae3c8581777e_jpg_22.pkl
179,20,217,33,179,20,216,20,216,32,179,32,ffetaatnttttttttt,for,0.7440829277038574,0.36920300520518246,0.6157100275158882,/content/outputs/inference/answersheet/model_finetune_640_results/res_371a81ed99ae58c19d0fae3c8581777e_jpg_23.pkl
105,120,171,134,108,120,168,120,168,133,108,133,deeeatttttkttkteeed,restate,0.5392822027206421,0.35074518189618464,0.5703333113342524,/content/outputs/inference/answersheet/model_finetune_640_results/res_371a81ed99ae58c19d0fae3c8581777e_jpg_24.pkl
285,154,372,167,285,154,370,154,370,165,285,165,aaaaaeaaeee,sender,0.7802130579948425,0.23587299341505225,0.5391549255166735,/content/outputs/inference/answersheet/model_finetune_640_results/res_371a81ed99ae58c19d0fae3c8581777e_jpg_25.pkl
103,321,134,333,103,321,133,321,133,332,103,332,fffhalttttttttt,for,0.8642768263816833,0.454979740579923,0.5449911318719387,/content/outputs/inference/answersheet/model_finetune_640_results/res_371a81ed99ae58c19d0fae3c8581777e_jpg_26.pkl
256,119,283,132,256,119,282,119,282,131,256,131,ttetdltlllll,test,0.864379346370697,0.2230877491335074,0.37308870553970336,/content/outputs/inference/answersheet/model_finetune_640_results/res_371a81ed99ae58c19d0fae3c8581777e_jpg_27.pkl
175,232,201,244,175,232,200,232,200,243,175,243,ftllll,from,0.5210272073745728,0.28176941225926083,0.634019848704338,/content/outputs/inference/answersheet/model_finetune_640_results/res_371a81ed99ae58c19d0fae3c8581777e_jpg_28.pkl
99,100,129,110,99,100,128,100,128,109,99,109,ttiltttttttttt,into,0.5096811652183533,0.46655253640242983,0.39775854647159575,/content/outputs/inference/answersheet/model_finetune_640_results/res_371a81ed99ae58c19d0fae3c8581777e_jpg_29.pkl
217,298,246,311,217,298,245,298,245,310,217,310,tteetatthtttititlttll,tate,0.5478529930114746,0.3407663908742723,0.49428345561027526,/content/outputs/inference/answersheet/model_finetune_640_results/res_371a81ed99ae58c19d0fae3c8581777e_jpg_30.pkl
241,232,272,244,241,232,271,232,271,243,241,243,feltffddeee,from,0.8190467357635498,0.23670531673864884,0.4499328166246414,/content/outputs/inference/answersheet/model_finetune_640_results/res_371a81ed99ae58c19d0fae3c8581777e_jpg_31.pkl
246,299,276,309,246,299,275,299,275,308,246,308,teeetttttititttl,end,0.5486048460006714,0.3832904128357768,0.28489062935113907,/content/outputs/inference/answersheet/model_finetune_640_results/res_371a81ed99ae58c19d0fae3c8581777e_jpg_32.pkl
165,231,211,246,167,231,208,231,208,245,167,245,eetul,from,0.5230758190155029,0.18612412512302398,0.5698740646243096,/content/outputs/inference/answersheet/model_finetune_640_results/res_371a81ed99ae58c19d0fae3c8581777e_jpg_33.pkl
220,208,275,223,220,208,274,208,274,222,220,222,tfeeeedftiet,reffert,0.8027353286743164,0.1395013059178988,0.4174024108797312,/content/outputs/inference/answersheet/model_finetune_640_results/res_371a81ed99ae58c19d0fae3c8581777e_jpg_34.pkl
181,43,205,54,181,43,204,43,204,53,181,53,tettttee,from,0.5530661344528198,0.3754657804965973,0.6605777740478516,/content/outputs/inference/answersheet/model_finetune_640_results/res_371a81ed99ae58c19d0fae3c8581777e_jpg_35.pkl
48,40,137,57,48,40,136,40,136,56,48,56,teeslttteetsteeee,tersity,0.5219132900238037,0.2604757814722903,0.49687918089330196,/content/outputs/inference/answersheet/model_finetune_640_results/res_371a81ed99ae58c19d0fae3c8581777e_jpg_36.pkl
90,231,123,246,92,231,122,231,122,245,92,245,feaaaaiiittiititll,real,0.5978802442550659,0.21220145167575943,0.5919228613376617,/content/outputs/inference/answersheet/model_finetune_640_results/res_371a81ed99ae58c19d0fae3c8581777e_jpg_37.pkl
252,376,276,387,252,376,275,376,275,386,252,386,lla,the,0.636243462562561,0.21128500004609427,0.3694612346589565,/content/outputs/inference/answersheet/model_finetune_640_results/res_371a81ed99ae58c19d0fae3c8581777e_jpg_38.pkl
211,354,247,367,211,354,246,354,246,366,211,366,1aaaaaaattittttttt,1991,0.5363046526908875,0.34087080839607453,0.48112810850143434,/content/outputs/inference/answersheet/model_finetune_640_results/res_371a81ed99ae58c19d0fae3c8581777e_jpg_39.pkl
187,276,217,288,187,276,216,276,216,287,187,287,thtttttttttt,the,0.6326059699058533,0.4162229634821415,0.5307952463626862,/content/outputs/inference/answersheet/model_finetune_640_results/res_371a81ed99ae58c19d0fae3c8581777e_jpg_40.pkl
136,231,204,245,138,231,203,231,203,244,138,244,tbaittttttttetl,isation,0.5892637372016907,0.3961393291751544,0.5000576796010137,/content/outputs/inference/answersheet/model_finetune_640_results/res_371a81ed99ae58c19d0fae3c8581777e_jpg_41.pkl
168,376,195,389,170,376,194,376,194,388,170,388,e,1993,0.5319654941558838,0.09314626455307007,0.5144769430160523,/content/outputs/inference/answersheet/model_finetune_640_results/res_371a81ed99ae58c19d0fae3c8581777e_jpg_42.pkl
181,187,210,201,181,187,209,187,209,200,181,200,feaiitttt,from,0.6010011434555054,0.2322132107284334,0.5176583588123321,/content/outputs/inference/answersheet/model_finetune_640_results/res_371a81ed99ae58c19d0fae3c8581777e_jpg_43.pkl
