104,34,150,45,104,34,148,34,148,43,104,43,ddtfttee,for,0.5290359258651733,0.23654177132993937,0.47288182005286217,/content/outputs/inference/answersheet/model_finetune_640_results/res_98c88118af509c50b453a1c28c7386f8_jpg_0.pkl
298,169,366,180,298,169,365,169,365,179,298,179,aannntlttataeea,subjation,0.5871712565422058,0.2104658285776774,0.5748183943331242,/content/outputs/inference/answersheet/model_finetune_640_results/res_98c88118af509c50b453a1c28c7386f8_jpg_1.pkl
59,36,103,47,59,36,102,36,102,46,59,46,eeeeeeeeeeeeeeee,from,0.6086438298225403,0.32197398599237204,0.5934548854827881,/content/outputs/inference/answersheet/model_finetune_640_results/res_98c88118af509c50b453a1c28c7386f8_jpg_2.pkl
158,145,225,158,158,145,224,145,224,157,158,157,teseseeal,from,0.6212946772575378,0.2096169880694813,0.4869205683469772,/content/outputs/inference/answersheet/model_finetune_640_results/res_98c88118af509c50b453a1c28c7386f8_jpg_3.pkl
183,343,221,356,183,343,220,343,220,355,183,355,ttecceaaaiittt,the,0.5482063889503479,0.2288547908621175,0.4620337635278702,/content/outputs/inference/answersheet/model_finetune_640_results/res_98c88118af509c50b453a1c28c7386f8_jpg_4.pkl
220,345,246,355,220,345,245,345,245,354,220,354,tttaaaaaaaaaaaannnn,sale,0.6179444193840027,0.2814976000472119,0.6453690946102142,/content/outputs/inference/answersheet/model_finetune_640_results/res_98c88118af509c50b453a1c28c7386f8_jpg_5.pkl
342,2,401,12,342,2,400,2,400,11,342,11,lleeseeeeeeeeeeee,the,0.6643564701080322,0.22010530093136957,0.35115991719067097,/content/outputs/inference/answersheet/model_finetune_640_results/res_98c88118af509c50b453a1c28c7386f8_jpg_6.pkl
372,65,412,80,372,65,411,65,411,79,372,79,thshfttteeee,the,0.5356645584106445,0.17400112561881542,0.5311953201889992,/content/outputs/inference/answersheet/model_finetune_640_results/res_98c88118af509c50b453a1c28c7386f8_jpg_7.pkl
164,234,202,247,164,234,201,234,201,246,164,246,ttaaaaattt,teat,0.5680491924285889,0.37955551892518996,0.5910514771938324,/content/outputs/inference/answersheet/model_finetune_640_results/res_98c88118af509c50b453a1c28c7386f8_jpg_8.pkl
177,328,206,338,177,328,205,328,205,337,177,337,ggeeesaaaaaaaaaae,from,0.5654293298721313,0.22699427560848348,0.6013555780053139,/content/outputs/inference/answersheet/model_finetune_640_results/res_98c88118af509c50b453a1c28c7386f8_jpg_9.pkl
