174,50,212,62,174,50,211,50,211,61,174,61,ttaayeeed,from,0.881595253944397,0.31251444419225055,0.5856347680091858,/content/outputs/inference/answersheet/model_finetune_640_results/res_af7960790203bc406451899e545417d7_jpg_0.pkl
108,49,159,61,111,49,158,49,158,60,111,60,hhodtdttdleeesssaaattt,from,0.7191221117973328,0.2558348321101882,0.6358244866132736,/content/outputs/inference/answersheet/model_finetune_640_results/res_af7960790203bc406451899e545417d7_jpg_1.pkl
164,226,220,238,164,226,218,226,218,236,164,236,aaaaaaaaaaees,station,0.6328684687614441,0.3254026690354714,0.5423063915222883,/content/outputs/inference/answersheet/model_finetune_640_results/res_af7960790203bc406451899e545417d7_jpg_2.pkl
82,206,156,217,82,206,155,206,155,216,82,216,ddadaafaeohyeeeyyyyyye,subject,0.6535069346427917,0.19870467924258925,0.4870931077748537,/content/outputs/inference/answersheet/model_finetune_640_results/res_af7960790203bc406451899e545417d7_jpg_3.pkl
178,73,203,82,178,73,202,73,202,81,178,81,tthsswsddd,the,0.6395891308784485,0.23935268372297286,0.3819848280400038,/content/outputs/inference/answersheet/model_finetune_640_results/res_af7960790203bc406451899e545417d7_jpg_4.pkl
208,70,256,85,208,70,252,70,252,83,208,83,ffffaeai,the,0.5210227966308594,0.3367065843194723,0.5119523853063583,/content/outputs/inference/answersheet/model_finetune_640_results/res_af7960790203bc406451899e545417d7_jpg_5.pkl
138,49,216,61,138,49,213,49,213,60,138,60,essteeaaue,from,0.6249764561653137,0.2889075554907322,0.5380293309688569,/content/outputs/inference/answersheet/model_finetune_640_results/res_af7960790203bc406451899e545417d7_jpg_6.pkl
276,72,326,84,276,72,325,72,325,83,276,83,ftyygdlom,from,0.6635019183158875,0.2768445188800494,0.3874228298664093,/content/outputs/inference/answersheet/model_finetune_640_results/res_af7960790203bc406451899e545417d7_jpg_7.pkl
242,116,288,129,242,116,287,116,287,128,242,128,ssaaeeeaeeeeeeppeee,sale,0.709926426410675,0.1788697313321264,0.5431185245513916,/content/outputs/inference/answersheet/model_finetune_640_results/res_af7960790203bc406451899e545417d7_jpg_8.pkl
238,105,281,118,238,105,280,105,280,117,238,117,oeoueeeedtt,come,0.5792141556739807,0.18849443034692245,0.42041018009185793,/content/outputs/inference/answersheet/model_finetune_640_results/res_af7960790203bc406451899e545417d7_jpg_9.pkl
214,72,240,84,214,72,239,72,239,83,214,83,fftfttttaeepeepeeeee,the,0.7753411531448364,0.34503253921866417,0.6046903058886528,/content/outputs/inference/answersheet/model_finetune_640_results/res_af7960790203bc406451899e545417d7_jpg_10.pkl
179,118,206,128,179,118,205,118,205,127,179,127,bbllllhhhhtheeeeoaaaaaaaaaaaaaeat,from,0.5056797862052917,0.18032712895761838,0.6377313524484635,/content/outputs/inference/answersheet/model_finetune_640_results/res_af7960790203bc406451899e545417d7_jpg_11.pkl
286,182,306,195,286,182,305,182,305,194,286,194,to,and,0.5420132279396057,0.1551589034497738,0.6565746739506721,/content/outputs/inference/answersheet/model_finetune_640_results/res_af7960790203bc406451899e545417d7_jpg_12.pkl
