363,3,411,13,363,3,409,3,409,11,363,11,beeeetethhe,bread,0.5144423842430115,0.12250871956348419,0.3028210600217183,/content/outputs/inference/answersheet/model_finetune_640_results/res_d8bcca4c7ec0151fe243633687682a8d_jpg_0.pkl
269,3,356,13,272,3,355,3,355,12,272,12,eeheeeteeood,bread,0.5228696465492249,0.08960766904056072,0.31795334070920944,/content/outputs/inference/answersheet/model_finetune_640_results/res_d8bcca4c7ec0151fe243633687682a8d_jpg_1.pkl
182,288,223,301,182,288,222,288,222,300,182,300,aaaadeaaaaaaaaaeaeee,but,0.5183799862861633,0.19743860140442848,0.22594895586371422,/content/outputs/inference/answersheet/model_finetune_640_results/res_d8bcca4c7ec0151fe243633687682a8d_jpg_2.pkl
335,13,354,23,335,13,353,13,353,22,335,22,yye,from,0.7283478379249573,0.0943410595258077,0.6380966365337372,/content/outputs/inference/answersheet/model_finetune_640_results/res_d8bcca4c7ec0151fe243633687682a8d_jpg_3.pkl
335,7,357,18,335,7,356,7,356,17,335,17,yyyeeeeyy,come,0.5304176807403564,0.15084896319442326,0.34781592190265653,/content/outputs/inference/answersheet/model_finetune_640_results/res_d8bcca4c7ec0151fe243633687682a8d_jpg_4.pkl
131,12,147,20,131,12,146,12,146,19,131,19,ttaaffeeeeee,the,0.6403762102127075,0.1715395823121071,0.58469826169312,/content/outputs/inference/answersheet/model_finetune_640_results/res_d8bcca4c7ec0151fe243633687682a8d_jpg_5.pkl
335,4,358,14,335,4,357,4,357,13,335,13,teeeee,come,0.5096945762634277,0.08276343469818433,0.35885442048311234,/content/outputs/inference/answersheet/model_finetune_640_results/res_d8bcca4c7ec0151fe243633687682a8d_jpg_6.pkl
267,245,286,255,267,245,285,245,285,254,267,254,tteesss,to,0.7735328674316406,0.13049828899758203,0.5812667608261108,/content/outputs/inference/answersheet/model_finetune_640_results/res_d8bcca4c7ec0151fe243633687682a8d_jpg_7.pkl
247,233,270,242,247,233,269,233,269,241,247,241,teeteeeen,the,0.8104576468467712,0.16411847952339384,0.6769204009324312,/content/outputs/inference/answersheet/model_finetune_640_results/res_d8bcca4c7ec0151fe243633687682a8d_jpg_8.pkl
224,3,258,12,224,3,257,3,257,11,224,11,ttttoeeeee,the,0.7178429365158081,0.19023434892296792,0.37409691885113716,/content/outputs/inference/answersheet/model_finetune_640_results/res_d8bcca4c7ec0151fe243633687682a8d_jpg_9.pkl
