260,260,329,276,260,260,328,260,328,275,260,275,gsfseeesseeed,coffee,0.8373258709907532,0.2816148056433751,0.6913984971387046,/content/outputs/inference/answersheet/model_finetune_640_results/res_eb0d7ff1152db79bc452f04887b6f5df_jpg_0.pkl
60,169,129,184,60,169,128,169,128,183,60,183,lldlfgettdny,from,0.6161623597145081,0.17511714001496634,0.5734669595956803,/content/outputs/inference/answersheet/model_finetune_640_results/res_eb0d7ff1152db79bc452f04887b6f5df_jpg_1.pkl
179,330,225,344,179,330,224,330,224,343,179,343,gggsgssssseeeoe,sender,0.7266533374786377,0.22733342200517653,0.5360451212951115,/content/outputs/inference/answersheet/model_finetune_640_results/res_eb0d7ff1152db79bc452f04887b6f5df_jpg_2.pkl
40,268,78,283,43,268,77,268,77,282,43,282,ggesiiiiiiifkea,cafe,0.8405941724777222,0.27233966489632927,0.5417566269636154,/content/outputs/inference/answersheet/model_finetune_640_results/res_eb0d7ff1152db79bc452f04887b6f5df_jpg_3.pkl
212,373,228,381,212,373,227,373,227,380,212,380,ggggggggyoooo9o99dd9d999y9yyyyyyyyyyyyyy,of,0.7096909284591675,0.19311037175357343,0.4706826905409495,/content/outputs/inference/answersheet/model_finetune_640_results/res_eb0d7ff1152db79bc452f04887b6f5df_jpg_4.pkl
288,93,304,102,288,93,303,93,303,101,288,101,att80oo,the,0.7972221970558167,0.0965180013860975,0.5336781367659569,/content/outputs/inference/answersheet/model_finetune_640_results/res_eb0d7ff1152db79bc452f04887b6f5df_jpg_5.pkl
236,111,278,123,236,111,277,111,277,122,236,122,dgaaaannnnnnnnkeeee9seeeesee,the,0.6771830916404724,0.16598297948283808,0.43965371511876583,/content/outputs/inference/answersheet/model_finetune_640_results/res_eb0d7ff1152db79bc452f04887b6f5df_jpg_6.pkl
306,241,355,253,308,241,353,241,353,251,308,251,fswkoeeeeeeeee3,from,0.5332925319671631,0.21088743259509404,0.609412282705307,/content/outputs/inference/answersheet/model_finetune_640_results/res_eb0d7ff1152db79bc452f04887b6f5df_jpg_7.pkl
194,352,231,363,194,352,230,352,230,362,194,362,fyyyyyyyyyypeeeeeeeeeeeeeeee,from,0.5256087183952332,0.3586043981569154,0.6520148098468781,/content/outputs/inference/answersheet/model_finetune_640_results/res_eb0d7ff1152db79bc452f04887b6f5df_jpg_8.pkl
107,382,212,396,112,382,208,382,208,395,112,395,fcdesesstttieedd,coffee,0.501857340335846,0.19838530803099275,0.4485196258340563,/content/outputs/inference/answersheet/model_finetune_640_results/res_eb0d7ff1152db79bc452f04887b6f5df_jpg_9.pkl
102,354,120,362,102,354,119,354,119,361,102,361,dddddttttttttttttttttttttd,the,0.6964721083641052,0.4489843180546394,0.7303008213639259,/content/outputs/inference/answersheet/model_finetune_640_results/res_eb0d7ff1152db79bc452f04887b6f5df_jpg_10.pkl
83,96,104,107,83,96,103,96,103,106,83,106,fttah,from,0.6443911194801331,0.25999689251184466,0.6621352791786194,/content/outputs/inference/answersheet/model_finetune_640_results/res_eb0d7ff1152db79bc452f04887b6f5df_jpg_11.pkl
36,185,58,197,36,185,57,185,57,196,36,196,ffeeessssfff,from,0.6952694654464722,0.24011041844884554,0.5837006747722626,/content/outputs/inference/answersheet/model_finetune_640_results/res_eb0d7ff1152db79bc452f04887b6f5df_jpg_12.pkl
151,355,181,364,151,355,180,355,180,363,151,363,ahaatif,the,0.8841724991798401,0.10606115737131663,0.6058808416128159,/content/outputs/inference/answersheet/model_finetune_640_results/res_eb0d7ff1152db79bc452f04887b6f5df_jpg_13.pkl
144,262,203,275,144,262,202,262,202,274,144,274,tggggbeeeeetdeey,coffee,0.5483934879302979,0.21450701355934143,0.49443926555769785,/content/outputs/inference/answersheet/model_finetune_640_results/res_eb0d7ff1152db79bc452f04887b6f5df_jpg_14.pkl
351,353,375,362,351,353,374,353,374,361,351,361,attttttthhhhae,the,0.7514897584915161,0.2650185355118343,0.6600891388952732,/content/outputs/inference/answersheet/model_finetune_640_results/res_eb0d7ff1152db79bc452f04887b6f5df_jpg_15.pkl
116,327,168,342,118,327,167,327,167,341,118,341,ggggddseeesssssssaaaaaaaaaa,coffee,0.7009913325309753,0.17255722124267509,0.5093768558331898,/content/outputs/inference/answersheet/model_finetune_640_results/res_eb0d7ff1152db79bc452f04887b6f5df_jpg_16.pkl
120,97,136,106,120,97,135,97,135,105,120,105,ttt4t44a444ddiihh,all,0.5863184928894043,0.20889068964649649,0.6139298044145107,/content/outputs/inference/answersheet/model_finetune_640_results/res_eb0d7ff1152db79bc452f04887b6f5df_jpg_17.pkl
147,394,213,407,147,394,210,394,210,406,147,406,fkggeeeoees,you,0.5031058192253113,0.20547628673640164,0.4604567978531122,/content/outputs/inference/answersheet/model_finetune_640_results/res_eb0d7ff1152db79bc452f04887b6f5df_jpg_18.pkl
319,354,337,362,319,354,336,354,336,361,319,361,eiiiiayyyyttee,but,0.6161788105964661,0.19241324652518546,0.4006386920809746,/content/outputs/inference/answersheet/model_finetune_640_results/res_eb0d7ff1152db79bc452f04887b6f5df_jpg_19.pkl
206,96,224,104,206,96,223,96,223,103,206,103,dddddddegoo,the,0.645916223526001,0.15598197958686136,0.525587210431695,/content/outputs/inference/answersheet/model_finetune_640_results/res_eb0d7ff1152db79bc452f04887b6f5df_jpg_20.pkl
241,173,304,187,241,173,303,173,303,186,241,186,eeeeeeeeeeetgggke,coffee,0.5186445713043213,0.24516319352037766,0.41609447981630054,/content/outputs/inference/answersheet/model_finetune_640_results/res_eb0d7ff1152db79bc452f04887b6f5df_jpg_21.pkl
195,355,220,363,195,355,219,355,219,362,195,362,fyyyyyyyyyyyyyyyyyyyyyyyyyypp,from,0.8126685619354248,0.38074735680530813,0.6375666618347168,/content/outputs/inference/answersheet/model_finetune_640_results/res_eb0d7ff1152db79bc452f04887b6f5df_jpg_22.pkl
296,353,319,363,296,353,316,353,316,362,296,362,ffahhhee,the,0.7025336027145386,0.13801731821149588,0.6342408023774624,/content/outputs/inference/answersheet/model_finetune_640_results/res_eb0d7ff1152db79bc452f04887b6f5df_jpg_23.pkl
248,332,310,347,250,332,309,332,309,346,250,346,ffffggfeeerreeesssyshrheett,from,0.5262447595596313,0.18235185190483374,0.6407568275928497,/content/outputs/inference/answersheet/model_finetune_640_results/res_eb0d7ff1152db79bc452f04887b6f5df_jpg_24.pkl
60,250,123,266,60,249,122,252,121,266,60,263,neeeoossmdaae,offee,0.5570588707923889,0.14612288085313943,0.48455912495652836,/content/outputs/inference/answersheet/model_finetune_640_results/res_eb0d7ff1152db79bc452f04887b6f5df_jpg_25.pkl
191,75,209,85,191,75,208,75,208,84,191,84,tttteeh,the,0.5955938100814819,0.22903268252100265,0.7386302649974823,/content/outputs/inference/answersheet/model_finetune_640_results/res_eb0d7ff1152db79bc452f04887b6f5df_jpg_26.pkl
234,351,257,359,234,351,256,351,256,358,234,358,tteeeeeeeee,the,0.5392171144485474,0.23573398725552994,0.7296438589692116,/content/outputs/inference/answersheet/model_finetune_640_results/res_eb0d7ff1152db79bc452f04887b6f5df_jpg_27.pkl
185,373,203,381,185,373,202,373,202,380,185,380,tnyee,the,0.5983385443687439,0.1775721102952957,0.6239000782370567,/content/outputs/inference/answersheet/model_finetune_640_results/res_eb0d7ff1152db79bc452f04887b6f5df_jpg_28.pkl
113,321,226,344,117,324,225,324,225,343,117,343,ggdsrsacrgse,coffeen,0.5218538045883179,0.16548895897964636,0.46155261993408203,/content/outputs/inference/answersheet/model_finetune_640_results/res_eb0d7ff1152db79bc452f04887b6f5df_jpg_29.pkl
