71,312,130,325,71,312,129,312,129,324,71,324,dtaaanea,state,0.5683380961418152,0.326602254062891,0.4913519322872162,/content/outputs/inference/answersheet/model_finetune_640_results/res_070d4a0899c34565df9e6c39b7260cc3_jpg_0.pkl
134,312,174,325,134,312,173,312,173,324,134,324,aahhhhee,date,0.5675015449523926,0.36115261167287827,0.48970375806093214,/content/outputs/inference/answersheet/model_finetune_640_results/res_070d4a0899c34565df9e6c39b7260cc3_jpg_1.pkl
119,12,178,22,121,12,177,12,177,21,121,21,fcleeeeseeeee,come,0.5601723194122314,0.1360388842339699,0.4072678506374359,/content/outputs/inference/answersheet/model_finetune_640_results/res_070d4a0899c34565df9e6c39b7260cc3_jpg_2.pkl
67,290,121,303,67,290,120,290,120,302,67,302,ssyyypffpae,spreed,0.7134404182434082,0.33181609077887103,0.47758641626153675,/content/outputs/inference/answersheet/model_finetune_640_results/res_070d4a0899c34565df9e6c39b7260cc3_jpg_3.pkl
70,233,129,248,70,233,128,233,128,247,70,247,ffyffatagggy,parang,0.6192339658737183,0.19713626553614935,0.31118703314236235,/content/outputs/inference/answersheet/model_finetune_640_results/res_070d4a0899c34565df9e6c39b7260cc3_jpg_4.pkl
123,389,217,399,123,389,216,389,216,398,123,398,saeeeyeaaa,compers,0.632283091545105,0.11588572897017002,0.4039001474156976,/content/outputs/inference/answersheet/model_finetune_640_results/res_070d4a0899c34565df9e6c39b7260cc3_jpg_5.pkl
121,395,231,412,128,395,230,395,230,411,128,411,tsssoeeaeee,coffeen,0.6152781844139099,0.08744931627403606,0.4750224854797125,/content/outputs/inference/answersheet/model_finetune_640_results/res_070d4a0899c34565df9e6c39b7260cc3_jpg_6.pkl
45,91,64,101,45,91,63,91,63,100,45,100,ooaaaaa,of,0.6922028064727783,0.2716443879263742,0.6708918213844299,/content/outputs/inference/answersheet/model_finetune_640_results/res_070d4a0899c34565df9e6c39b7260cc3_jpg_7.pkl
197,13,226,23,197,13,225,13,225,22,197,22,ooeeeeeeeeee,the,0.7395776510238647,0.27515771985054016,0.6925607807934284,/content/outputs/inference/answersheet/model_finetune_640_results/res_070d4a0899c34565df9e6c39b7260cc3_jpg_8.pkl
70,334,114,345,70,334,113,334,113,344,70,344,taaanatitttt,from,0.5019654631614685,0.16435487133761248,0.4915058106184006,/content/outputs/inference/answersheet/model_finetune_640_results/res_070d4a0899c34565df9e6c39b7260cc3_jpg_9.pkl
58,14,84,23,58,14,83,14,83,22,58,22,amtmoteeeee,from,0.6688893437385559,0.20088448985056442,0.6382519870996475,/content/outputs/inference/answersheet/model_finetune_640_results/res_070d4a0899c34565df9e6c39b7260cc3_jpg_10.pkl
288,38,316,48,288,38,315,38,315,47,288,47,e,from,0.541050374507904,0.13148511946201324,0.6514752730727196,/content/outputs/inference/answersheet/model_finetune_640_results/res_070d4a0899c34565df9e6c39b7260cc3_jpg_11.pkl
56,16,96,25,58,16,95,16,95,24,58,24,nanteeeeeeeeeeeeeee,the,0.5339477062225342,0.2322003398286669,0.3752368167042732,/content/outputs/inference/answersheet/model_finetune_640_results/res_070d4a0899c34565df9e6c39b7260cc3_jpg_12.pkl
313,91,363,104,313,91,362,91,362,103,313,103,fdeooeoppae,from,0.5182991623878479,0.11587825620716269,0.6659934341907501,/content/outputs/inference/answersheet/model_finetune_640_results/res_070d4a0899c34565df9e6c39b7260cc3_jpg_13.pkl
107,147,148,158,107,147,147,147,147,157,107,157,ahbhsast,the,0.5343757271766663,0.1792393121868372,0.4368697293102741,/content/outputs/inference/answersheet/model_finetune_640_results/res_070d4a0899c34565df9e6c39b7260cc3_jpg_14.pkl
