143,26,188,38,143,26,187,26,187,37,143,37,dlfffffattteeee,from,0.5651172995567322,0.25279037753740946,0.4162726566195488,/content/outputs/inference/answersheet/model_finetune_640_results/res_6d581f827c3a23aa1114f10afcdc83cf_jpg_0.pkl
324,7,362,16,324,7,361,7,361,15,324,15,dssssa,subject,0.5807904005050659,0.1173423466583093,0.4168181139975786,/content/outputs/inference/answersheet/model_finetune_640_results/res_6d581f827c3a23aa1114f10afcdc83cf_jpg_1.pkl
264,60,302,73,264,60,301,60,301,72,264,72,a,from,0.5931284427642822,0.09537234157323837,0.599972414970398,/content/outputs/inference/answersheet/model_finetune_640_results/res_6d581f827c3a23aa1114f10afcdc83cf_jpg_2.pkl
304,219,343,228,304,219,342,219,342,227,304,227,waaapaaaael,the,0.6500673294067383,0.13301586292006753,0.3534525064751506,/content/outputs/inference/answersheet/model_finetune_640_results/res_6d581f827c3a23aa1114f10afcdc83cf_jpg_3.pkl
203,60,252,72,203,60,251,60,251,71,203,71,daeeeeee,the,0.5597350001335144,0.17021039687097073,0.4344892054796219,/content/outputs/inference/answersheet/model_finetune_640_results/res_6d581f827c3a23aa1114f10afcdc83cf_jpg_4.pkl
169,52,192,61,169,52,191,52,191,60,169,60,aeddddde,the,0.6111406087875366,0.14710696786642075,0.674632653594017,/content/outputs/inference/answersheet/model_finetune_640_results/res_6d581f827c3a23aa1114f10afcdc83cf_jpg_5.pkl
234,138,251,146,234,138,250,138,250,145,234,145,t46eeeouuuy,you,0.7783752679824829,0.14415708218108525,0.7425100617110729,/content/outputs/inference/answersheet/model_finetune_640_results/res_6d581f827c3a23aa1114f10afcdc83cf_jpg_6.pkl
319,241,342,249,319,241,341,241,341,248,319,248,thhththhthhhhhauaaaaa,the,0.7898803353309631,0.13931589609100706,0.6998568922281265,/content/outputs/inference/answersheet/model_finetune_640_results/res_6d581f827c3a23aa1114f10afcdc83cf_jpg_7.pkl
196,135,214,144,196,135,213,135,213,143,196,143,tdooooo,for,0.5316291451454163,0.1644296454531806,0.6414251029491425,/content/outputs/inference/answersheet/model_finetune_640_results/res_6d581f827c3a23aa1114f10afcdc83cf_jpg_8.pkl
190,323,206,332,190,323,205,323,205,331,190,331,sstde,the,0.5594486594200134,0.21637855023145675,0.6513169445097446,/content/outputs/inference/answersheet/model_finetune_640_results/res_6d581f827c3a23aa1114f10afcdc83cf_jpg_9.pkl
117,5,133,13,117,5,132,5,132,12,117,12,taoooosssssyeyeeyele,you,0.5147756338119507,0.1355143252760172,0.6403728406876326,/content/outputs/inference/answersheet/model_finetune_640_results/res_6d581f827c3a23aa1114f10afcdc83cf_jpg_10.pkl
334,21,353,29,334,21,352,21,352,28,334,28,taeeeeeeeeeeeeeeeeee,bring,0.5159341096878052,0.11585033051669598,0.4187668487429619,/content/outputs/inference/answersheet/model_finetune_640_results/res_6d581f827c3a23aa1114f10afcdc83cf_jpg_11.pkl
168,82,192,95,168,82,191,82,191,94,168,94,teeooooooooeoaeeneeeyeee,for,0.750633716583252,0.13794144739707312,0.6087616346776485,/content/outputs/inference/answersheet/model_finetune_640_results/res_6d581f827c3a23aa1114f10afcdc83cf_jpg_12.pkl
275,229,296,238,275,229,295,229,295,237,275,237,dee,sender,0.5073871612548828,0.09037606169780095,0.4702845130647932,/content/outputs/inference/answersheet/model_finetune_640_results/res_6d581f827c3a23aa1114f10afcdc83cf_jpg_13.pkl
198,385,224,393,198,385,223,385,223,392,198,392,httet,the,0.5460358262062073,0.18571529686450958,0.7146263644099236,/content/outputs/inference/answersheet/model_finetune_640_results/res_6d581f827c3a23aa1114f10afcdc83cf_jpg_14.pkl
181,6,206,14,181,6,205,6,205,13,181,13,ssssoeeeeeeeeeee,sender,0.5954332947731018,0.1487966077402234,0.5337705569607871,/content/outputs/inference/answersheet/model_finetune_640_results/res_6d581f827c3a23aa1114f10afcdc83cf_jpg_15.pkl
221,8,245,16,221,8,244,8,244,15,221,15,tffffeednnnnnneeegd,sender,0.5624253153800964,0.11458479652279302,0.5552067543779101,/content/outputs/inference/answersheet/model_finetune_640_results/res_6d581f827c3a23aa1114f10afcdc83cf_jpg_16.pkl
