338,9,378,27,338,11,377,11,377,26,338,26,sti,sale,0.7022092342376709,0.12337338427702586,0.5264217615127563,/content/outputs/inference/answersheet/model_finetune_640_results/res_86d019b9536e9b034c4d7ad3c6e57c10_jpg_0.pkl
313,333,375,344,313,333,374,333,374,343,313,343,aaaee,compers,0.5325238704681396,0.1342788130044937,0.411582263186574,/content/outputs/inference/answersheet/model_finetune_640_results/res_86d019b9536e9b034c4d7ad3c6e57c10_jpg_1.pkl
195,278,213,288,195,278,212,278,212,287,195,287,ossoooooooo0onnn,to,0.8681159615516663,0.14421286340802908,0.41359726587931317,/content/outputs/inference/answersheet/model_finetune_640_results/res_86d019b9536e9b034c4d7ad3c6e57c10_jpg_2.pkl
146,212,186,224,146,212,185,212,185,223,146,223,attp,that,0.542361855506897,0.15349991619586945,0.4469211384654045,/content/outputs/inference/answersheet/model_finetune_640_results/res_86d019b9536e9b034c4d7ad3c6e57c10_jpg_3.pkl
164,320,180,329,164,320,179,320,179,328,164,328,ooooooo,to,0.74883633852005,0.1963398286274501,0.5929055412610372,/content/outputs/inference/answersheet/model_finetune_640_results/res_86d019b9536e9b034c4d7ad3c6e57c10_jpg_4.pkl
281,10,342,24,281,10,341,10,341,23,281,23,eeeleeeeee,compers,0.5961233973503113,0.18666009604930878,0.40792944841086864,/content/outputs/inference/answersheet/model_finetune_640_results/res_86d019b9536e9b034c4d7ad3c6e57c10_jpg_5.pkl
214,347,234,357,214,347,233,347,233,356,214,356,ke4nnw,from,0.6555032134056091,0.1217133638759454,0.7276956409215927,/content/outputs/inference/answersheet/model_finetune_640_results/res_86d019b9536e9b034c4d7ad3c6e57c10_jpg_6.pkl
270,198,292,209,270,198,291,198,291,208,270,208,eeeeeeeeeeoessoo9dyy,do,0.8034794330596924,0.18549956940114498,0.4566275179386139,/content/outputs/inference/answersheet/model_finetune_640_results/res_86d019b9536e9b034c4d7ad3c6e57c10_jpg_7.pkl
180,301,198,309,180,301,197,301,197,308,180,308,dddadaaassaaaeeeett,from,0.7104700803756714,0.10035538555760133,0.6170366734266282,/content/outputs/inference/answersheet/model_finetune_640_results/res_86d019b9536e9b034c4d7ad3c6e57c10_jpg_8.pkl
55,12,115,26,55,14,114,14,114,25,55,25,aep,coffee,0.5836909413337708,0.15213791529337564,0.5123496992247445,/content/outputs/inference/answersheet/model_finetune_640_results/res_86d019b9536e9b034c4d7ad3c6e57c10_jpg_9.pkl
219,157,239,166,219,157,238,157,238,165,219,165,ffff4111e313999999ddd,for,0.7026281952857971,0.19979303809148924,0.6289165839552879,/content/outputs/inference/answersheet/model_finetune_640_results/res_86d019b9536e9b034c4d7ad3c6e57c10_jpg_10.pkl
197,316,214,324,197,316,213,316,213,323,197,323,taaaaaeedee,and,0.6596640944480896,0.22380478409203616,0.702322892844677,/content/outputs/inference/answersheet/model_finetune_640_results/res_86d019b9536e9b034c4d7ad3c6e57c10_jpg_11.pkl
216,293,233,302,216,293,232,293,232,301,216,301,tteooy,for,0.849428117275238,0.20962605128685632,0.625111062079668,/content/outputs/inference/answersheet/model_finetune_640_results/res_86d019b9536e9b034c4d7ad3c6e57c10_jpg_12.pkl
78,156,113,168,78,156,112,156,112,167,78,167,anettttt,from,0.6520037055015564,0.14878667145967484,0.5801392570137978,/content/outputs/inference/answersheet/model_finetune_640_results/res_86d019b9536e9b034c4d7ad3c6e57c10_jpg_13.pkl
228,312,249,321,228,312,248,312,248,320,228,320,daasoo,and,0.7079741954803467,0.14875028158227602,0.6237570270895958,/content/outputs/inference/answersheet/model_finetune_640_results/res_86d019b9536e9b034c4d7ad3c6e57c10_jpg_14.pkl
162,282,179,290,164,282,178,282,178,289,164,289,fffffffffffffffffffefsssasas,for,0.7944957613945007,0.3435873511646475,0.7840427458286285,/content/outputs/inference/answersheet/model_finetune_640_results/res_86d019b9536e9b034c4d7ad3c6e57c10_jpg_15.pkl
156,235,175,247,156,235,174,235,174,246,156,246,ggoooooon,for,0.6728635430335999,0.14389563269085354,0.6765804849565029,/content/outputs/inference/answersheet/model_finetune_640_results/res_86d019b9536e9b034c4d7ad3c6e57c10_jpg_16.pkl
156,298,180,311,156,298,177,298,177,310,156,310,ftsyysysssyssyyy,for,0.6034937500953674,0.2794165010564029,0.5980265084654093,/content/outputs/inference/answersheet/model_finetune_640_results/res_86d019b9536e9b034c4d7ad3c6e57c10_jpg_17.pkl
75,105,104,115,75,105,103,105,103,114,75,114,sasnaaae,from,0.5146269202232361,0.10883709695190191,0.5202070027589798,/content/outputs/inference/answersheet/model_finetune_640_results/res_86d019b9536e9b034c4d7ad3c6e57c10_jpg_18.pkl
73,101,113,112,75,101,112,101,112,111,75,111,taeee,from,0.6763723492622375,0.1092836007475853,0.5542489424347877,/content/outputs/inference/answersheet/model_finetune_640_results/res_86d019b9536e9b034c4d7ad3c6e57c10_jpg_19.pkl
79,179,107,188,79,179,106,179,106,187,79,187,a,straid,0.561288058757782,0.11557121574878693,0.4669087656906673,/content/outputs/inference/answersheet/model_finetune_640_results/res_86d019b9536e9b034c4d7ad3c6e57c10_jpg_20.pkl
175,259,196,269,175,259,195,259,195,268,175,268,eonnny,4,0.6791219711303711,0.19486264263590178,0.15908467024564743,/content/outputs/inference/answersheet/model_finetune_640_results/res_86d019b9536e9b034c4d7ad3c6e57c10_jpg_21.pkl
222,178,271,190,222,178,270,178,270,189,222,189,kkkkkeeeeeeddduyy,from,0.7050506472587585,0.19560963704305537,0.6421368926763534,/content/outputs/inference/answersheet/model_finetune_640_results/res_86d019b9536e9b034c4d7ad3c6e57c10_jpg_22.pkl
200,12,232,22,200,12,231,12,231,21,200,21,aeeeee,the,0.5195614695549011,0.1503612920641899,0.49869025126099586,/content/outputs/inference/answersheet/model_finetune_640_results/res_86d019b9536e9b034c4d7ad3c6e57c10_jpg_23.pkl
267,379,283,387,267,379,282,379,282,386,267,386,thoaaa,the,0.7057631015777588,0.12079597761233647,0.6187975034117699,/content/outputs/inference/answersheet/model_finetune_640_results/res_86d019b9536e9b034c4d7ad3c6e57c10_jpg_24.pkl
46,82,62,93,46,82,61,82,61,92,46,92,saeeeeeeeeeeeeeee,sale,0.5146734714508057,0.1705011116231189,0.6579943180084229,/content/outputs/inference/answersheet/model_finetune_640_results/res_86d019b9536e9b034c4d7ad3c6e57c10_jpg_25.pkl
56,13,83,24,56,13,82,13,82,23,56,23,aaa,sender,0.5038292407989502,0.18587033450603485,0.5475412947790963,/content/outputs/inference/answersheet/model_finetune_640_results/res_86d019b9536e9b034c4d7ad3c6e57c10_jpg_26.pkl
117,102,140,111,117,102,139,102,139,110,117,110,aahh,and,0.6548070311546326,0.12195517309010029,0.5542141236364841,/content/outputs/inference/answersheet/model_finetune_640_results/res_86d019b9536e9b034c4d7ad3c6e57c10_jpg_27.pkl
