79,327,104,337,79,327,103,327,103,336,79,336,tdtddddteeeoeooeyooyy,gread,0.517393171787262,0.13416512168589093,0.31984134018421173,/content/outputs/inference/answersheet/model_finetune_640_results/res_0e2df002a975b3dabc690bc142c64a53_jpg_0.pkl
59,288,82,301,59,288,81,288,81,300,59,300,to,to,0.573086678981781,0.24104461818933487,0.5730031331380209,/content/outputs/inference/answersheet/model_finetune_640_results/res_0e2df002a975b3dabc690bc142c64a53_jpg_1.pkl
336,10,402,24,336,10,401,10,401,23,336,23,aeotetteai,state,0.7801666259765625,0.1830363780260086,0.4935782055060069,/content/outputs/inference/answersheet/model_finetune_640_results/res_0e2df002a975b3dabc690bc142c64a53_jpg_2.pkl
51,14,77,23,51,14,76,14,76,22,51,22,ethe,from,0.6551602482795715,0.13380596973001957,0.6032138660550117,/content/outputs/inference/answersheet/model_finetune_640_results/res_0e2df002a975b3dabc690bc142c64a53_jpg_3.pkl
201,144,255,158,201,144,252,144,252,157,201,157,eoaatat,coffeet,0.5663595199584961,0.2310770313654627,0.43976278603076935,/content/outputs/inference/answersheet/model_finetune_640_results/res_0e2df002a975b3dabc690bc142c64a53_jpg_4.pkl
76,89,125,104,76,87,124,90,123,104,76,100,aaalaaihyyy,the,0.5904538035392761,0.2249132746999914,0.4377523250877857,/content/outputs/inference/answersheet/model_finetune_640_results/res_0e2df002a975b3dabc690bc142c64a53_jpg_5.pkl
180,311,226,324,180,311,225,311,225,323,180,323,teetllltlleh,from,0.5445017218589783,0.2214546650648117,0.5026140749454499,/content/outputs/inference/answersheet/model_finetune_640_results/res_0e2df002a975b3dabc690bc142c64a53_jpg_6.pkl
183,134,202,143,183,134,201,134,201,142,183,142,ttooadtttttt,the,0.5288403034210205,0.26131108837823075,0.47307028621435165,/content/outputs/inference/answersheet/model_finetune_640_results/res_0e2df002a975b3dabc690bc142c64a53_jpg_7.pkl
290,324,309,333,290,324,308,324,308,332,290,332,feteedttt,from,0.6319556832313538,0.2732174942890803,0.6293980717658997,/content/outputs/inference/answersheet/model_finetune_640_results/res_0e2df002a975b3dabc690bc142c64a53_jpg_8.pkl
355,312,379,321,355,312,378,312,378,320,355,320,thhhhhtrrddeee,sender,0.7408126592636108,0.2167431680219514,0.5449159890413284,/content/outputs/inference/answersheet/model_finetune_640_results/res_0e2df002a975b3dabc690bc142c64a53_jpg_9.pkl
311,256,381,267,313,256,380,256,380,266,313,266,asaasayeee,sender,0.6252102255821228,0.16216423138976097,0.39586606195994783,/content/outputs/inference/answersheet/model_finetune_640_results/res_0e2df002a975b3dabc690bc142c64a53_jpg_10.pkl
48,12,108,24,48,12,106,12,106,22,48,22,eaettt,from,0.599890410900116,0.1390266145269076,0.5865646049380302,/content/outputs/inference/answersheet/model_finetune_640_results/res_0e2df002a975b3dabc690bc142c64a53_jpg_11.pkl
350,325,375,335,350,325,374,325,374,334,350,334,eoeosaaaaaaaeeaeaa,come,0.5469121932983398,0.0888359360396862,0.3642001301050186,/content/outputs/inference/answersheet/model_finetune_640_results/res_0e2df002a975b3dabc690bc142c64a53_jpg_12.pkl
142,368,168,378,142,368,167,368,167,377,142,377,taeeet,the,0.5809838771820068,0.12503193567196527,0.42062782868742943,/content/outputs/inference/answersheet/model_finetune_640_results/res_0e2df002a975b3dabc690bc142c64a53_jpg_13.pkl
80,13,105,24,80,13,104,13,104,23,80,23,aaaaaaaaattte,the,0.5079436302185059,0.17695534859712309,0.5217222506180406,/content/outputs/inference/answersheet/model_finetune_640_results/res_0e2df002a975b3dabc690bc142c64a53_jpg_14.pkl
124,281,146,289,124,281,145,281,145,288,124,288,ppecyttt,spe,0.5528222918510437,0.10398304741829634,0.3084099553525448,/content/outputs/inference/answersheet/model_finetune_640_results/res_0e2df002a975b3dabc690bc142c64a53_jpg_15.pkl
75,356,128,366,75,356,127,356,127,365,75,365,fffffffneeeeeususssssssssaanaaaaaddd,from,0.67529296875,0.18126462772488594,0.5178880989551544,/content/outputs/inference/answersheet/model_finetune_640_results/res_0e2df002a975b3dabc690bc142c64a53_jpg_16.pkl
76,345,100,354,76,345,99,345,99,353,76,353,taaaaaaeeeeeennn,date,0.5289831757545471,0.17828392889350653,0.5986113727092743,/content/outputs/inference/answersheet/model_finetune_640_results/res_0e2df002a975b3dabc690bc142c64a53_jpg_17.pkl
378,245,402,254,378,245,401,245,401,253,378,253,a,off,0.6406860947608948,0.1043233871459961,0.36968390457332134,/content/outputs/inference/answersheet/model_finetune_640_results/res_0e2df002a975b3dabc690bc142c64a53_jpg_18.pkl
243,323,268,334,243,323,267,323,267,333,243,333,t,from,0.5150421857833862,0.13034087419509888,0.5740830898284912,/content/outputs/inference/answersheet/model_finetune_640_results/res_0e2df002a975b3dabc690bc142c64a53_jpg_19.pkl
354,222,381,235,354,222,380,222,380,234,354,234,aiiiieeeee,for,0.8013951182365417,0.16639809384942056,0.6584000587463379,/content/outputs/inference/answersheet/model_finetune_640_results/res_0e2df002a975b3dabc690bc142c64a53_jpg_20.pkl
145,311,165,321,145,311,164,311,164,320,145,320,thwweeeeeeeeeeeeeeeeeeeettt,the,0.5835780501365662,0.2151036254233784,0.606874156743288,/content/outputs/inference/answersheet/model_finetune_640_results/res_0e2df002a975b3dabc690bc142c64a53_jpg_21.pkl
129,345,185,356,129,345,184,345,184,355,129,355,ssshhfhhdlaee,shops,0.5127699971199036,0.15972702720990548,0.3686924974123637,/content/outputs/inference/answersheet/model_finetune_640_results/res_0e2df002a975b3dabc690bc142c64a53_jpg_22.pkl
189,392,214,402,189,392,213,392,213,401,189,401,eaaooeaeaaaaaaaaeee,sender,0.5037676692008972,0.1004145168944409,0.5713014666523252,/content/outputs/inference/answersheet/model_finetune_640_results/res_0e2df002a975b3dabc690bc142c64a53_jpg_23.pkl
