236,22,290,31,236,22,289,22,289,30,236,30,ssssdsddlaaaaaannslllflpyyye,staring,0.6608334183692932,0.19339613536638872,0.4058308769017458,/content/outputs/inference/answersheet/model_finetune_640_results/res_471cb41d06f12b6d02b70a64a7dbd795_jpg_0.pkl
232,29,283,41,234,29,282,29,282,40,234,40,ffffemmmmmmmmmmmmmee,from,0.5926621556282043,0.15322935841977597,0.6438271403312683,/content/outputs/inference/answersheet/model_finetune_640_results/res_471cb41d06f12b6d02b70a64a7dbd795_jpg_1.pkl
164,23,214,33,164,23,211,23,211,32,164,32,hsaeeuuuuuuuuunnanp,the,0.7190328240394592,0.13878138088866285,0.372012447565794,/content/outputs/inference/answersheet/model_finetune_640_results/res_471cb41d06f12b6d02b70a64a7dbd795_jpg_2.pkl
93,21,144,33,93,21,143,21,143,32,93,32,tauseeeeeeeee,from,0.5518873929977417,0.2641200297153913,0.4779291570186615,/content/outputs/inference/answersheet/model_finetune_640_results/res_471cb41d06f12b6d02b70a64a7dbd795_jpg_3.pkl
285,32,324,42,285,32,321,32,321,41,285,41,faeyyy,freedial,0.7451688051223755,0.09828748305638631,0.4645092321766747,/content/outputs/inference/answersheet/model_finetune_640_results/res_471cb41d06f12b6d02b70a64a7dbd795_jpg_4.pkl
197,25,214,33,197,25,213,25,213,32,197,32,ljjdddaa,the,0.5480214357376099,0.12718332931399345,0.45190660655498505,/content/outputs/inference/answersheet/model_finetune_640_results/res_471cb41d06f12b6d02b70a64a7dbd795_jpg_5.pkl
174,12,236,21,177,12,231,12,231,19,177,19,ddhd,sublice,0.5234737396240234,0.1341886669397354,0.4006024096161127,/content/outputs/inference/answersheet/model_finetune_640_results/res_471cb41d06f12b6d02b70a64a7dbd795_jpg_6.pkl
105,153,160,166,105,153,158,153,158,164,105,164,aaffftese,offee,0.5342116355895996,0.25782790780067444,0.5424127137909333,/content/outputs/inference/answersheet/model_finetune_640_results/res_471cb41d06f12b6d02b70a64a7dbd795_jpg_7.pkl
93,21,114,30,93,21,113,21,113,29,93,29,ooooooooapppppyyytetttttttff,park,0.7850325107574463,0.1581798837121044,0.24764518439769745,/content/outputs/inference/answersheet/model_finetune_640_results/res_471cb41d06f12b6d02b70a64a7dbd795_jpg_8.pkl
88,77,119,89,88,77,118,77,118,88,88,88,aiiiiinnhhhe,the,0.7332060933113098,0.1868500399092833,0.5893678106367588,/content/outputs/inference/answersheet/model_finetune_640_results/res_471cb41d06f12b6d02b70a64a7dbd795_jpg_9.pkl
310,8,333,17,310,8,332,8,332,16,310,16,mmaltttttttt,mill,0.8522152900695801,0.21371653179327646,0.6367081850767136,/content/outputs/inference/answersheet/model_finetune_640_results/res_471cb41d06f12b6d02b70a64a7dbd795_jpg_10.pkl
151,42,178,54,151,42,177,42,177,53,151,53,ssynnanttttttttttttttttttttttteee,the,0.6522780060768127,0.36499375556454516,0.48321346566081047,/content/outputs/inference/answersheet/model_finetune_640_results/res_471cb41d06f12b6d02b70a64a7dbd795_jpg_11.pkl
87,12,106,21,87,12,105,12,105,20,87,20,ststtttttlhtlhhhlhhtlhhtlhlhhhhhthhhhhtthhhleee,the,0.5393351912498474,0.1946026197773345,0.6757926754653454,/content/outputs/inference/answersheet/model_finetune_640_results/res_471cb41d06f12b6d02b70a64a7dbd795_jpg_12.pkl
112,24,139,33,112,24,138,24,138,32,112,32,taaassssssasaeeeee,from,0.5900757312774658,0.1603012163605955,0.5418929904699326,/content/outputs/inference/answersheet/model_finetune_640_results/res_471cb41d06f12b6d02b70a64a7dbd795_jpg_13.pkl
177,179,197,187,177,179,196,179,196,186,177,186,ttttntt,the,0.5303149819374084,0.20537965851170675,0.7578248009085655,/content/outputs/inference/answersheet/model_finetune_640_results/res_471cb41d06f12b6d02b70a64a7dbd795_jpg_14.pkl
93,31,116,42,93,33,115,33,115,41,93,41,faaaafffftf,that,0.6108294129371643,0.21910001676190982,0.6193562805652618,/content/outputs/inference/answersheet/model_finetune_640_results/res_471cb41d06f12b6d02b70a64a7dbd795_jpg_15.pkl
160,154,188,166,160,154,187,154,187,165,160,165,anahaaeaddddd,but,0.6434083580970764,0.24827568233013153,0.5525497458875179,/content/outputs/inference/answersheet/model_finetune_640_results/res_471cb41d06f12b6d02b70a64a7dbd795_jpg_16.pkl
112,99,176,111,112,99,175,99,175,110,112,110,aeeeeeeayrettessssss,greath,0.5553022623062134,0.288119163364172,0.36918602351631435,/content/outputs/inference/answersheet/model_finetune_640_results/res_471cb41d06f12b6d02b70a64a7dbd795_jpg_17.pkl
152,100,175,110,152,100,174,100,174,109,152,109,ttttttsssssss,the,0.691387951374054,0.45421133878139347,0.6089450865983963,/content/outputs/inference/answersheet/model_finetune_640_results/res_471cb41d06f12b6d02b70a64a7dbd795_jpg_18.pkl
150,90,175,100,150,90,174,90,174,99,150,99,a,the,0.7662622928619385,0.1434800624847412,0.5872048791497946,/content/outputs/inference/answersheet/model_finetune_640_results/res_471cb41d06f12b6d02b70a64a7dbd795_jpg_19.pkl
