330,355,408,368,330,355,407,355,407,367,330,367,apaaa,restards,0.6105507016181946,0.1193415641784668,0.49632679836617577,/content/outputs/inference/answersheet/model_finetune_640_results/res_ef518124ffa62d09aa9ed420de1c1cf8_jpg_0.pkl
11,89,50,103,11,89,49,89,49,102,11,102,aaeeaaaaaaan,came,0.7040569186210632,0.47445456435283023,0.4439931184053421,/content/outputs/inference/answersheet/model_finetune_640_results/res_ef518124ffa62d09aa9ed420de1c1cf8_jpg_1.pkl
274,8,409,27,274,11,407,9,408,25,274,27,eeeeeee,messageid,0.6275068521499634,0.1629432248217719,0.6291480053216219,/content/outputs/inference/answersheet/model_finetune_640_results/res_ef518124ffa62d09aa9ed420de1c1cf8_jpg_2.pkl
45,12,107,24,45,12,106,12,106,23,45,23,aaeeaa,sender,0.6360280513763428,0.10816136126716931,0.4634522018688066,/content/outputs/inference/answersheet/model_finetune_640_results/res_ef518124ffa62d09aa9ed420de1c1cf8_jpg_3.pkl
281,212,339,223,281,212,337,212,337,221,281,221,aeeatt,can,0.5365825295448303,0.12686722353100777,0.25865301862359047,/content/outputs/inference/answersheet/model_finetune_640_results/res_ef518124ffa62d09aa9ed420de1c1cf8_jpg_4.pkl
253,167,294,179,253,167,293,167,293,178,253,178,aatttt,brean,0.5352574586868286,0.18074705948432288,0.33644212285677594,/content/outputs/inference/answersheet/model_finetune_640_results/res_ef518124ffa62d09aa9ed420de1c1cf8_jpg_5.pkl
336,11,404,24,336,11,403,11,403,23,336,23,eredeoattee,from,0.6435863375663757,0.1506763744083318,0.577877551317215,/content/outputs/inference/answersheet/model_finetune_640_results/res_ef518124ffa62d09aa9ed420de1c1cf8_jpg_6.pkl
279,145,313,156,279,145,312,145,312,155,279,155,tfeeyyyvvvee,teve,0.7624138593673706,0.2519633397459984,0.6411119997501373,/content/outputs/inference/answersheet/model_finetune_640_results/res_ef518124ffa62d09aa9ed420de1c1cf8_jpg_7.pkl
313,167,356,178,313,167,355,167,355,177,313,177,aeaee,and,0.5535876154899597,0.20575006902217866,0.4291185140609741,/content/outputs/inference/answersheet/model_finetune_640_results/res_ef518124ffa62d09aa9ed420de1c1cf8_jpg_8.pkl
124,101,151,111,124,101,150,101,150,110,124,110,eeeettt,come,0.6915997266769409,0.21899384153740747,0.30933994948863985,/content/outputs/inference/answersheet/model_finetune_640_results/res_ef518124ffa62d09aa9ed420de1c1cf8_jpg_9.pkl
104,357,128,366,104,357,127,357,127,365,104,365,aaaaa,from,0.5321003794670105,0.1451448231935501,0.6172223627567291,/content/outputs/inference/answersheet/model_finetune_640_results/res_ef518124ffa62d09aa9ed420de1c1cf8_jpg_10.pkl
154,90,218,103,154,90,217,90,217,102,154,102,ddayeahmae,marking,0.517536461353302,0.1315354559570551,0.43650691770017147,/content/outputs/inference/answersheet/model_finetune_640_results/res_ef518124ffa62d09aa9ed420de1c1cf8_jpg_11.pkl
