170,121,197,135,170,121,196,121,196,134,170,134,ten1t,1991,0.9039883017539978,0.22571936696767808,0.5349824547767639,/content/outputs/inference/answersheet/model_finetune_640_results/res_c96fd256d7dfcdb1a220c19fb4c18940_jpg_0.pkl
310,161,343,177,310,161,342,161,342,176,310,176,taaaatll,teat,0.8172552585601807,0.2153081651777029,0.6429708957672119,/content/outputs/inference/answersheet/model_finetune_640_results/res_c96fd256d7dfcdb1a220c19fb4c18940_jpg_1.pkl
171,147,196,160,171,147,195,147,195,159,171,159,tttttttaat,teat,0.6929244995117188,0.421247099339962,0.6931967377662659,/content/outputs/inference/answersheet/model_finetune_640_results/res_c96fd256d7dfcdb1a220c19fb4c18940_jpg_2.pkl
130,191,180,207,130,191,179,191,179,206,130,206,thatvsat,tate,0.7138465046882629,0.38311017490923405,0.6191546767950058,/content/outputs/inference/answersheet/model_finetune_640_results/res_c96fd256d7dfcdb1a220c19fb4c18940_jpg_3.pkl
257,157,295,171,257,157,294,157,294,170,257,170,taaasattttvvvtt,that,0.8468125462532043,0.3978382577498754,0.5610070049762725,/content/outputs/inference/answersheet/model_finetune_640_results/res_c96fd256d7dfcdb1a220c19fb4c18940_jpg_4.pkl
69,265,130,278,69,265,129,265,129,277,69,277,tpaaiitieiiittttttt,ipation,0.8412746787071228,0.36560333480960444,0.593565970659256,/content/outputs/inference/answersheet/model_finetune_640_results/res_c96fd256d7dfcdb1a220c19fb4c18940_jpg_5.pkl
257,288,316,303,257,288,315,288,315,302,257,302,attttttteoue,teatson,0.6655485033988953,0.3195990112920602,0.5683060325682163,/content/outputs/inference/answersheet/model_finetune_640_results/res_c96fd256d7dfcdb1a220c19fb4c18940_jpg_6.pkl
169,178,206,190,169,178,205,178,205,189,169,189,eeteetsdsslddl,this,0.5366926193237305,0.1998747784112181,0.5604308664798736,/content/outputs/inference/answersheet/model_finetune_640_results/res_c96fd256d7dfcdb1a220c19fb4c18940_jpg_7.pkl
168,89,199,102,168,89,198,89,198,101,168,101,teeeta,teat,0.5019695162773132,0.40309711049000424,0.7178686439990998,/content/outputs/inference/answersheet/model_finetune_640_results/res_c96fd256d7dfcdb1a220c19fb4c18940_jpg_8.pkl
252,212,312,227,252,212,310,212,310,225,252,225,taanaatte,that,0.6261839270591736,0.37912315130233765,0.4152646422386169,/content/outputs/inference/answersheet/model_finetune_640_results/res_c96fd256d7dfcdb1a220c19fb4c18940_jpg_9.pkl
283,140,312,153,283,140,311,140,311,152,283,152,vjvttttetaaaasse,fri,0.7387844920158386,0.25558143528178334,0.40756361931562424,/content/outputs/inference/answersheet/model_finetune_640_results/res_c96fd256d7dfcdb1a220c19fb4c18940_jpg_10.pkl
27,288,55,299,27,288,54,288,54,298,27,298,ttyii,for,0.8010227084159851,0.28049654215574266,0.5366277918219566,/content/outputs/inference/answersheet/model_finetune_640_results/res_c96fd256d7dfcdb1a220c19fb4c18940_jpg_11.pkl
161,345,189,358,161,345,188,345,188,357,161,357,ttt,the,0.6620004773139954,0.4137231210867564,0.48119593411684036,/content/outputs/inference/answersheet/model_finetune_640_results/res_c96fd256d7dfcdb1a220c19fb4c18940_jpg_12.pkl
64,287,153,302,68,289,151,289,151,300,68,300,ttttttttttteeaptotrrr,bettersition,0.62872713804245,0.40885246509597417,0.5323759151192812,/content/outputs/inference/answersheet/model_finetune_640_results/res_c96fd256d7dfcdb1a220c19fb4c18940_jpg_13.pkl
168,88,229,102,168,88,228,88,228,101,168,101,teoteeeaettttteee,teate,0.6848912239074707,0.45055559102226705,0.7724085624019305,/content/outputs/inference/answersheet/model_finetune_640_results/res_c96fd256d7dfcdb1a220c19fb4c18940_jpg_14.pkl
121,344,150,356,121,344,149,344,149,355,121,355,tonntnvvuuutttt,that,0.5377759337425232,0.2225705290834109,0.518168467283249,/content/outputs/inference/answersheet/model_finetune_640_results/res_c96fd256d7dfcdb1a220c19fb4c18940_jpg_15.pkl
205,191,241,210,205,191,240,191,240,209,205,209,ttttall,teal,0.5718264579772949,0.5201501207692283,0.7286667943000793,/content/outputs/inference/answersheet/model_finetune_640_results/res_c96fd256d7dfcdb1a220c19fb4c18940_jpg_16.pkl
90,232,157,247,92,232,156,232,156,246,92,246,tteee,teath,0.556891918182373,0.3528431087732315,0.5059818973143896,/content/outputs/inference/answersheet/model_finetune_640_results/res_c96fd256d7dfcdb1a220c19fb4c18940_jpg_17.pkl
203,287,239,302,203,287,238,287,238,301,203,301,thaatttttttttt,teat,0.5727128982543945,0.3425677408065115,0.636631178855896,/content/outputs/inference/answersheet/model_finetune_640_results/res_c96fd256d7dfcdb1a220c19fb4c18940_jpg_18.pkl
197,344,234,358,197,344,233,344,233,357,197,357,eeat,teat,0.5487306118011475,0.16533035971224308,0.5795549273490905,/content/outputs/inference/answersheet/model_finetune_640_results/res_c96fd256d7dfcdb1a220c19fb4c18940_jpg_19.pkl
225,123,254,136,225,123,253,123,253,135,225,135,tttiiiisnnt,but,0.5643308162689209,0.26079964299093594,0.6335348412394524,/content/outputs/inference/answersheet/model_finetune_640_results/res_c96fd256d7dfcdb1a220c19fb4c18940_jpg_20.pkl
82,13,129,24,82,13,128,13,128,23,82,23,dnoaeeeoooo,job,0.5430281162261963,0.1967354416847229,0.3475789576768875,/content/outputs/inference/answersheet/model_finetune_640_results/res_c96fd256d7dfcdb1a220c19fb4c18940_jpg_21.pkl
101,323,129,334,101,323,128,323,128,333,101,333,tbbettttt,teat,0.5015135407447815,0.4238901775744226,0.5861059069633484,/content/outputs/inference/answersheet/model_finetune_640_results/res_c96fd256d7dfcdb1a220c19fb4c18940_jpg_22.pkl
322,288,348,301,322,288,347,288,347,300,322,300,ttthta,team,0.6655800938606262,0.2059577206770579,0.6408277809619903,/content/outputs/inference/answersheet/model_finetune_640_results/res_c96fd256d7dfcdb1a220c19fb4c18940_jpg_23.pkl
73,342,109,357,73,342,108,342,108,356,73,356,teaffttt,trait,0.7025890350341797,0.26063139736652374,0.6160648216803869,/content/outputs/inference/answersheet/model_finetune_640_results/res_c96fd256d7dfcdb1a220c19fb4c18940_jpg_24.pkl
