91,19,138,30,93,19,134,19,134,28,93,28,llllo,come,0.5971266031265259,0.13227772265672683,0.3793188363313675,/content/outputs/inference/answersheet/model_finetune_640_results/res_1ba7e9a7cedb514074f897c60e3ac78a_jpg_0.pkl
162,339,244,353,162,339,243,339,243,352,162,352,ttteooaaeaaaeed,coffeed,0.7559744715690613,0.24605351736148198,0.5709224827587605,/content/outputs/inference/answersheet/model_finetune_640_results/res_1ba7e9a7cedb514074f897c60e3ac78a_jpg_1.pkl
155,383,270,401,157,385,269,385,269,400,157,400,eehasgssde,coffersity,0.5828182697296143,0.1732951357960701,0.4530865800651637,/content/outputs/inference/answersheet/model_finetune_640_results/res_1ba7e9a7cedb514074f897c60e3ac78a_jpg_2.pkl
328,9,370,19,328,9,368,9,368,17,328,17,cdwwwwe,colle,0.7113860845565796,0.2266455590724945,0.5092024505138397,/content/outputs/inference/answersheet/model_finetune_640_results/res_1ba7e9a7cedb514074f897c60e3ac78a_jpg_3.pkl
195,96,261,112,198,96,260,96,260,111,198,111,mcggaaeaaatttappe,greath,0.6846153140068054,0.20992191924768336,0.4649933512721743,/content/outputs/inference/answersheet/model_finetune_640_results/res_1ba7e9a7cedb514074f897c60e3ac78a_jpg_4.pkl
153,296,241,313,156,296,240,296,240,312,156,312,aeeessgaae,messageid,0.6696954965591431,0.24300044253468514,0.6938688896596432,/content/outputs/inference/answersheet/model_finetune_640_results/res_1ba7e9a7cedb514074f897c60e3ac78a_jpg_5.pkl
146,19,196,29,148,19,195,19,195,28,148,28,egse,from,0.5056477785110474,0.12763474695384502,0.5697822540998458,/content/outputs/inference/answersheet/model_finetune_640_results/res_1ba7e9a7cedb514074f897c60e3ac78a_jpg_6.pkl
151,218,266,235,151,218,265,220,264,235,151,232,eeeaeaas,subject,0.7175702452659607,0.20476790610700846,0.4446874698624015,/content/outputs/inference/answersheet/model_finetune_640_results/res_1ba7e9a7cedb514074f897c60e3ac78a_jpg_7.pkl
108,42,161,53,108,42,160,42,160,52,108,52,sdahaaaeeade,sale,0.632667601108551,0.16167590642968813,0.5817918092012405,/content/outputs/inference/answersheet/model_finetune_640_results/res_1ba7e9a7cedb514074f897c60e3ac78a_jpg_8.pkl
179,174,264,189,179,174,263,174,263,188,179,188,ggapppaaes,compers,0.5645084977149963,0.1906786471605301,0.44931282475590706,/content/outputs/inference/answersheet/model_finetune_640_results/res_1ba7e9a7cedb514074f897c60e3ac78a_jpg_9.pkl
111,50,163,63,115,50,162,50,162,62,115,62,de,sender,0.5046096444129944,0.18391787260770798,0.550776617867606,/content/outputs/inference/answersheet/model_finetune_640_results/res_1ba7e9a7cedb514074f897c60e3ac78a_jpg_10.pkl
155,75,211,88,155,75,210,75,210,87,155,87,eeearrtttnydeeessssaiie,the,0.585448145866394,0.14378273227940436,0.36854912992566824,/content/outputs/inference/answersheet/model_finetune_640_results/res_1ba7e9a7cedb514074f897c60e3ac78a_jpg_11.pkl
201,97,227,109,201,97,226,97,226,108,201,108,cfeee,the,0.645729124546051,0.2413915738463402,0.4919493515044451,/content/outputs/inference/answersheet/model_finetune_640_results/res_1ba7e9a7cedb514074f897c60e3ac78a_jpg_12.pkl
288,129,361,140,288,129,360,129,360,139,288,139,ooegaeatata,some,0.7764884233474731,0.29670881547711114,0.47559732794761655,/content/outputs/inference/answersheet/model_finetune_640_results/res_1ba7e9a7cedb514074f897c60e3ac78a_jpg_13.pkl
110,341,136,351,110,341,135,341,135,350,110,350,taaadddeee,from,0.632193922996521,0.173040259629488,0.6921924620866775,/content/outputs/inference/answersheet/model_finetune_640_results/res_1ba7e9a7cedb514074f897c60e3ac78a_jpg_14.pkl
111,220,134,230,111,220,133,220,133,229,111,229,aaaahhheeeeeeette,sale,0.6540502905845642,0.15628495900069966,0.5681104376912117,/content/outputs/inference/answersheet/model_finetune_640_results/res_1ba7e9a7cedb514074f897c60e3ac78a_jpg_15.pkl
115,386,142,396,115,386,141,386,141,395,115,395,tatttee,that,0.7112805247306824,0.2386347268308912,0.6758662089705467,/content/outputs/inference/answersheet/model_finetune_640_results/res_1ba7e9a7cedb514074f897c60e3ac78a_jpg_16.pkl
106,298,130,307,106,298,129,298,129,306,106,306,tateee,for,0.5597033500671387,0.305707223713398,0.5451014079153538,/content/outputs/inference/answersheet/model_finetune_640_results/res_1ba7e9a7cedb514074f897c60e3ac78a_jpg_17.pkl
102,73,212,88,105,73,211,73,211,87,105,87,sstaeeensire,from,0.542712390422821,0.14125167454282442,0.5056855231523514,/content/outputs/inference/answersheet/model_finetune_640_results/res_1ba7e9a7cedb514074f897c60e3ac78a_jpg_18.pkl
134,103,194,119,134,105,193,105,193,118,134,118,eeennaaeessy,the,0.5148955583572388,0.25391439472635585,0.5214085020124912,/content/outputs/inference/answersheet/model_finetune_640_results/res_1ba7e9a7cedb514074f897c60e3ac78a_jpg_19.pkl
94,177,116,186,94,177,115,177,115,185,94,185,etaaatt,from,0.5864936709403992,0.1544336293424879,0.6094792321324348,/content/outputs/inference/answersheet/model_finetune_640_results/res_1ba7e9a7cedb514074f897c60e3ac78a_jpg_20.pkl
112,152,181,165,112,152,180,152,180,164,112,164,tneeeeeeeeted,the,0.5278496742248535,0.2904283662254994,0.474317766726017,/content/outputs/inference/answersheet/model_finetune_640_results/res_1ba7e9a7cedb514074f897c60e3ac78a_jpg_21.pkl
154,221,174,230,154,221,173,221,173,229,154,229,aataddt,and,0.554655909538269,0.10899449672017779,0.6053204815834761,/content/outputs/inference/answersheet/model_finetune_640_results/res_1ba7e9a7cedb514074f897c60e3ac78a_jpg_22.pkl
241,176,266,186,241,176,265,176,265,185,241,185,aaaeaeeeeeeees,as,0.7498118281364441,0.26810992722000393,0.5499048431714376,/content/outputs/inference/answersheet/model_finetune_640_results/res_1ba7e9a7cedb514074f897c60e3ac78a_jpg_23.pkl
