155,82,213,97,157,82,212,82,212,96,157,96,yoteeee,oven,0.8498086929321289,0.2275169896227973,0.4928232342004776,/content/outputs/inference/answersheet/model_finetune_640_results/res_78e2373770c524df5adc88e52402f6f5_jpg_0.pkl
106,19,147,29,106,19,146,19,146,28,106,28,stseeee,for,0.7239977717399597,0.2785154953598976,0.5066653601825237,/content/outputs/inference/answersheet/model_finetune_640_results/res_78e2373770c524df5adc88e52402f6f5_jpg_1.pkl
27,7,69,19,27,7,67,7,67,17,27,17,eepaattee,can,0.6485453844070435,0.23377331263489193,0.42702194675803185,/content/outputs/inference/answersheet/model_finetune_640_results/res_78e2373770c524df5adc88e52402f6f5_jpg_2.pkl
238,19,326,40,238,19,325,19,325,39,238,39,roasssstagggd,restay,0.9356549382209778,0.341619081222094,0.5608890652656555,/content/outputs/inference/answersheet/model_finetune_640_results/res_78e2373770c524df5adc88e52402f6f5_jpg_3.pkl
236,61,323,73,236,61,320,61,320,72,236,72,ahebsttaas,restards,0.6993486881256104,0.25349759086966517,0.4969496006766955,/content/outputs/inference/answersheet/model_finetune_640_results/res_78e2373770c524df5adc88e52402f6f5_jpg_4.pkl
149,20,223,30,151,20,222,20,222,29,151,29,eceeaeeldlsift,cable,0.6129063963890076,0.22290825471282005,0.45722027619679767,/content/outputs/inference/answersheet/model_finetune_640_results/res_78e2373770c524df5adc88e52402f6f5_jpg_5.pkl
166,58,326,76,166,60,320,60,320,75,166,75,sessehedes,restardents,0.5627889037132263,0.19728289619088174,0.48362467375894386,/content/outputs/inference/answersheet/model_finetune_640_results/res_78e2373770c524df5adc88e52402f6f5_jpg_6.pkl
172,40,230,54,172,40,229,40,229,53,172,53,geeeeaeaae,coffee,0.7127656936645508,0.26509741991758345,0.4935469478368759,/content/outputs/inference/answersheet/model_finetune_640_results/res_78e2373770c524df5adc88e52402f6f5_jpg_7.pkl
159,20,189,27,159,20,188,20,188,26,159,26,cccccaoaaaaye,cashi,0.5378008484840393,0.24457510961936071,0.4294721558690071,/content/outputs/inference/answersheet/model_finetune_640_results/res_78e2373770c524df5adc88e52402f6f5_jpg_8.pkl
190,19,222,31,190,19,221,19,221,30,190,30,lllkbsbsssssttttttth,but,0.8508259654045105,0.29512390308082104,0.30964939296245575,/content/outputs/inference/answersheet/model_finetune_640_results/res_78e2373770c524df5adc88e52402f6f5_jpg_9.pkl
180,30,220,40,183,30,219,30,219,39,183,39,eeeeeeeeeed,and,0.5553721785545349,0.14079258726401764,0.4468207471072674,/content/outputs/inference/answersheet/model_finetune_640_results/res_78e2373770c524df5adc88e52402f6f5_jpg_10.pkl
169,66,198,75,169,66,197,66,197,74,169,74,jjlaaeeeeeeeeeaararpatt,apr,0.629724383354187,0.17519821388565976,0.5075427852571011,/content/outputs/inference/answersheet/model_finetune_640_results/res_78e2373770c524df5adc88e52402f6f5_jpg_11.pkl
