67,11,132,23,67,11,128,11,128,22,67,22,ffftaadde,from,0.7876149415969849,0.25878625280327267,0.5036131381988526,/content/outputs/inference/answersheet/model_finetune_640_results/res_7c295b0f5554cdc3f622e2c2d0e912ac_jpg_0.pkl
191,12,249,23,193,12,246,12,246,22,193,22,faaaaaideee,date,0.5594736337661743,0.22489781135862524,0.5851252794265747,/content/outputs/inference/answersheet/model_finetune_640_results/res_7c295b0f5554cdc3f622e2c2d0e912ac_jpg_1.pkl
349,20,391,33,349,20,389,20,389,31,349,31,ahahhn,that,0.6407408714294434,0.2518160492181778,0.6098386377096177,/content/outputs/inference/answersheet/model_finetune_640_results/res_7c295b0f5554cdc3f622e2c2d0e912ac_jpg_2.pkl
130,12,198,23,132,12,195,12,195,22,132,22,eeaaee,come,0.7623893618583679,0.20050087943673134,0.35221504271030424,/content/outputs/inference/answersheet/model_finetune_640_results/res_7c295b0f5554cdc3f622e2c2d0e912ac_jpg_3.pkl
277,353,341,367,277,353,340,353,340,366,277,366,ffeedhhhe,scoffee,0.7310997843742371,0.14185046239031684,0.47331033274531364,/content/outputs/inference/answersheet/model_finetune_640_results/res_7c295b0f5554cdc3f622e2c2d0e912ac_jpg_4.pkl
110,252,156,265,110,252,155,252,155,264,110,264,eopdd,for,0.5594092607498169,0.31431858241558075,0.6229254230856895,/content/outputs/inference/answersheet/model_finetune_640_results/res_7c295b0f5554cdc3f622e2c2d0e912ac_jpg_5.pkl
276,13,395,35,276,13,394,13,394,34,276,34,eeaaeeeaan,compers,0.6329562067985535,0.17907034680247308,0.37049275264143944,/content/outputs/inference/answersheet/model_finetune_640_results/res_7c295b0f5554cdc3f622e2c2d0e912ac_jpg_6.pkl
312,298,411,312,312,298,410,298,410,311,312,311,eavomnniaaaf7e,breading,0.580098569393158,0.13052466990692274,0.4167517539527681,/content/outputs/inference/answersheet/model_finetune_640_results/res_7c295b0f5554cdc3f622e2c2d0e912ac_jpg_7.pkl
202,177,245,189,202,177,242,177,242,188,202,188,deaaeeeee,and,0.5561193823814392,0.1601584686173333,0.6224971022456884,/content/outputs/inference/answersheet/model_finetune_640_results/res_7c295b0f5554cdc3f622e2c2d0e912ac_jpg_8.pkl
70,57,96,68,70,57,95,57,95,67,70,67,eali,state,0.5173240900039673,0.12321395240724087,0.36158160120248795,/content/outputs/inference/answersheet/model_finetune_640_results/res_7c295b0f5554cdc3f622e2c2d0e912ac_jpg_9.pkl
61,54,135,69,65,54,132,54,132,66,65,66,eiyyydann,coffeen,0.6023709177970886,0.13455154250065485,0.40288148261606693,/content/outputs/inference/answersheet/model_finetune_640_results/res_7c295b0f5554cdc3f622e2c2d0e912ac_jpg_10.pkl
150,43,193,56,150,43,192,43,192,55,150,55,yettsss,sale,0.5461707711219788,0.2125097726072584,0.4322332412004471,/content/outputs/inference/answersheet/model_finetune_640_results/res_7c295b0f5554cdc3f622e2c2d0e912ac_jpg_11.pkl
104,13,129,23,104,13,128,13,128,22,104,22,de,the,0.5543490052223206,0.15818045288324356,0.6433932036161423,/content/outputs/inference/answersheet/model_finetune_640_results/res_7c295b0f5554cdc3f622e2c2d0e912ac_jpg_12.pkl
275,12,329,25,275,12,327,12,327,23,275,23,eeadre,the,0.5233210921287537,0.1315848728020986,0.4491102136671543,/content/outputs/inference/answersheet/model_finetune_640_results/res_7c295b0f5554cdc3f622e2c2d0e912ac_jpg_13.pkl
136,24,160,34,136,24,159,24,159,33,136,33,taaaaaaaaaeeeeee,the,0.658621072769165,0.23019115813076496,0.6356729175895452,/content/outputs/inference/answersheet/model_finetune_640_results/res_7c295b0f5554cdc3f622e2c2d0e912ac_jpg_14.pkl
186,252,292,265,191,252,291,252,291,264,191,264,retpdegccasssds,referders,0.7618027925491333,0.22471729218959807,0.5513965487480164,/content/outputs/inference/answersheet/model_finetune_640_results/res_7c295b0f5554cdc3f622e2c2d0e912ac_jpg_15.pkl
240,101,271,111,240,101,270,101,270,110,240,110,aaeee,your,0.6390038728713989,0.17522363513708114,0.6186691656708717,/content/outputs/inference/answersheet/model_finetune_640_results/res_7c295b0f5554cdc3f622e2c2d0e912ac_jpg_16.pkl
137,14,162,22,137,14,161,14,161,21,137,21,ffeaaaa,from,0.5062962174415588,0.14031899401119777,0.6384181767702103,/content/outputs/inference/answersheet/model_finetune_640_results/res_7c295b0f5554cdc3f622e2c2d0e912ac_jpg_17.pkl
237,23,260,32,237,23,259,23,259,31,237,31,ttyyyeooyyyhhhhhhhhhtt,way,0.6434643268585205,0.10490490089763295,0.34075507149100304,/content/outputs/inference/answersheet/model_finetune_640_results/res_7c295b0f5554cdc3f622e2c2d0e912ac_jpg_18.pkl
278,66,305,77,278,66,304,66,304,76,278,76,ephhhhddd,the,0.6669526696205139,0.2060278919008043,0.5216830484569073,/content/outputs/inference/answersheet/model_finetune_640_results/res_7c295b0f5554cdc3f622e2c2d0e912ac_jpg_19.pkl
179,117,255,134,179,119,253,119,253,132,179,132,pshaetaee,parking,0.6591047644615173,0.19021149973074594,0.42145902663469315,/content/outputs/inference/answersheet/model_finetune_640_results/res_7c295b0f5554cdc3f622e2c2d0e912ac_jpg_20.pkl
250,13,267,22,250,13,266,13,266,21,250,21,iittttttrrereeee,the,0.5288745760917664,0.16003391845151782,0.6625352501869202,/content/outputs/inference/answersheet/model_finetune_640_results/res_7c295b0f5554cdc3f622e2c2d0e912ac_jpg_21.pkl
65,34,104,45,65,34,103,34,103,44,65,44,eeeenaaaeeeaaaaaaaaateeaaaaaaeee,from,0.7321298122406006,0.15684098261408508,0.5554207220673562,/content/outputs/inference/answersheet/model_finetune_640_results/res_7c295b0f5554cdc3f622e2c2d0e912ac_jpg_22.pkl
