42,86,111,100,42,86,110,86,110,99,42,99,ldsssedae,date,0.8679205775260925,0.16264919439951578,0.41393585205078126,/content/outputs/inference/answersheet/model_finetune_640_results/res_e666800d8f00926dea69df8d90b9ea90_jpg_0.pkl
108,250,298,269,108,250,297,250,297,268,108,268,ndetetssseee,restards,0.5463257431983948,0.20813102275133133,0.4303986305991809,/content/outputs/inference/answersheet/model_finetune_640_results/res_e666800d8f00926dea69df8d90b9ea90_jpg_1.pkl
185,107,260,122,187,107,259,107,259,121,187,121,paetnaaee,date,0.7206030488014221,0.18980873458915287,0.5659618183970452,/content/outputs/inference/answersheet/model_finetune_640_results/res_e666800d8f00926dea69df8d90b9ea90_jpg_2.pkl
269,109,329,121,269,109,328,109,328,120,269,120,aanmnnnramd,from,0.6855400800704956,0.2010590833696452,0.6468815743923187,/content/outputs/inference/answersheet/model_finetune_640_results/res_e666800d8f00926dea69df8d90b9ea90_jpg_3.pkl
53,109,81,119,53,109,80,109,80,118,53,118,ffeyyete,from,0.7744812965393066,0.21096437331289053,0.6120691120624542,/content/outputs/inference/answersheet/model_finetune_640_results/res_e666800d8f00926dea69df8d90b9ea90_jpg_4.pkl
70,363,135,376,70,363,132,363,132,375,70,375,ggggggoooooaeeeeeeffdrtttad,gread,0.7590416669845581,0.19226467499026545,0.43472867210706073,/content/outputs/inference/answersheet/model_finetune_640_results/res_e666800d8f00926dea69df8d90b9ea90_jpg_5.pkl
75,355,129,365,79,355,124,355,124,364,79,364,keeae,come,0.6017283201217651,0.14461773335933686,0.32415343075990677,/content/outputs/inference/answersheet/model_finetune_640_results/res_e666800d8f00926dea69df8d90b9ea90_jpg_6.pkl
266,298,325,311,266,298,324,298,324,310,266,310,oieeaam,date,0.7494401335716248,0.17670610866376332,0.522517865896225,/content/outputs/inference/answersheet/model_finetune_640_results/res_e666800d8f00926dea69df8d90b9ea90_jpg_7.pkl
143,232,212,245,143,232,209,232,209,244,143,244,oeeeeeedeody,sender,0.53292316198349,0.22146782279014587,0.5766061395406723,/content/outputs/inference/answersheet/model_finetune_640_results/res_e666800d8f00926dea69df8d90b9ea90_jpg_8.pkl
208,65,230,76,208,65,229,65,229,75,208,75,tttttttttttttt4d22t222222ddddd,to,0.7063139081001282,0.3235020344456037,0.4855176309744517,/content/outputs/inference/answersheet/model_finetune_640_results/res_e666800d8f00926dea69df8d90b9ea90_jpg_9.pkl
55,299,80,310,55,299,79,299,79,309,55,309,fffttfaaaaaaaaaaaaaataaaahfe,the,0.8365346193313599,0.20081809615450247,0.6500081047415733,/content/outputs/inference/answersheet/model_finetune_640_results/res_e666800d8f00926dea69df8d90b9ea90_jpg_10.pkl
134,109,170,122,134,109,169,109,169,121,134,121,yggaaeeeeeee,sale,0.7253509759902954,0.19849016020695368,0.6456437587738038,/content/outputs/inference/answersheet/model_finetune_640_results/res_e666800d8f00926dea69df8d90b9ea90_jpg_11.pkl
41,319,68,330,41,319,67,319,67,329,41,329,tfeee,from,0.5605628490447998,0.24276434183120726,0.6513449013233185,/content/outputs/inference/answersheet/model_finetune_640_results/res_e666800d8f00926dea69df8d90b9ea90_jpg_12.pkl
72,392,95,402,72,392,94,392,94,401,72,401,oofffeeeeeeeeefffa,off,0.5661386847496033,0.1383423407872518,0.6243196725845337,/content/outputs/inference/answersheet/model_finetune_640_results/res_e666800d8f00926dea69df8d90b9ea90_jpg_13.pkl
83,153,102,162,83,153,101,153,101,161,83,161,ttaaeeette,date,0.6787926554679871,0.14503981918096542,0.47593331038951875,/content/outputs/inference/answersheet/model_finetune_640_results/res_e666800d8f00926dea69df8d90b9ea90_jpg_14.pkl
87,110,111,121,87,110,110,110,110,120,87,120,ssfaaaeeeeeeeeeeeeeeeeeeeeeeeeee,the,0.5028210282325745,0.32534995302557945,0.5950797889381647,/content/outputs/inference/answersheet/model_finetune_640_results/res_e666800d8f00926dea69df8d90b9ea90_jpg_15.pkl
133,167,150,175,133,167,149,167,149,174,133,174,aa444444444444444aaeasssssssse,the,0.656430184841156,0.14661159838239352,0.6525674946606159,/content/outputs/inference/answersheet/model_finetune_640_results/res_e666800d8f00926dea69df8d90b9ea90_jpg_16.pkl
144,20,167,30,144,20,166,20,166,29,144,29,foppo,apr,0.5880417227745056,0.13980735391378402,0.6389621999114752,/content/outputs/inference/answersheet/model_finetune_640_results/res_e666800d8f00926dea69df8d90b9ea90_jpg_17.pkl
215,298,239,310,215,298,238,298,238,309,215,309,aoeeeee,the,0.6628068089485168,0.14513499183314188,0.6434510592371225,/content/outputs/inference/answersheet/model_finetune_640_results/res_e666800d8f00926dea69df8d90b9ea90_jpg_18.pkl
226,108,255,120,226,108,254,108,254,119,226,119,naaayye,apr,0.5126345753669739,0.2136746964284352,0.5938121750950813,/content/outputs/inference/answersheet/model_finetune_640_results/res_e666800d8f00926dea69df8d90b9ea90_jpg_19.pkl
