1,10,54,23,1,10,53,10,53,22,1,22,aaaaaeeeeeeeaa,date,0.6592342257499695,0.24674222937652043,0.5394921645522117,/content/outputs/inference/answersheet/model_finetune_640_results/res_ec4569e9e7a961938b050e3515d3c70d_jpg_0.pkl
81,32,148,46,81,32,146,32,146,44,81,44,ateeeeeee,stevers,0.6947371959686279,0.12465699762105942,0.45191896706819534,/content/outputs/inference/answersheet/model_finetune_640_results/res_ec4569e9e7a961938b050e3515d3c70d_jpg_1.pkl
287,14,333,25,287,14,332,14,332,24,287,24,ssaatteeaea,from,0.6053361296653748,0.1458304768258875,0.55271325558424,/content/outputs/inference/answersheet/model_finetune_640_results/res_ec4569e9e7a961938b050e3515d3c70d_jpg_2.pkl
73,343,131,355,75,343,130,343,130,354,75,354,thhfettthhheesss,the,0.7493030428886414,0.14508406724780798,0.38387575559318066,/content/outputs/inference/answersheet/model_finetune_640_results/res_ec4569e9e7a961938b050e3515d3c70d_jpg_3.pkl
347,124,380,135,347,124,379,124,379,134,347,134,gaees,from,0.663405179977417,0.16845312267541884,0.5652360945940018,/content/outputs/inference/answersheet/model_finetune_640_results/res_ec4569e9e7a961938b050e3515d3c70d_jpg_4.pkl
110,267,128,278,110,267,127,267,127,277,110,277,eya,bread,0.548708438873291,0.08807335297266643,0.34144702305396396,/content/outputs/inference/answersheet/model_finetune_640_results/res_ec4569e9e7a961938b050e3515d3c70d_jpg_5.pkl
372,287,410,299,372,287,407,287,407,298,372,298,eaaett,coffee,0.5527752637863159,0.17511685192584991,0.5504807382822037,/content/outputs/inference/answersheet/model_finetune_640_results/res_ec4569e9e7a961938b050e3515d3c70d_jpg_6.pkl
184,11,256,23,184,11,255,11,255,22,184,22,taaffaeeeeeeedldde,from,0.7036271095275879,0.2211616486310959,0.46984421610832217,/content/outputs/inference/answersheet/model_finetune_640_results/res_ec4569e9e7a961938b050e3515d3c70d_jpg_7.pkl
173,34,231,46,175,34,230,34,230,45,175,45,ttsstnse,state,0.525873064994812,0.16158337611705065,0.3088451102375984,/content/outputs/inference/answersheet/model_finetune_640_results/res_ec4569e9e7a961938b050e3515d3c70d_jpg_8.pkl
112,123,131,132,112,123,130,123,130,131,112,131,fssssseaaaaaaaaeeee,from,0.5270798802375793,0.13962845621924652,0.6648925244808197,/content/outputs/inference/answersheet/model_finetune_640_results/res_ec4569e9e7a961938b050e3515d3c70d_jpg_9.pkl
155,92,178,101,155,92,177,92,177,100,155,100,thhhaadddee,the,0.6973901987075806,0.2025724337859587,0.7168470919132233,/content/outputs/inference/answersheet/model_finetune_640_results/res_ec4569e9e7a961938b050e3515d3c70d_jpg_10.pkl
117,387,204,399,120,387,203,387,203,398,120,398,ooottttttteessaaastiss,the,0.6244013905525208,0.1828217858617956,0.45081231370568275,/content/outputs/inference/answersheet/model_finetune_640_results/res_ec4569e9e7a961938b050e3515d3c70d_jpg_11.pkl
349,91,377,101,349,91,376,91,376,100,349,100,4444aaeedeeenyyyyy,are,0.744861900806427,0.17813866751061547,0.4701793920248747,/content/outputs/inference/answersheet/model_finetune_640_results/res_ec4569e9e7a961938b050e3515d3c70d_jpg_12.pkl
193,232,220,243,193,232,219,232,219,242,193,242,aeee,more,0.5881194472312927,0.23267355002462864,0.46470752358436584,/content/outputs/inference/answersheet/model_finetune_640_results/res_ec4569e9e7a961938b050e3515d3c70d_jpg_13.pkl
58,266,81,278,58,266,80,266,80,277,58,277,ananll,fax,0.5023874044418335,0.11634636359910171,0.5083675049245358,/content/outputs/inference/answersheet/model_finetune_640_results/res_ec4569e9e7a961938b050e3515d3c70d_jpg_14.pkl
100,10,167,23,102,10,166,10,166,22,102,22,iseddtee,the,0.7296302318572998,0.2346092164516449,0.5149929225444794,/content/outputs/inference/answersheet/model_finetune_640_results/res_ec4569e9e7a961938b050e3515d3c70d_jpg_15.pkl
137,335,182,345,137,335,178,335,178,343,137,343,thhhfeeseateeeeee,bread,0.6061273813247681,0.14062291865839677,0.35504844908912975,/content/outputs/inference/answersheet/model_finetune_640_results/res_ec4569e9e7a961938b050e3515d3c70d_jpg_16.pkl
200,89,243,101,200,89,242,89,242,100,200,100,eeaeeea,from,0.5426530838012695,0.13876719240631377,0.6049210526049137,/content/outputs/inference/answersheet/model_finetune_640_results/res_ec4569e9e7a961938b050e3515d3c70d_jpg_17.pkl
77,54,130,67,77,54,129,54,129,66,77,66,trse1ddddyyyy,from,0.6190299987792969,0.21550840597886306,0.6480823963880539,/content/outputs/inference/answersheet/model_finetune_640_results/res_ec4569e9e7a961938b050e3515d3c70d_jpg_18.pkl
60,176,83,186,60,176,82,176,82,185,60,185,aooaoooiit,from,0.506496012210846,0.19711073860526085,0.6157181173563003,/content/outputs/inference/answersheet/model_finetune_640_results/res_ec4569e9e7a961938b050e3515d3c70d_jpg_19.pkl
117,178,135,187,117,178,134,178,134,186,117,186,ssssrr,from,0.5081459879875183,0.11289322003722191,0.623897809535265,/content/outputs/inference/answersheet/model_finetune_640_results/res_ec4569e9e7a961938b050e3515d3c70d_jpg_20.pkl
78,56,100,65,78,56,99,56,99,64,78,64,tttrrea,the,0.5630327463150024,0.305714267705168,0.6064054891467094,/content/outputs/inference/answersheet/model_finetune_640_results/res_ec4569e9e7a961938b050e3515d3c70d_jpg_21.pkl
319,320,342,330,319,320,341,320,341,329,319,329,eeeee,the,0.5183101296424866,0.15562139749526976,0.5458936542272568,/content/outputs/inference/answersheet/model_finetune_640_results/res_ec4569e9e7a961938b050e3515d3c70d_jpg_22.pkl
117,91,141,101,117,91,140,91,140,100,117,100,ddddedededeaeeeee,sale,0.7896620035171509,0.1397005433545393,0.4911868527531624,/content/outputs/inference/answersheet/model_finetune_640_results/res_ec4569e9e7a961938b050e3515d3c70d_jpg_23.pkl
106,10,135,23,106,10,134,10,134,22,106,22,ataafte,the,0.6156823635101318,0.2591104730963707,0.5946283489465714,/content/outputs/inference/answersheet/model_finetune_640_results/res_ec4569e9e7a961938b050e3515d3c70d_jpg_24.pkl
127,35,148,45,127,35,147,35,147,44,127,44,taaaaeeee,the,0.7184007167816162,0.16550520559151968,0.6215753182768822,/content/outputs/inference/answersheet/model_finetune_640_results/res_ec4569e9e7a961938b050e3515d3c70d_jpg_25.pkl
139,11,163,23,139,11,162,11,162,22,139,22,ififfffetteee,the,0.6078853607177734,0.26493969101172227,0.6785459704697132,/content/outputs/inference/answersheet/model_finetune_640_results/res_ec4569e9e7a961938b050e3515d3c70d_jpg_26.pkl
174,220,203,231,174,220,202,220,202,230,174,230,e,subject,0.5331741571426392,0.09328038990497589,0.4982374534010887,/content/outputs/inference/answersheet/model_finetune_640_results/res_ec4569e9e7a961938b050e3515d3c70d_jpg_27.pkl
0,7,107,25,2,9,106,9,106,24,2,24,anneeaseea,charden,0.5309677124023438,0.17455191686749458,0.44964494556188583,/content/outputs/inference/answersheet/model_finetune_640_results/res_ec4569e9e7a961938b050e3515d3c70d_jpg_28.pkl
