327,377,382,390,329,377,381,377,381,389,329,389,tteed,the,0.7535965442657471,0.19690962582826615,0.38702813535928726,/content/outputs/inference/answersheet/model_finetune_640_results/res_92b312d5d37c5fc68230e17a87c735fd_jpg_0.pkl
310,354,366,368,310,354,365,354,365,367,310,367,araer,streen,0.7376216650009155,0.16820197999477388,0.34747740626335144,/content/outputs/inference/answersheet/model_finetune_640_results/res_92b312d5d37c5fc68230e17a87c735fd_jpg_1.pkl
65,91,119,102,65,91,116,91,116,101,65,101,eeeeebeptbabeeeeee,restable,0.5287807583808899,0.2034841026696894,0.49583209885491264,/content/outputs/inference/answersheet/model_finetune_640_results/res_92b312d5d37c5fc68230e17a87c735fd_jpg_2.pkl
316,57,358,69,316,57,357,57,357,68,316,68,kklecooooosssssmmmmmmaaaaeaaeeee,courter,0.568405032157898,0.12466320767998695,0.4296694230288267,/content/outputs/inference/answersheet/model_finetune_640_results/res_92b312d5d37c5fc68230e17a87c735fd_jpg_3.pkl
207,377,253,389,207,377,252,377,252,388,207,388,sseeaee,restar,0.701943576335907,0.23437883811337606,0.4405218767268317,/content/outputs/inference/answersheet/model_finetune_640_results/res_92b312d5d37c5fc68230e17a87c735fd_jpg_4.pkl
193,12,222,22,193,12,221,12,221,21,193,21,ttogeeeeeeeeeeeeeeeeee,the,0.6789558529853821,0.28592597659338603,0.6098816953599453,/content/outputs/inference/answersheet/model_finetune_640_results/res_92b312d5d37c5fc68230e17a87c735fd_jpg_5.pkl
165,353,227,367,168,353,226,353,226,366,168,366,sepeeeee,from,0.5795217156410217,0.13719771523028612,0.49673654288053515,/content/outputs/inference/answersheet/model_finetune_640_results/res_92b312d5d37c5fc68230e17a87c735fd_jpg_6.pkl
56,13,81,24,56,13,80,13,80,23,56,23,heddttte,from,0.7155464887619019,0.11361886840313673,0.5545724272727967,/content/outputs/inference/answersheet/model_finetune_640_results/res_92b312d5d37c5fc68230e17a87c735fd_jpg_7.pkl
260,379,293,389,260,379,292,379,292,388,260,388,fe,from,0.7766494750976562,0.3493414893746376,0.5846889227628708,/content/outputs/inference/answersheet/model_finetune_640_results/res_92b312d5d37c5fc68230e17a87c735fd_jpg_8.pkl
317,191,334,200,317,191,333,191,333,199,317,199,e,from,0.6298149228096008,0.10396476835012436,0.6672639891505241,/content/outputs/inference/answersheet/model_finetune_640_results/res_92b312d5d37c5fc68230e17a87c735fd_jpg_9.pkl
121,354,171,367,124,354,170,354,170,366,124,366,aaettaaess,sale,0.7113219499588013,0.16422113180160522,0.3982866629958153,/content/outputs/inference/answersheet/model_finetune_640_results/res_92b312d5d37c5fc68230e17a87c735fd_jpg_10.pkl
118,334,147,344,118,334,146,334,146,343,118,343,odppyeeeeeee,from,0.7271449565887451,0.20001390700538954,0.44876059889793396,/content/outputs/inference/answersheet/model_finetune_640_results/res_92b312d5d37c5fc68230e17a87c735fd_jpg_11.pkl
136,379,160,388,136,379,159,379,159,387,136,387,ae,the,0.6277746558189392,0.08711240813136101,0.48663474060595036,/content/outputs/inference/answersheet/model_finetune_640_results/res_92b312d5d37c5fc68230e17a87c735fd_jpg_12.pkl
75,378,132,389,80,378,131,378,131,388,80,388,addraede,from,0.5550393462181091,0.23056967556476593,0.6385256014764309,/content/outputs/inference/answersheet/model_finetune_640_results/res_92b312d5d37c5fc68230e17a87c735fd_jpg_13.pkl
131,189,150,198,131,189,149,189,149,197,131,197,eeeeeeeeee,the,0.5617250800132751,0.3651551902294159,0.7168176658451557,/content/outputs/inference/answersheet/model_finetune_640_results/res_92b312d5d37c5fc68230e17a87c735fd_jpg_14.pkl
118,338,149,349,118,338,148,338,148,346,118,346,aspeeeeeeeeeeedl,from,0.5589959621429443,0.21161116939038038,0.4677342548966408,/content/outputs/inference/answersheet/model_finetune_640_results/res_92b312d5d37c5fc68230e17a87c735fd_jpg_15.pkl
120,343,147,353,122,343,146,343,146,352,122,352,nnnaaosssssaaattaaatttttttttttttttt,come,0.6036450266838074,0.2928245397550719,0.3471944123506546,/content/outputs/inference/answersheet/model_finetune_640_results/res_92b312d5d37c5fc68230e17a87c735fd_jpg_16.pkl
180,378,209,389,180,378,208,378,208,388,180,388,ea,and,0.5925431847572327,0.13103853166103363,0.5050712693482637,/content/outputs/inference/answersheet/model_finetune_640_results/res_92b312d5d37c5fc68230e17a87c735fd_jpg_17.pkl
152,137,176,146,152,137,175,137,175,145,152,145,aeeedeeeeeeeeeeeee,sender,0.5231893062591553,0.18703958185182679,0.559647296156202,/content/outputs/inference/answersheet/model_finetune_640_results/res_92b312d5d37c5fc68230e17a87c735fd_jpg_18.pkl
283,204,305,213,283,204,304,204,304,212,283,212,thhhhhheeee,the,0.5918451547622681,0.15486280891028317,0.3635675609111786,/content/outputs/inference/answersheet/model_finetune_640_results/res_92b312d5d37c5fc68230e17a87c735fd_jpg_19.pkl
79,379,108,387,79,379,107,379,107,386,79,386,aaaaaaddddidddd,and,0.6510224342346191,0.28842310309410096,0.5686226338148117,/content/outputs/inference/answersheet/model_finetune_640_results/res_92b312d5d37c5fc68230e17a87c735fd_jpg_20.pkl
262,191,284,200,262,191,283,191,283,199,262,199,nnaadtffffkkkkkkkk,from,0.5145322680473328,0.2181958266430431,0.5933952763676643,/content/outputs/inference/answersheet/model_finetune_640_results/res_92b312d5d37c5fc68230e17a87c735fd_jpg_21.pkl
