136,19,187,29,136,19,186,19,186,28,136,28,tooooaksssteaa,date,0.7362328767776489,0.12292468414774962,0.5907832242548465,/content/outputs/inference/answersheet/model_finetune_640_results/res_196289d9e3943fd85456025fda4043a7_jpg_0.pkl
254,228,308,240,254,228,307,228,307,239,254,239,eeeaeeedd,sale,0.5855507850646973,0.24154865741729736,0.47045459449291227,/content/outputs/inference/answersheet/model_finetune_640_results/res_196289d9e3943fd85456025fda4043a7_jpg_1.pkl
137,228,179,241,137,228,178,228,178,240,137,240,te,the,0.8030942678451538,0.20747515559196472,0.5145336370915174,/content/outputs/inference/answersheet/model_finetune_640_results/res_196289d9e3943fd85456025fda4043a7_jpg_2.pkl
241,386,293,398,241,386,292,386,292,397,241,397,sssaoo,and,0.8124005198478699,0.26526493827501935,0.5465674698352814,/content/outputs/inference/answersheet/model_finetune_640_results/res_196289d9e3943fd85456025fda4043a7_jpg_3.pkl
248,204,288,216,248,204,287,204,287,215,248,215,gagddddddyyy,get,0.767201840877533,0.2263452261686325,0.54709742218256,/content/outputs/inference/answersheet/model_finetune_640_results/res_196289d9e3943fd85456025fda4043a7_jpg_4.pkl
292,337,329,349,292,337,328,337,328,348,292,348,aaaddtddddyyyyyyy,and,0.7028293013572693,0.21369624751455643,0.5926928911358118,/content/outputs/inference/answersheet/model_finetune_640_results/res_196289d9e3943fd85456025fda4043a7_jpg_5.pkl
92,196,135,210,92,198,131,198,131,209,92,209,aaefaoooyyyyyyn,and,0.6689298748970032,0.25512518336375556,0.4315538350492716,/content/outputs/inference/answersheet/model_finetune_640_results/res_196289d9e3943fd85456025fda4043a7_jpg_6.pkl
293,368,340,380,295,368,339,368,339,379,295,379,dsdss,and,0.544093132019043,0.14919887781143187,0.5834980960935354,/content/outputs/inference/answersheet/model_finetune_640_results/res_196289d9e3943fd85456025fda4043a7_jpg_7.pkl
271,306,314,319,271,306,313,306,313,318,271,318,ggggg4ggggg4gg4gfennattttttddd,get,0.5931611061096191,0.37615033040444057,0.39830853790044785,/content/outputs/inference/answersheet/model_finetune_640_results/res_196289d9e3943fd85456025fda4043a7_jpg_8.pkl
317,27,379,40,317,27,377,27,377,38,317,38,seeaaaasaaassspaaaaaadledlleea,sender,0.5248464941978455,0.13258419036865235,0.49132240244320463,/content/outputs/inference/answersheet/model_finetune_640_results/res_196289d9e3943fd85456025fda4043a7_jpg_9.pkl
194,30,285,43,194,30,284,30,284,42,194,42,eetaeaaffff,coffee,0.5373940467834473,0.22065031663938003,0.42438897277627674,/content/outputs/inference/answersheet/model_finetune_640_results/res_196289d9e3943fd85456025fda4043a7_jpg_10.pkl
274,8,353,17,276,8,352,8,352,16,276,16,frdyyyydftttete,from,0.5078665614128113,0.18824480722347894,0.6007713973522186,/content/outputs/inference/answersheet/model_finetune_640_results/res_196289d9e3943fd85456025fda4043a7_jpg_11.pkl
146,259,183,273,148,259,182,259,182,272,148,272,ddfffyd,from,0.6213729381561279,0.24645418780190603,0.6050478652119636,/content/outputs/inference/answersheet/model_finetune_640_results/res_196289d9e3943fd85456025fda4043a7_jpg_12.pkl
351,16,408,27,351,18,407,18,407,26,351,26,oaeeeeaaaaasshs,sale,0.6267659068107605,0.22399712552626927,0.49260651767253877,/content/outputs/inference/answersheet/model_finetune_640_results/res_196289d9e3943fd85456025fda4043a7_jpg_13.pkl
56,8,169,18,60,8,167,8,167,16,60,16,faetteeeatetteee,reater,0.532983124256134,0.20894856378436089,0.4300568572112492,/content/outputs/inference/answersheet/model_finetune_640_results/res_196289d9e3943fd85456025fda4043a7_jpg_14.pkl
282,10,309,19,282,10,308,10,308,18,282,18,fffffddddaaiayee,from,0.6631733179092407,0.17387032648548484,0.644392192363739,/content/outputs/inference/answersheet/model_finetune_640_results/res_196289d9e3943fd85456025fda4043a7_jpg_15.pkl
284,19,322,29,286,19,319,19,319,28,286,28,ffeoaaedff,from,0.6466853022575378,0.15417414903640747,0.6081881582736969,/content/outputs/inference/answersheet/model_finetune_640_results/res_196289d9e3943fd85456025fda4043a7_jpg_16.pkl
56,180,89,193,56,180,88,180,88,192,56,192,fcgeecaaaaat,for,0.7665606141090393,0.19976543759306273,0.5897354409098625,/content/outputs/inference/answersheet/model_finetune_640_results/res_196289d9e3943fd85456025fda4043a7_jpg_17.pkl
310,6,411,20,310,6,409,6,409,18,310,18,efttteeeeeee,from,0.5307753682136536,0.19525396016736826,0.5716210573911666,/content/outputs/inference/answersheet/model_finetune_640_results/res_196289d9e3943fd85456025fda4043a7_jpg_18.pkl
56,54,83,63,56,54,82,54,82,62,56,62,dddddtdaeeeeeeeedd,off,0.6464848518371582,0.15705899107787344,0.426717184484005,/content/outputs/inference/answersheet/model_finetune_640_results/res_196289d9e3943fd85456025fda4043a7_jpg_19.pkl
123,213,154,224,123,213,153,213,153,223,123,223,ttoaaaaaaaaane,off,0.606195867061615,0.18652502128056117,0.5826724283397198,/content/outputs/inference/answersheet/model_finetune_640_results/res_196289d9e3943fd85456025fda4043a7_jpg_20.pkl
237,325,273,338,237,325,272,325,272,337,237,337,gggggddaaa,don,0.6544615626335144,0.2716576613485813,0.349360391497612,/content/outputs/inference/answersheet/model_finetune_640_results/res_196289d9e3943fd85456025fda4043a7_jpg_21.pkl
358,20,380,30,358,20,379,20,379,29,358,29,ddbabaaaaattteeeeeeeeee,date,0.711760938167572,0.2469294874564461,0.6396713227033615,/content/outputs/inference/answersheet/model_finetune_640_results/res_196289d9e3943fd85456025fda4043a7_jpg_22.pkl
212,217,248,229,212,217,247,217,247,228,212,228,eaeeess,sale,0.512694239616394,0.2006995060614177,0.6183027237653732,/content/outputs/inference/answersheet/model_finetune_640_results/res_196289d9e3943fd85456025fda4043a7_jpg_23.pkl
373,6,409,16,373,6,408,6,408,15,373,15,aaaateeeeeeeele,the,0.5851118564605713,0.21995636771122615,0.6203405670821667,/content/outputs/inference/answersheet/model_finetune_640_results/res_196289d9e3943fd85456025fda4043a7_jpg_24.pkl
128,17,222,31,134,17,221,17,221,30,134,30,asatesstteee,the,0.6279208660125732,0.14217017280558744,0.2954162582755089,/content/outputs/inference/answersheet/model_finetune_640_results/res_196289d9e3943fd85456025fda4043a7_jpg_25.pkl
70,26,116,39,70,26,115,26,115,38,70,38,gaooaaavfttttttee,sale,0.6572449803352356,0.20941122489817002,0.5643032401800155,/content/outputs/inference/answersheet/model_finetune_640_results/res_196289d9e3943fd85456025fda4043a7_jpg_26.pkl
67,22,113,32,67,22,111,22,111,30,67,30,ageedllee,get,0.6493114829063416,0.16198540644513237,0.33465805277228355,/content/outputs/inference/answersheet/model_finetune_640_results/res_196289d9e3943fd85456025fda4043a7_jpg_27.pkl
204,265,234,275,204,265,233,265,233,274,204,274,ddeee,did,0.7067347168922424,0.1627862736582756,0.38037823513150215,/content/outputs/inference/answersheet/model_finetune_640_results/res_196289d9e3943fd85456025fda4043a7_jpg_28.pkl
189,49,224,61,189,49,223,49,223,60,189,60,aaaaaaadd,and,0.5663381218910217,0.27852005428738064,0.6556103304028511,/content/outputs/inference/answersheet/model_finetune_640_results/res_196289d9e3943fd85456025fda4043a7_jpg_29.pkl
192,19,221,29,192,19,220,19,220,28,192,28,teeeelle,from,0.513590931892395,0.14881610311567783,0.5940530836582184,/content/outputs/inference/answersheet/model_finetune_640_results/res_196289d9e3943fd85456025fda4043a7_jpg_30.pkl
212,189,242,201,212,189,241,189,241,200,212,200,gddffftthh,off,0.5829217433929443,0.16878230944275857,0.704590417444706,/content/outputs/inference/answersheet/model_finetune_640_results/res_196289d9e3943fd85456025fda4043a7_jpg_31.pkl
240,20,263,30,240,20,262,20,262,29,240,29,nppaee,and,0.5672366619110107,0.1603873372077942,0.5546645224094391,/content/outputs/inference/answersheet/model_finetune_640_results/res_196289d9e3943fd85456025fda4043a7_jpg_32.pkl
235,355,285,368,235,355,284,355,284,367,235,367,eeggoefftttttttttttteeeeoooyyyy,coffee,0.6566361784934998,0.19035292056299025,0.5375575380665916,/content/outputs/inference/answersheet/model_finetune_640_results/res_196289d9e3943fd85456025fda4043a7_jpg_33.pkl
304,19,413,48,304,18,412,22,411,47,304,43,nfeeaaeteee,coffeen,0.5535382032394409,0.16938735138286243,0.4573150034993887,/content/outputs/inference/answersheet/model_finetune_640_results/res_196289d9e3943fd85456025fda4043a7_jpg_34.pkl
