57,336,147,347,57,336,146,336,146,346,57,346,fbdenteeedotte,refersity,0.6193348169326782,0.1666584499180317,0.5139858946204185,/content/outputs/inference/answersheet/model_finetune_640_results/res_b8ae0ca58852ad885c18f27ec910bfa3_jpg_0.pkl
305,248,376,260,305,248,375,248,375,259,305,259,ttaaaieaee,from,0.5650299787521362,0.20726425126194953,0.5606828346848488,/content/outputs/inference/answersheet/model_finetune_640_results/res_b8ae0ca58852ad885c18f27ec910bfa3_jpg_1.pkl
54,369,69,379,54,369,68,369,68,378,54,378,aysyssysssssssss,as,0.6842238903045654,0.3548231516033411,0.5784818927447001,/content/outputs/inference/answersheet/model_finetune_640_results/res_b8ae0ca58852ad885c18f27ec910bfa3_jpg_2.pkl
235,92,289,105,235,92,288,92,288,104,235,104,llllaaanaataa,restards,0.5416079163551331,0.13153809767503005,0.45724081786142456,/content/outputs/inference/answersheet/model_finetune_640_results/res_b8ae0ca58852ad885c18f27ec910bfa3_jpg_3.pkl
188,81,263,96,191,79,262,85,261,98,190,91,toeyoeoo,the,0.5183931589126587,0.13587488792836666,0.3294609300792217,/content/outputs/inference/answersheet/model_finetune_640_results/res_b8ae0ca58852ad885c18f27ec910bfa3_jpg_4.pkl
255,249,307,261,255,249,306,249,306,260,255,260,e,date,0.584473729133606,0.14462535083293915,0.44958953410387037,/content/outputs/inference/answersheet/model_finetune_640_results/res_b8ae0ca58852ad885c18f27ec910bfa3_jpg_5.pkl
81,371,105,380,81,371,104,371,104,379,81,379,ameeeeeeeeet,the,0.7489575743675232,0.16589554958045483,0.6270043179392815,/content/outputs/inference/answersheet/model_finetune_640_results/res_b8ae0ca58852ad885c18f27ec910bfa3_jpg_6.pkl
243,370,280,380,247,370,279,370,279,379,247,379,sgagaaaaaar,from,0.5336857438087463,0.19675780561837283,0.6651841431856156,/content/outputs/inference/answersheet/model_finetune_640_results/res_b8ae0ca58852ad885c18f27ec910bfa3_jpg_7.pkl
114,249,180,261,114,249,179,249,179,260,114,260,eeeddd,from,0.5965809226036072,0.22048801059524217,0.4892722815275192,/content/outputs/inference/answersheet/model_finetune_640_results/res_b8ae0ca58852ad885c18f27ec910bfa3_jpg_8.pkl
68,248,92,259,68,248,91,248,91,258,68,258,teedddddddddttttte,the,0.5513550043106079,0.23744511107603708,0.5641314387321472,/content/outputs/inference/answersheet/model_finetune_640_results/res_b8ae0ca58852ad885c18f27ec910bfa3_jpg_9.pkl
190,251,211,258,190,251,210,251,210,257,190,257,aaaaaaaeea,and,0.7211247086524963,0.1108376644551754,0.6056738197803497,/content/outputs/inference/answersheet/model_finetune_640_results/res_b8ae0ca58852ad885c18f27ec910bfa3_jpg_10.pkl
171,225,231,237,171,225,230,225,230,236,171,236,ff4fffeeeelaae,from,0.7346916198730469,0.1754000751035554,0.48330299779772756,/content/outputs/inference/answersheet/model_finetune_640_results/res_b8ae0ca58852ad885c18f27ec910bfa3_jpg_11.pkl
191,81,289,104,191,81,289,86,287,105,190,99,tnddaanttaaoa,from,0.5500592589378357,0.12660934059665754,0.40304151028394697,/content/outputs/inference/answersheet/model_finetune_640_results/res_b8ae0ca58852ad885c18f27ec910bfa3_jpg_12.pkl
301,372,329,381,301,372,328,372,328,380,301,380,ffeeee,from,0.5980269312858582,0.2544509768486023,0.7022367894649506,/content/outputs/inference/answersheet/model_finetune_640_results/res_b8ae0ca58852ad885c18f27ec910bfa3_jpg_13.pkl
239,248,382,265,246,249,374,248,375,260,247,263,eedaee,complation,0.5697017908096313,0.1868604583044847,0.4877333403988318,/content/outputs/inference/answersheet/model_finetune_640_results/res_b8ae0ca58852ad885c18f27ec910bfa3_jpg_14.pkl
227,250,242,258,227,250,241,250,241,257,227,257,tttee,the,0.6471271514892578,0.3298791110515594,0.7625917941331863,/content/outputs/inference/answersheet/model_finetune_640_results/res_b8ae0ca58852ad885c18f27ec910bfa3_jpg_15.pkl
92,223,147,236,94,223,141,223,141,234,94,234,sadaaeeaaaa,date,0.5084360837936401,0.1413144733418118,0.4927422344684601,/content/outputs/inference/answersheet/model_finetune_640_results/res_b8ae0ca58852ad885c18f27ec910bfa3_jpg_16.pkl
45,2,86,14,45,2,85,2,85,13,45,13,aea,from,0.6201488375663757,0.11226339141527812,0.6049101799726486,/content/outputs/inference/answersheet/model_finetune_640_results/res_b8ae0ca58852ad885c18f27ec910bfa3_jpg_17.pkl
48,13,89,24,50,13,88,13,88,23,50,23,aoaeeeeeee,come,0.5024160146713257,0.16209808215498925,0.31311489045619967,/content/outputs/inference/answersheet/model_finetune_640_results/res_b8ae0ca58852ad885c18f27ec910bfa3_jpg_18.pkl
129,372,152,381,129,372,151,372,151,380,129,380,ddaaaaaaaaaaaaaaaaaaaeaaaeaeeee,date,0.5885149836540222,0.2716966103161535,0.5381280899047851,/content/outputs/inference/answersheet/model_finetune_640_results/res_b8ae0ca58852ad885c18f27ec910bfa3_jpg_19.pkl
