360,20,394,30,360,20,393,20,393,29,360,29,attttttteeeeeee,the,0.5512305498123169,0.3217506731549899,0.6017790473997593,/content/outputs/inference/answersheet/model_finetune_640_results/res_058354bce7955904eb67c0c4bdb99750_jpg_0.pkl
177,30,213,41,177,30,212,30,212,40,177,40,antttattttteeeee,from,0.5127928256988525,0.2719166213646531,0.5496707364916802,/content/outputs/inference/answersheet/model_finetune_640_results/res_058354bce7955904eb67c0c4bdb99750_jpg_1.pkl
218,184,283,199,218,184,282,184,282,198,218,198,baahsnyhaneee,subject,0.7747983336448669,0.1747247762978077,0.5433116964995861,/content/outputs/inference/answersheet/model_finetune_640_results/res_058354bce7955904eb67c0c4bdb99750_jpg_2.pkl
151,161,220,175,151,161,219,161,219,174,151,174,tefffeaeeeooodds,from,0.6162205934524536,0.269384206738323,0.5438734352588653,/content/outputs/inference/answersheet/model_finetune_640_results/res_058354bce7955904eb67c0c4bdb99750_jpg_3.pkl
208,296,279,310,208,296,277,296,277,308,208,308,aaaddaad,sale,0.718701958656311,0.2110894639045,0.31940750777721405,/content/outputs/inference/answersheet/model_finetune_640_results/res_058354bce7955904eb67c0c4bdb99750_jpg_4.pkl
162,272,210,285,165,272,208,272,208,283,165,283,ttntaieeaaeeeeeess,the,0.5863763093948364,0.21547908874021637,0.5572240501642227,/content/outputs/inference/answersheet/model_finetune_640_results/res_058354bce7955904eb67c0c4bdb99750_jpg_5.pkl
120,31,156,43,120,31,155,31,155,42,120,42,ealesyy,from,0.6798831820487976,0.2501142865845135,0.4942869320511818,/content/outputs/inference/answersheet/model_finetune_640_results/res_058354bce7955904eb67c0c4bdb99750_jpg_6.pkl
182,209,204,218,182,209,203,209,203,217,182,217,ataeedddtt,not,0.6857154369354248,0.22631530985236167,0.5638871733099222,/content/outputs/inference/answersheet/model_finetune_640_results/res_058354bce7955904eb67c0c4bdb99750_jpg_7.pkl
205,374,274,388,205,374,273,374,273,387,205,387,ooatyyyyyyyytytanaateedd,from,0.5794119238853455,0.2317626510436336,0.591370464861393,/content/outputs/inference/answersheet/model_finetune_640_results/res_058354bce7955904eb67c0c4bdb99750_jpg_8.pkl
189,107,229,120,189,107,228,107,228,119,189,119,tfetee,from,0.5484023094177246,0.26692936569452286,0.6543268248438835,/content/outputs/inference/answersheet/model_finetune_640_results/res_058354bce7955904eb67c0c4bdb99750_jpg_9.pkl
234,20,274,30,234,20,273,20,273,29,234,29,teitdeeee,from,0.5798737406730652,0.2871728224886788,0.5744138017296792,/content/outputs/inference/answersheet/model_finetune_640_results/res_058354bce7955904eb67c0c4bdb99750_jpg_10.pkl
190,187,215,196,190,187,214,187,214,195,190,195,rnaw,the,0.6469118595123291,0.11274282075464725,0.6068721115589142,/content/outputs/inference/answersheet/model_finetune_640_results/res_058354bce7955904eb67c0c4bdb99750_jpg_11.pkl
139,19,220,31,139,19,219,19,219,30,139,30,eaeeeeeettttee,the,0.5642029643058777,0.19901974020259722,0.5117186009883881,/content/outputs/inference/answersheet/model_finetune_640_results/res_058354bce7955904eb67c0c4bdb99750_jpg_12.pkl
307,32,334,41,307,32,333,32,333,40,307,40,thootoooo,from,0.7011450529098511,0.14330429583787918,0.671077412366867,/content/outputs/inference/answersheet/model_finetune_640_results/res_058354bce7955904eb67c0c4bdb99750_jpg_13.pkl
261,185,286,196,261,185,285,185,285,195,261,195,tttateeeeeeeeeeeeedd,the,0.5868799090385437,0.22265810444951056,0.7274108752608299,/content/outputs/inference/answersheet/model_finetune_640_results/res_058354bce7955904eb67c0c4bdb99750_jpg_14.pkl
178,296,202,307,178,296,201,296,201,306,178,306,trrrhhhddddffee,the,0.5994271039962769,0.2097867265343666,0.7368848547339439,/content/outputs/inference/answersheet/model_finetune_640_results/res_058354bce7955904eb67c0c4bdb99750_jpg_15.pkl
256,331,278,341,256,331,277,331,277,340,256,340,aseeeeo,and,0.508907675743103,0.1536608790712697,0.780468299984932,/content/outputs/inference/answersheet/model_finetune_640_results/res_058354bce7955904eb67c0c4bdb99750_jpg_16.pkl
128,375,149,384,128,375,148,375,148,383,128,383,aaoooaaaaaaaaaaaaaannn,the,0.5100811719894409,0.1430368789217689,0.5765822473913431,/content/outputs/inference/answersheet/model_finetune_640_results/res_058354bce7955904eb67c0c4bdb99750_jpg_17.pkl
218,207,284,221,218,207,283,207,283,220,218,220,daaaafteeaaaaaaaaaaapd,the,0.689440131187439,0.19284469126300377,0.3496004734188318,/content/outputs/inference/answersheet/model_finetune_640_results/res_058354bce7955904eb67c0c4bdb99750_jpg_18.pkl
149,240,209,252,149,240,208,240,208,251,149,251,tannnetd,and,0.5058769583702087,0.24108559265732765,0.3903414085507393,/content/outputs/inference/answersheet/model_finetune_640_results/res_058354bce7955904eb67c0c4bdb99750_jpg_19.pkl
