102,337,158,350,102,337,157,337,157,349,102,349,ttttsssase,message,0.6249297261238098,0.4623636990785599,0.6063564899377525,/content/outputs/inference/answersheet/model_finetune_640_results/res_d1ffa2978b658f443ad7f3becd83c953_jpg_0.pkl
166,26,219,39,166,26,218,26,218,38,166,38,ddeeemeefnattttleeeaaeee,from,0.6103822588920593,0.17241855959097543,0.49522942304611206,/content/outputs/inference/answersheet/model_finetune_640_results/res_d1ffa2978b658f443ad7f3becd83c953_jpg_1.pkl
285,203,347,214,285,203,346,203,346,213,285,213,essaee,from,0.6549674868583679,0.2246068095167478,0.5971789345145225,/content/outputs/inference/answersheet/model_finetune_640_results/res_d1ffa2978b658f443ad7f3becd83c953_jpg_2.pkl
255,302,276,314,255,302,275,302,275,313,255,313,gggceeeeeeeeee32abbabba3,do,0.7866369485855103,0.19600988614062467,0.3452421575784683,/content/outputs/inference/answersheet/model_finetune_640_results/res_d1ffa2978b658f443ad7f3becd83c953_jpg_3.pkl
78,359,141,374,78,359,140,359,140,373,78,373,daaaalee,date,0.6606599688529968,0.6211756207048893,0.8739999055862426,/content/outputs/inference/answersheet/model_finetune_640_results/res_d1ffa2978b658f443ad7f3becd83c953_jpg_4.pkl
212,45,234,57,212,45,233,45,233,56,212,56,tktttttt111itttrooonnnnnnn,kig,0.776565432548523,0.25208116380067974,0.5900651291012764,/content/outputs/inference/answersheet/model_finetune_640_results/res_d1ffa2978b658f443ad7f3becd83c953_jpg_5.pkl
123,26,147,37,123,26,146,26,146,36,123,36,ffotttte,for,0.7775866389274597,0.37057848647236824,0.737800657749176,/content/outputs/inference/answersheet/model_finetune_640_results/res_d1ffa2978b658f443ad7f3becd83c953_jpg_6.pkl
73,93,114,108,73,93,113,93,113,107,73,107,daape,date,0.8170214891433716,0.274595832824707,0.6265705108642579,/content/outputs/inference/answersheet/model_finetune_640_results/res_d1ffa2978b658f443ad7f3becd83c953_jpg_7.pkl
222,283,237,291,222,283,236,283,236,290,222,290,44sf4ffsffffffffoooovlivy,to,0.7328516244888306,0.144219471514225,0.6022976413369179,/content/outputs/inference/answersheet/model_finetune_640_results/res_d1ffa2978b658f443ad7f3becd83c953_jpg_8.pkl
102,107,125,116,102,107,124,107,124,115,102,115,lllbbbbsbfseessaaeaeeeeeyeyyyee,come,0.6053580641746521,0.11464976687585154,0.401961113512516,/content/outputs/inference/answersheet/model_finetune_640_results/res_d1ffa2978b658f443ad7f3becd83c953_jpg_9.pkl
174,339,211,350,174,339,210,339,210,349,174,349,fssssssssssiiineeeeee,sender,0.5692448019981384,0.3208634324726604,0.6028092716421399,/content/outputs/inference/answersheet/model_finetune_640_results/res_d1ffa2978b658f443ad7f3becd83c953_jpg_10.pkl
90,13,123,26,90,13,122,13,122,25,90,25,httceatatttttttt,from,0.6707181334495544,0.34033896680921316,0.637150701880455,/content/outputs/inference/answersheet/model_finetune_640_results/res_d1ffa2978b658f443ad7f3becd83c953_jpg_11.pkl
254,180,275,192,254,180,274,180,274,191,254,191,ttkkaaass3sssidddddddnnn,for,0.8331373929977417,0.24636190788199505,0.5705016236752272,/content/outputs/inference/answersheet/model_finetune_640_results/res_d1ffa2978b658f443ad7f3becd83c953_jpg_12.pkl
264,93,300,104,264,93,299,93,299,103,264,103,aaaataaeeeettt,from,0.6939491033554077,0.14989392725484713,0.5697431281208992,/content/outputs/inference/answersheet/model_finetune_640_results/res_d1ffa2978b658f443ad7f3becd83c953_jpg_13.pkl
120,94,137,104,120,94,136,94,136,103,120,103,ffffffffffeepyhy44i4ii4ii4ihihthtttththtttt,for,0.6516603231430054,0.22561478129653043,0.6091088354587555,/content/outputs/inference/answersheet/model_finetune_640_results/res_d1ffa2978b658f443ad7f3becd83c953_jpg_14.pkl
267,328,305,339,267,328,304,328,304,338,267,338,bbbbsbaayyyy,from,0.6595458984375,0.2507423472901185,0.6222542628645897,/content/outputs/inference/answersheet/model_finetune_640_results/res_d1ffa2978b658f443ad7f3becd83c953_jpg_15.pkl
132,14,154,25,132,14,153,14,153,24,132,24,ttaenheheheeeeett,the,0.5377432703971863,0.13244477790944717,0.4885364957153797,/content/outputs/inference/answersheet/model_finetune_640_results/res_d1ffa2978b658f443ad7f3becd83c953_jpg_16.pkl
96,330,168,340,96,330,167,330,167,339,96,339,eeltdnnneee,che,0.5775182843208313,0.19598200984976508,0.29469263926148415,/content/outputs/inference/answersheet/model_finetune_640_results/res_d1ffa2978b658f443ad7f3becd83c953_jpg_17.pkl
205,238,221,248,205,238,220,238,220,247,205,247,kkktkttttttf2222e2hhe,the,0.5334523320198059,0.12534914839835393,0.6347238570451736,/content/outputs/inference/answersheet/model_finetune_640_results/res_d1ffa2978b658f443ad7f3becd83c953_jpg_18.pkl
342,3,365,13,342,3,364,3,364,12,342,12,hhtdlll,the,0.8023527264595032,0.16141334176063538,0.6036983951926231,/content/outputs/inference/answersheet/model_finetune_640_results/res_d1ffa2978b658f443ad7f3becd83c953_jpg_19.pkl
345,23,402,36,345,23,401,23,401,35,345,35,caalgettetteee,sale,0.7636650204658508,0.2818595202905791,0.5251919656991959,/content/outputs/inference/answersheet/model_finetune_640_results/res_d1ffa2978b658f443ad7f3becd83c953_jpg_20.pkl
187,281,240,293,187,281,237,281,237,292,187,292,eyleko,ever,0.5154497623443604,0.2127106674015522,0.466969458758831,/content/outputs/inference/answersheet/model_finetune_640_results/res_d1ffa2978b658f443ad7f3becd83c953_jpg_21.pkl
259,277,289,291,259,277,288,277,288,290,259,290,eeeeeeeeeee,for,0.6771365404129028,0.25090824338522827,0.5755150746554136,/content/outputs/inference/answersheet/model_finetune_640_results/res_d1ffa2978b658f443ad7f3becd83c953_jpg_22.pkl
100,111,127,123,100,111,126,111,126,122,100,122,fffftfttoooooooooooooeaaaaaaaaaa,from,0.6591551899909973,0.11919885803945363,0.6261198163032532,/content/outputs/inference/answersheet/model_finetune_640_results/res_d1ffa2978b658f443ad7f3becd83c953_jpg_23.pkl
333,136,364,147,333,136,363,136,363,146,333,146,yteeeeeeetay,from,0.6946229338645935,0.22820471910138926,0.6346534863114357,/content/outputs/inference/answersheet/model_finetune_640_results/res_d1ffa2978b658f443ad7f3becd83c953_jpg_24.pkl
210,158,233,170,210,158,232,158,232,169,210,169,411111111111111111111111111i1er,10,0.5559355616569519,0.3555135287104114,0.41350071628888446,/content/outputs/inference/answersheet/model_finetune_640_results/res_d1ffa2978b658f443ad7f3becd83c953_jpg_25.pkl
269,22,296,36,269,22,295,22,295,35,269,35,ttttttttahhthhaaeeeee,the,0.5521653890609741,0.3564800772638548,0.6463328748941422,/content/outputs/inference/answersheet/model_finetune_640_results/res_d1ffa2978b658f443ad7f3becd83c953_jpg_26.pkl
314,324,362,335,314,324,360,324,360,333,314,333,gopearrae,spe,0.6024587750434875,0.1555619380540318,0.3991407975554466,/content/outputs/inference/answersheet/model_finetune_640_results/res_d1ffa2978b658f443ad7f3becd83c953_jpg_27.pkl
102,135,128,149,102,137,127,137,127,148,102,148,yhhee,the,0.5474119186401367,0.2958885684609413,0.7418566718697548,/content/outputs/inference/answersheet/model_finetune_640_results/res_d1ffa2978b658f443ad7f3becd83c953_jpg_28.pkl
232,259,254,269,232,259,253,259,253,268,232,268,tataaanna,it,0.8007857799530029,0.19180259025759167,0.5304134115576744,/content/outputs/inference/answersheet/model_finetune_640_results/res_d1ffa2978b658f443ad7f3becd83c953_jpg_29.pkl
366,125,389,137,366,125,388,125,388,136,366,136,aeeeeddddfde,and,0.7679953575134277,0.18039285143216452,0.41711022704839706,/content/outputs/inference/answersheet/model_finetune_640_results/res_d1ffa2978b658f443ad7f3becd83c953_jpg_30.pkl
302,18,331,29,302,18,330,18,330,28,302,28,reeeeeayyyyy,right,0.7472150921821594,0.3011605354646842,0.5225648457805315,/content/outputs/inference/answersheet/model_finetune_640_results/res_d1ffa2978b658f443ad7f3becd83c953_jpg_31.pkl
129,14,176,26,132,14,175,14,175,25,132,25,tteeetpes,from,0.52900630235672,0.16814064896768993,0.5740502417087555,/content/outputs/inference/answersheet/model_finetune_640_results/res_d1ffa2978b658f443ad7f3becd83c953_jpg_32.pkl
348,25,382,36,348,25,381,25,381,35,348,35,cssaealllllgeyyflfttttttott,sale,0.5949138402938843,0.19349565964054177,0.5905405849218368,/content/outputs/inference/answersheet/model_finetune_640_results/res_d1ffa2978b658f443ad7f3becd83c953_jpg_33.pkl
124,115,143,126,124,115,142,115,142,125,124,125,siiyyhhheee,the,0.5846293568611145,0.1991333324800838,0.600239273160696,/content/outputs/inference/answersheet/model_finetune_640_results/res_d1ffa2978b658f443ad7f3becd83c953_jpg_34.pkl
