83,14,135,26,83,14,134,14,134,25,83,25,afedaaaiitetttt,from,0.8184589743614197,0.17564835399389267,0.5390921354293823,/content/outputs/inference/answersheet/model_finetune_640_results/res_1f8876d597683ddba11e514e5c2eb744_jpg_0.pkl
297,29,357,40,297,29,356,29,356,39,297,39,ptplleaete,from,0.5960055589675903,0.15791645795106887,0.6140950918197632,/content/outputs/inference/answersheet/model_finetune_640_results/res_1f8876d597683ddba11e514e5c2eb744_jpg_1.pkl
270,50,340,62,273,50,338,50,338,60,273,60,eeees,from,0.5233845114707947,0.20773229449987413,0.538278640806675,/content/outputs/inference/answersheet/model_finetune_640_results/res_1f8876d597683ddba11e514e5c2eb744_jpg_2.pkl
126,50,149,59,126,50,148,50,148,58,126,58,e,the,0.5060861110687256,0.11358440667390823,0.612296674400568,/content/outputs/inference/answersheet/model_finetune_640_results/res_1f8876d597683ddba11e514e5c2eb744_jpg_3.pkl
212,31,232,39,212,31,231,31,231,38,212,38,eee,the,0.528461754322052,0.09585770964622498,0.506487188860774,/content/outputs/inference/answersheet/model_finetune_640_results/res_1f8876d597683ddba11e514e5c2eb744_jpg_4.pkl
125,40,151,50,125,40,150,40,150,49,125,49,aaaaatttttllltttlttte,the,0.6366285085678101,0.1735022341211637,0.5842489954084158,/content/outputs/inference/answersheet/model_finetune_640_results/res_1f8876d597683ddba11e514e5c2eb744_jpg_5.pkl
187,41,212,50,187,41,211,41,211,49,187,49,eaaaaaaaaaaaaaaaeaaaaeaaaaeaaaeee,from,0.5852698683738708,0.1069550013000315,0.5789442420005798,/content/outputs/inference/answersheet/model_finetune_640_results/res_1f8876d597683ddba11e514e5c2eb744_jpg_6.pkl
307,239,331,248,307,239,330,239,330,247,307,247,teeeeeeeeeeeeettt,the,0.5240384936332703,0.15437695866121964,0.4810117892920971,/content/outputs/inference/answersheet/model_finetune_640_results/res_1f8876d597683ddba11e514e5c2eb744_jpg_7.pkl
86,61,113,70,86,61,112,61,112,69,86,69,ffffnnfhnnnnaaanaaaaaaaaaaaee,from,0.5983933210372925,0.1300197140923862,0.6270117074251175,/content/outputs/inference/answersheet/model_finetune_640_results/res_1f8876d597683ddba11e514e5c2eb744_jpg_8.pkl
328,42,358,51,328,42,357,42,357,50,328,50,aaaaaaaeaaaa,the,0.5671716332435608,0.1314592914034923,0.388962559401989,/content/outputs/inference/answersheet/model_finetune_640_results/res_1f8876d597683ddba11e514e5c2eb744_jpg_9.pkl
