16,11,85,23,18,11,84,11,84,22,18,22,maayedtse,sale,0.6094735264778137,0.3360334402985043,0.3981258630752563,/content/outputs/inference/answersheet/model_finetune_640_results/res_6f42309934f7072f2a15746a33be64ce_jpg_0.pkl
81,123,117,134,81,123,116,123,116,133,81,133,aeteeateteeeeeeeeee,are,0.833436131477356,0.372404420846387,0.5201923884451389,/content/outputs/inference/answersheet/model_finetune_640_results/res_6f42309934f7072f2a15746a33be64ce_jpg_1.pkl
177,122,218,133,177,122,217,122,217,132,177,132,fffteterre,for,0.5602060556411743,0.11712500974535942,0.43663153797388077,/content/outputs/inference/answersheet/model_finetune_640_results/res_6f42309934f7072f2a15746a33be64ce_jpg_2.pkl
190,48,212,57,192,48,211,48,211,56,192,56,ooooooo,for,0.5129812359809875,0.17870754429272243,0.727015882730484,/content/outputs/inference/answersheet/model_finetune_640_results/res_6f42309934f7072f2a15746a33be64ce_jpg_3.pkl
237,83,258,92,237,83,257,83,257,91,237,91,ttygygyyyyyyyyyyyyyyy,they,0.5716983079910278,0.33977844211317243,0.6794969856739044,/content/outputs/inference/answersheet/model_finetune_640_results/res_6f42309934f7072f2a15746a33be64ce_jpg_4.pkl
93,13,139,22,93,13,138,13,138,21,93,21,aceeooseeegtt,expersity,0.7589859366416931,0.19337480343305147,0.5506417036056519,/content/outputs/inference/answersheet/model_finetune_640_results/res_6f42309934f7072f2a15746a33be64ce_jpg_5.pkl
230,57,250,67,230,57,249,57,249,66,230,66,ttfffeo,for,0.6345694065093994,0.29439388641289305,0.6977110803127289,/content/outputs/inference/answersheet/model_finetune_640_results/res_6f42309934f7072f2a15746a33be64ce_jpg_6.pkl
192,314,212,323,192,314,211,314,211,322,192,322,44110d00,10,0.568325400352478,0.2443199437111616,0.34803375601768494,/content/outputs/inference/answersheet/model_finetune_640_results/res_6f42309934f7072f2a15746a33be64ce_jpg_7.pkl
297,235,320,246,297,235,319,235,319,245,297,245,kkkk09yy,400,0.5992640852928162,0.32985832169651985,0.5697673484683037,/content/outputs/inference/answersheet/model_finetune_640_results/res_6f42309934f7072f2a15746a33be64ce_jpg_8.pkl
216,73,236,81,216,73,235,73,235,80,216,80,ff444444affffffffffffffffsssssssss,for,0.5113831162452698,0.30009371699655757,0.7367806881666183,/content/outputs/inference/answersheet/model_finetune_640_results/res_6f42309934f7072f2a15746a33be64ce_jpg_9.pkl
104,121,222,134,104,121,221,121,221,133,104,133,egdeaaeee,coffee,0.5679388046264648,0.20470893714163038,0.44694729149341583,/content/outputs/inference/answersheet/model_finetune_640_results/res_6f42309934f7072f2a15746a33be64ce_jpg_10.pkl
266,342,285,352,266,342,284,342,284,351,266,351,tteennn,the,0.570965588092804,0.23053247055837087,0.6146170757710934,/content/outputs/inference/answersheet/model_finetune_640_results/res_6f42309934f7072f2a15746a33be64ce_jpg_11.pkl
235,158,252,167,235,158,251,158,251,166,235,166,dooeooooo,for,0.5963202714920044,0.17745009561379751,0.7390206642448902,/content/outputs/inference/answersheet/model_finetune_640_results/res_6f42309934f7072f2a15746a33be64ce_jpg_12.pkl
266,167,286,177,266,167,285,167,285,176,266,176,fto,for,0.6018356084823608,0.27544370541969937,0.631932720541954,/content/outputs/inference/answersheet/model_finetune_640_results/res_6f42309934f7072f2a15746a33be64ce_jpg_13.pkl
204,13,225,23,204,13,224,13,224,22,204,22,ttreeeeeee,the,0.6034409999847412,0.24470720663666726,0.6654403880238533,/content/outputs/inference/answersheet/model_finetune_640_results/res_6f42309934f7072f2a15746a33be64ce_jpg_14.pkl
218,81,259,93,218,83,258,83,258,92,218,92,tfetegyy,they,0.5447315573692322,0.19584590569138527,0.5100951731204987,/content/outputs/inference/answersheet/model_finetune_640_results/res_6f42309934f7072f2a15746a33be64ce_jpg_15.pkl
97,145,127,154,97,145,126,145,126,153,97,153,aaaaaaradttttt,the,0.5014244318008423,0.1907960453203746,0.45643005706369877,/content/outputs/inference/answersheet/model_finetune_640_results/res_6f42309934f7072f2a15746a33be64ce_jpg_16.pkl
254,189,274,198,254,189,273,189,273,197,254,197,66g63s99y,for,0.5963509678840637,0.15700206243329579,0.6811670456081629,/content/outputs/inference/answersheet/model_finetune_640_results/res_6f42309934f7072f2a15746a33be64ce_jpg_17.pkl
