346,19,399,33,346,19,398,19,398,32,346,32,sa,sale,0.6300058364868164,0.13270028308033943,0.43782599419355395,/content/outputs/inference/answersheet/model_finetune_640_results/res_971e63f780baeed075b7d5489c60b1af_jpg_0.pkl
273,320,325,332,273,320,324,320,324,331,273,331,fffhhhhirrrgccceseye,fices,0.5923850536346436,0.128509309142828,0.36740105723341304,/content/outputs/inference/answersheet/model_finetune_640_results/res_971e63f780baeed075b7d5489c60b1af_jpg_1.pkl
205,197,227,210,205,197,226,197,226,209,205,209,qqodddddd,of,0.7644540667533875,0.199066408806377,0.4445526699225108,/content/outputs/inference/answersheet/model_finetune_640_results/res_971e63f780baeed075b7d5489c60b1af_jpg_2.pkl
321,331,386,343,321,331,385,331,385,342,321,342,sbsffyey,from,0.5147416591644287,0.13805144745856524,0.5801622331142425,/content/outputs/inference/answersheet/model_finetune_640_results/res_971e63f780baeed075b7d5489c60b1af_jpg_3.pkl
170,308,195,319,170,308,194,308,194,318,170,318,ttt,the,0.8061860203742981,0.18276874224344888,0.8270371705293655,/content/outputs/inference/answersheet/model_finetune_640_results/res_971e63f780baeed075b7d5489c60b1af_jpg_4.pkl
175,238,252,254,175,238,251,238,251,253,175,253,teeolllnfktaatte,for,0.6701133251190186,0.2478650421835482,0.3886670060455799,/content/outputs/inference/answersheet/model_finetune_640_results/res_971e63f780baeed075b7d5489c60b1af_jpg_5.pkl
154,330,180,339,154,330,179,330,179,338,154,338,yytfffffffffffff,from,0.6034746766090393,0.32773839123547077,0.5090984880924225,/content/outputs/inference/answersheet/model_finetune_640_results/res_971e63f780baeed075b7d5489c60b1af_jpg_6.pkl
82,315,108,327,82,315,107,315,107,326,82,326,aatttets,the,0.8938777446746826,0.18391382042318583,0.6712801083922386,/content/outputs/inference/answersheet/model_finetune_640_results/res_971e63f780baeed075b7d5489c60b1af_jpg_7.pkl
274,309,340,320,274,309,339,309,339,319,274,319,hhfhaeeee,the,0.5552691221237183,0.19345565719736946,0.4272160567343235,/content/outputs/inference/answersheet/model_finetune_640_results/res_971e63f780baeed075b7d5489c60b1af_jpg_8.pkl
205,19,243,32,207,19,242,19,242,31,207,31,eeeaaneee,the,0.6433353424072266,0.15520919362703958,0.5261074639856815,/content/outputs/inference/answersheet/model_finetune_640_results/res_971e63f780baeed075b7d5489c60b1af_jpg_9.pkl
80,96,138,109,80,96,136,96,136,107,80,107,teeddnnnnnmmiiaae,from,0.5103471875190735,0.21127863403628855,0.6049330025911331,/content/outputs/inference/answersheet/model_finetune_640_results/res_971e63f780baeed075b7d5489c60b1af_jpg_10.pkl
221,253,240,263,221,253,239,253,239,262,221,262,aaaaaaaaeaaaaeaaaaaaaaeaaeaaeeettt,bread,0.5187097191810608,0.1549671800697551,0.37352532396713894,/content/outputs/inference/answersheet/model_finetune_640_results/res_971e63f780baeed075b7d5489c60b1af_jpg_11.pkl
84,304,112,315,84,304,111,304,111,314,84,314,ammmmmmmmmmhhhhhhee,the,0.769690990447998,0.21438293629571012,0.612257425673306,/content/outputs/inference/answersheet/model_finetune_640_results/res_971e63f780baeed075b7d5489c60b1af_jpg_12.pkl
70,21,94,31,70,21,93,21,93,30,70,30,eaeahhebebe,come,0.6717123985290527,0.09270559793168848,0.4070443630218506,/content/outputs/inference/answersheet/model_finetune_640_results/res_971e63f780baeed075b7d5489c60b1af_jpg_13.pkl
67,19,123,31,70,19,122,19,122,30,70,30,aeaaaaassssoyye,the,0.5671592950820923,0.13221654196580251,0.3994953762739897,/content/outputs/inference/answersheet/model_finetune_640_results/res_971e63f780baeed075b7d5489c60b1af_jpg_14.pkl
132,307,156,317,132,307,155,307,155,316,132,316,fffdttt,fide,0.7941524982452393,0.32620022765227724,0.5688250720500946,/content/outputs/inference/answersheet/model_finetune_640_results/res_971e63f780baeed075b7d5489c60b1af_jpg_15.pkl
238,221,255,229,238,221,254,221,254,228,238,228,ttttttttrttttttttteeeeee,the,0.8813433051109314,0.24655700537065664,0.6412667408585548,/content/outputs/inference/answersheet/model_finetune_640_results/res_971e63f780baeed075b7d5489c60b1af_jpg_16.pkl
189,263,220,276,189,263,219,263,219,275,189,275,ftllkkllos,from,0.6843206882476807,0.20201711505651473,0.6187104463577271,/content/outputs/inference/answersheet/model_finetune_640_results/res_971e63f780baeed075b7d5489c60b1af_jpg_17.pkl
236,264,265,275,236,264,264,264,264,274,236,274,ttgseaauauuuuuusuueyyyyyyyy,sale,0.7403290867805481,0.15396792027685377,0.5999632328748703,/content/outputs/inference/answersheet/model_finetune_640_results/res_971e63f780baeed075b7d5489c60b1af_jpg_18.pkl
202,155,252,165,204,155,249,155,249,164,204,164,pwyyydeeeeeeeeeeeee,spe,0.5827428102493286,0.22783135505099045,0.242879718542099,/content/outputs/inference/answersheet/model_finetune_640_results/res_971e63f780baeed075b7d5489c60b1af_jpg_19.pkl
171,319,194,328,171,319,193,319,193,327,171,327,jppppppppppeennneeeeee,joes,0.7184800505638123,0.19500669870864262,0.43266865611076355,/content/outputs/inference/answersheet/model_finetune_640_results/res_971e63f780baeed075b7d5489c60b1af_jpg_20.pkl
289,19,315,31,289,19,314,19,314,30,289,30,h777t,the,0.5210160613059998,0.21053579449653625,0.6623584972694516,/content/outputs/inference/answersheet/model_finetune_640_results/res_971e63f780baeed075b7d5489c60b1af_jpg_21.pkl
129,317,153,327,129,317,152,319,151,327,129,324,ffffffeoooooooo,from,0.6333124041557312,0.1892959137757619,0.6093553841114044,/content/outputs/inference/answersheet/model_finetune_640_results/res_971e63f780baeed075b7d5489c60b1af_jpg_22.pkl
165,219,186,228,165,219,185,219,185,227,165,227,ffffffffffffffsssouo,for,0.5527147650718689,0.28488029949367044,0.6813579201698303,/content/outputs/inference/answersheet/model_finetune_640_results/res_971e63f780baeed075b7d5489c60b1af_jpg_23.pkl
315,23,341,32,315,23,340,23,340,31,315,31,feaannneeee,from,0.5885956287384033,0.18287504396655344,0.6620239749550819,/content/outputs/inference/answersheet/model_finetune_640_results/res_971e63f780baeed075b7d5489c60b1af_jpg_24.pkl
