331,11,378,22,331,11,377,11,377,21,331,21,oroddddd,offee,0.8238471746444702,0.27885101921856403,0.6382253964742025,/content/outputs/inference/answersheet/model_finetune_640_results/res_63c347b94a8fe5f1098049b81230de81_jpg_0.pkl
301,32,364,44,301,32,363,32,363,43,301,43,bhaaeeaaaaaaaaeeaaaeytt,school,0.9349315762519836,0.19156321397294168,0.49618146462099894,/content/outputs/inference/answersheet/model_finetune_640_results/res_63c347b94a8fe5f1098049b81230de81_jpg_1.pkl
227,33,283,47,227,33,281,33,281,45,227,45,alaaaaedee,the,0.5339751839637756,0.18259613290429116,0.3494867514818907,/content/outputs/inference/answersheet/model_finetune_640_results/res_63c347b94a8fe5f1098049b81230de81_jpg_2.pkl
54,11,94,22,54,11,93,11,93,21,54,21,saeeeeeeaee,the,0.7853197455406189,0.20375054465098816,0.42759110778570175,/content/outputs/inference/answersheet/model_finetune_640_results/res_63c347b94a8fe5f1098049b81230de81_jpg_3.pkl
158,12,270,23,164,12,269,12,269,22,164,22,eaaaeeeeeedeee,coffee,0.5593523979187012,0.13529324105807713,0.48880972393921446,/content/outputs/inference/answersheet/model_finetune_640_results/res_63c347b94a8fe5f1098049b81230de81_jpg_4.pkl
252,316,324,329,254,318,322,318,322,327,254,327,ssaaaffeffge,coffee,0.6408482193946838,0.18492373203237852,0.49288806319236755,/content/outputs/inference/answersheet/model_finetune_640_results/res_63c347b94a8fe5f1098049b81230de81_jpg_5.pkl
101,13,163,24,103,13,162,13,162,23,103,23,fatdtttdt,the,0.7573909163475037,0.15943699992365307,0.4954442325979471,/content/outputs/inference/answersheet/model_finetune_640_results/res_63c347b94a8fe5f1098049b81230de81_jpg_6.pkl
108,21,160,30,108,21,159,21,159,29,108,29,aaaeteeeeeetr,from,0.7833405137062073,0.21216023082916552,0.5977298438549041,/content/outputs/inference/answersheet/model_finetune_640_results/res_63c347b94a8fe5f1098049b81230de81_jpg_7.pkl
261,263,296,277,261,263,295,263,295,276,261,276,tsedd0000dhhhhhhl,teal,0.5062742829322815,0.16959771820727518,0.5350060790777207,/content/outputs/inference/answersheet/model_finetune_640_results/res_63c347b94a8fe5f1098049b81230de81_jpg_8.pkl
269,12,327,25,269,12,326,12,326,24,269,24,sfttteeeeeeeee,coffee,0.8640146851539612,0.3013155460357666,0.5700773873499462,/content/outputs/inference/answersheet/model_finetune_640_results/res_63c347b94a8fe5f1098049b81230de81_jpg_9.pkl
273,11,378,23,273,11,377,11,377,22,273,22,teaeeokod,offee,0.501868486404419,0.2877880492144161,0.4346105468769868,/content/outputs/inference/answersheet/model_finetune_640_results/res_63c347b94a8fe5f1098049b81230de81_jpg_10.pkl
249,153,329,167,249,153,326,153,326,166,249,166,eleeeekkkffae,coffee,0.5158334970474243,0.17864973499224737,0.407502789582525,/content/outputs/inference/answersheet/model_finetune_640_results/res_63c347b94a8fe5f1098049b81230de81_jpg_11.pkl
45,212,76,222,45,212,75,212,75,221,45,221,edff,sender,0.5963129997253418,0.21361156180500984,0.5427504373448235,/content/outputs/inference/answersheet/model_finetune_640_results/res_63c347b94a8fe5f1098049b81230de81_jpg_12.pkl
256,329,296,343,256,329,295,329,295,342,256,342,wvvvtssaayyyyyy,very,0.6994152665138245,0.2728792021671931,0.4848210275173187,/content/outputs/inference/answersheet/model_finetune_640_results/res_63c347b94a8fe5f1098049b81230de81_jpg_13.pkl
94,277,152,288,96,277,151,277,151,287,96,287,nnnnnatttttttttteeaaieenyyyy,that,0.6673164963722229,0.32875964710755007,0.38786583840847016,/content/outputs/inference/answersheet/model_finetune_640_results/res_63c347b94a8fe5f1098049b81230de81_jpg_14.pkl
55,299,120,312,55,299,119,299,119,311,55,311,saateeeeeae,sape,0.7140461206436157,0.2945395084944638,0.5722460657358169,/content/outputs/inference/answersheet/model_finetune_640_results/res_63c347b94a8fe5f1098049b81230de81_jpg_15.pkl
66,43,129,56,66,43,127,43,127,54,66,54,eeeeaaaaanaaaaaeeeeeeee,sender,0.7157005071640015,0.2260539891279262,0.5589258628232139,/content/outputs/inference/answersheet/model_finetune_640_results/res_63c347b94a8fe5f1098049b81230de81_jpg_16.pkl
185,266,209,275,185,266,208,266,208,274,185,274,heaaalt,from,0.5067641735076904,0.3413694990532739,0.650285679101944,/content/outputs/inference/answersheet/model_finetune_640_results/res_63c347b94a8fe5f1098049b81230de81_jpg_17.pkl
218,330,243,342,218,330,242,330,242,341,218,341,fethhhtyeeee,for,0.6597439050674438,0.25852035358548164,0.5506574958562851,/content/outputs/inference/answersheet/model_finetune_640_results/res_63c347b94a8fe5f1098049b81230de81_jpg_18.pkl
96,281,120,290,96,281,119,281,119,289,96,289,aaaaannaannanannnaaadat,from,0.6117220520973206,0.16240933310726416,0.5935696333646774,/content/outputs/inference/answersheet/model_finetune_640_results/res_63c347b94a8fe5f1098049b81230de81_jpg_19.pkl
221,14,254,24,221,14,253,14,253,23,221,23,eee,from,0.5543107390403748,0.11360929161310196,0.6394317507743835,/content/outputs/inference/answersheet/model_finetune_640_results/res_63c347b94a8fe5f1098049b81230de81_jpg_20.pkl
140,42,166,53,140,42,165,42,165,52,140,52,eeeeee,from,0.5912602543830872,0.14323100571831068,0.6446358025074005,/content/outputs/inference/answersheet/model_finetune_640_results/res_63c347b94a8fe5f1098049b81230de81_jpg_21.pkl
116,77,161,88,116,77,160,77,160,87,116,87,syaaeeeaeeeee,from,0.688758909702301,0.20839171799329612,0.5355880722403527,/content/outputs/inference/answersheet/model_finetune_640_results/res_63c347b94a8fe5f1098049b81230de81_jpg_22.pkl
