226,83,272,96,226,83,271,83,271,95,226,95,aeeee,and,0.6175068020820618,0.18427087664604186,0.2515126597136259,/content/outputs/inference/answersheet/model_finetune_640_results/res_f341a97f7730993bf1516ed96da83a0d_jpg_0.pkl
357,162,411,173,359,162,410,162,410,172,359,172,aeeate,come,0.6853538155555725,0.1619793971379598,0.3144990339875221,/content/outputs/inference/answersheet/model_finetune_640_results/res_f341a97f7730993bf1516ed96da83a0d_jpg_1.pkl
54,139,107,152,54,139,106,139,106,151,54,151,aattae,sale,0.7970573902130127,0.21903709322214127,0.3900991678237915,/content/outputs/inference/answersheet/model_finetune_640_results/res_f341a97f7730993bf1516ed96da83a0d_jpg_2.pkl
146,51,186,62,146,51,185,51,185,61,146,61,haaaattt,start,0.8576093316078186,0.18033883720636368,0.4311538984378179,/content/outputs/inference/answersheet/model_finetune_640_results/res_f341a97f7730993bf1516ed96da83a0d_jpg_3.pkl
182,63,237,74,182,63,235,63,235,72,182,72,ssoyoaaiaiiiinine,shople,0.8592979907989502,0.12826480453505235,0.4962941163352558,/content/outputs/inference/answersheet/model_finetune_640_results/res_f341a97f7730993bf1516ed96da83a0d_jpg_4.pkl
151,82,203,96,151,82,202,82,202,95,151,95,eennatttgg,sender,0.5210047960281372,0.2059159480035305,0.5764168745705059,/content/outputs/inference/answersheet/model_finetune_640_results/res_f341a97f7730993bf1516ed96da83a0d_jpg_5.pkl
261,151,301,162,261,151,300,151,300,161,261,161,aiiaeet,sale,0.6439949870109558,0.16343002872807638,0.5692003935575485,/content/outputs/inference/answersheet/model_finetune_640_results/res_f341a97f7730993bf1516ed96da83a0d_jpg_6.pkl
53,169,106,185,53,169,105,169,105,184,53,184,eetettta,from,0.5257439017295837,0.1665382869541645,0.4691578149795532,/content/outputs/inference/answersheet/model_finetune_640_results/res_f341a97f7730993bf1516ed96da83a0d_jpg_7.pkl
124,140,166,152,124,140,164,140,164,150,124,150,sahhhnnee,that,0.769899845123291,0.16087697943051657,0.4147193402051926,/content/outputs/inference/answersheet/model_finetune_640_results/res_f341a97f7730993bf1516ed96da83a0d_jpg_8.pkl
270,173,322,184,272,173,320,173,320,182,272,182,freaaaaaaaahieeee,from,0.6167349219322205,0.2974041814313215,0.6831107556819915,/content/outputs/inference/answersheet/model_finetune_640_results/res_f341a97f7730993bf1516ed96da83a0d_jpg_9.pkl
262,75,299,85,262,75,298,75,298,84,262,84,ddddaeieeeeeeeeeey,and,0.6455190777778625,0.22056583273741934,0.48362281545996666,/content/outputs/inference/answersheet/model_finetune_640_results/res_f341a97f7730993bf1516ed96da83a0d_jpg_10.pkl
75,52,130,62,75,52,129,52,129,61,75,61,sssssttisaaartee,from,0.8717241883277893,0.26305682212114334,0.4448441594839096,/content/outputs/inference/answersheet/model_finetune_640_results/res_f341a97f7730993bf1516ed96da83a0d_jpg_11.pkl
113,75,152,86,113,75,151,75,151,85,113,85,ahhaddeeeehh,the,0.8285336494445801,0.18716714096566042,0.5755714252591133,/content/outputs/inference/answersheet/model_finetune_640_results/res_f341a97f7730993bf1516ed96da83a0d_jpg_12.pkl
51,73,90,85,51,73,89,73,89,84,51,84,aaaaaeeee,from,0.5256525874137878,0.28577251070075566,0.5988830655813218,/content/outputs/inference/answersheet/model_finetune_640_results/res_f341a97f7730993bf1516ed96da83a0d_jpg_13.pkl
324,151,378,162,324,151,377,151,377,161,324,161,aalaleaiee,colle,0.7492185831069946,0.19289967715740203,0.3464958841602008,/content/outputs/inference/answersheet/model_finetune_640_results/res_f341a97f7730993bf1516ed96da83a0d_jpg_14.pkl
321,73,349,85,321,73,348,73,348,84,321,84,aaatebebbbyyyy,date,0.5493565201759338,0.26539393993360655,0.6177351608872413,/content/outputs/inference/answersheet/model_finetune_640_results/res_f341a97f7730993bf1516ed96da83a0d_jpg_15.pkl
186,153,211,165,186,153,210,153,210,164,186,164,ppthttt,park,0.6906183362007141,0.16312106273003987,0.4110321342945099,/content/outputs/inference/answersheet/model_finetune_640_results/res_f341a97f7730993bf1516ed96da83a0d_jpg_16.pkl
256,62,298,73,256,62,297,62,297,72,256,72,ennannnh,the,0.8016132712364197,0.14313703496009111,0.5567467864602804,/content/outputs/inference/answersheet/model_finetune_640_results/res_f341a97f7730993bf1516ed96da83a0d_jpg_17.pkl
294,163,324,174,294,163,323,163,323,173,294,173,nyyaaaaaaaaaaeeyyeehhh,sale,0.6975703835487366,0.19639241390607573,0.4417268633842468,/content/outputs/inference/answersheet/model_finetune_640_results/res_f341a97f7730993bf1516ed96da83a0d_jpg_18.pkl
