73,95,137,108,73,95,136,95,136,107,73,107,aioieeaet,date,0.7608959078788757,0.31829000678327346,0.5254900962114334,/content/outputs/inference/answersheet/model_finetune_640_results/res_18abf092e5b6105afea053e6d43c0ca1_jpg_0.pkl
125,63,192,76,125,63,191,63,191,75,125,75,ioeeeaaal,ideal,0.754155158996582,0.29983509745862746,0.45694832255442935,/content/outputs/inference/answersheet/model_finetune_640_results/res_18abf092e5b6105afea053e6d43c0ca1_jpg_1.pkl
284,265,324,280,284,265,323,265,323,279,284,279,aeeeeeeeaae,from,0.6198071837425232,0.21443588015708057,0.5949018478393555,/content/outputs/inference/answersheet/model_finetune_640_results/res_18abf092e5b6105afea053e6d43c0ca1_jpg_2.pkl
153,28,201,42,153,28,200,28,200,41,153,41,aafttttttitiiittiiiie,att,0.5547918677330017,0.2842466267091887,0.46053142100572586,/content/outputs/inference/answersheet/model_finetune_640_results/res_18abf092e5b6105afea053e6d43c0ca1_jpg_3.pkl
195,30,248,44,195,30,247,30,247,43,195,43,sssteoetttt,from,0.5413667559623718,0.26782250946218317,0.609854681789875,/content/outputs/inference/answersheet/model_finetune_640_results/res_18abf092e5b6105afea053e6d43c0ca1_jpg_4.pkl
253,64,326,75,253,64,325,64,325,74,253,74,ttiafesaeit,tate,0.780070960521698,0.2902021563865922,0.48596897125244143,/content/outputs/inference/answersheet/model_finetune_640_results/res_18abf092e5b6105afea053e6d43c0ca1_jpg_5.pkl
46,127,221,143,51,129,214,129,214,142,51,142,aeteesteieiet,resterse,0.5610914826393127,0.3656415045261383,0.5264598743783103,/content/outputs/inference/answersheet/model_finetune_640_results/res_18abf092e5b6105afea053e6d43c0ca1_jpg_6.pkl
51,243,113,254,51,243,110,243,110,253,51,253,aaaaaaaiaiar,sender,0.508435070514679,0.1323603925605615,0.4765104928186962,/content/outputs/inference/answersheet/model_finetune_640_results/res_18abf092e5b6105afea053e6d43c0ca1_jpg_7.pkl
118,128,216,141,118,128,215,128,215,140,118,140,eesteeaaet,bestersity,0.5506064891815186,0.3530151233077049,0.5348821702328596,/content/outputs/inference/answersheet/model_finetune_640_results/res_18abf092e5b6105afea053e6d43c0ca1_jpg_8.pkl
297,130,359,143,297,130,357,130,357,141,297,141,iitsessene,use,0.5564196109771729,0.17761868089437485,0.4734576717019081,/content/outputs/inference/answersheet/model_finetune_640_results/res_18abf092e5b6105afea053e6d43c0ca1_jpg_9.pkl
312,234,374,245,312,236,373,236,373,244,312,244,addddreaaae,come,0.5878881812095642,0.1306138743053783,0.3135073482990265,/content/outputs/inference/answersheet/model_finetune_640_results/res_18abf092e5b6105afea053e6d43c0ca1_jpg_10.pkl
49,128,129,141,51,128,128,128,128,140,51,140,ialeeteellll,rester,0.5074442028999329,0.308505542576313,0.49469326223645893,/content/outputs/inference/answersheet/model_finetune_640_results/res_18abf092e5b6105afea053e6d43c0ca1_jpg_11.pkl
269,244,298,253,269,244,297,244,297,252,269,252,aattnnaepfeeeeeeeeeeeee,the,0.6532886624336243,0.15599720277216123,0.5138517357409,/content/outputs/inference/answersheet/model_finetune_640_results/res_18abf092e5b6105afea053e6d43c0ca1_jpg_12.pkl
313,195,394,210,313,195,393,195,393,209,313,209,tosyeaasyy,toystay,0.5042076706886292,0.2874559834599495,0.5194786302745342,/content/outputs/inference/answersheet/model_finetune_640_results/res_18abf092e5b6105afea053e6d43c0ca1_jpg_13.pkl
