176,26,243,41,178,26,242,26,242,40,178,40,etffadaeannnnn,for,0.6550911068916321,0.24712680652737617,0.5071620084345341,/content/outputs/inference/answersheet/model_finetune_640_results/res_5711aaaea8a5d2d22a9030483bbda54e_jpg_0.pkl
131,219,195,232,131,219,194,219,194,231,131,231,taeeetttteeeed,the,0.5536593794822693,0.2550475208887032,0.3584187962114811,/content/outputs/inference/answersheet/model_finetune_640_results/res_5711aaaea8a5d2d22a9030483bbda54e_jpg_1.pkl
92,22,143,36,92,22,142,22,142,35,92,35,ffhrsoffeo,from,0.62422114610672,0.22583331167697906,0.6643784761428833,/content/outputs/inference/answersheet/model_finetune_640_results/res_5711aaaea8a5d2d22a9030483bbda54e_jpg_2.pkl
97,189,145,202,97,189,144,189,144,201,97,201,tsawwttttccae,from,0.6855657696723938,0.1320406273007393,0.559638860821724,/content/outputs/inference/answersheet/model_finetune_640_results/res_5711aaaea8a5d2d22a9030483bbda54e_jpg_3.pkl
142,121,158,129,142,121,157,121,157,128,142,128,aaahhasssooyyy,and,0.6210548877716064,0.11487347313335963,0.5753893256187439,/content/outputs/inference/answersheet/model_finetune_640_results/res_5711aaaea8a5d2d22a9030483bbda54e_jpg_4.pkl
99,209,116,218,99,209,115,209,115,217,99,217,tt444t444eeeeeaaaaeeees,the,0.6157116889953613,0.12204751955426257,0.5818571709096432,/content/outputs/inference/answersheet/model_finetune_640_results/res_5711aaaea8a5d2d22a9030483bbda54e_jpg_5.pkl
197,9,217,19,197,9,216,9,216,18,197,18,ffffffffffttftttffppe,the,0.7406094074249268,0.28043387298073086,0.721054095774889,/content/outputs/inference/answersheet/model_finetune_640_results/res_5711aaaea8a5d2d22a9030483bbda54e_jpg_6.pkl
106,87,127,99,106,87,126,87,126,98,106,98,aeoon,the,0.5704624652862549,0.17669243216514588,0.6314051207154989,/content/outputs/inference/answersheet/model_finetune_640_results/res_5711aaaea8a5d2d22a9030483bbda54e_jpg_7.pkl
181,27,208,38,181,27,207,27,207,37,181,37,aaffffffo,off,0.6239477396011353,0.3232203904125426,0.5822912976145744,/content/outputs/inference/answersheet/model_finetune_640_results/res_5711aaaea8a5d2d22a9030483bbda54e_jpg_8.pkl
91,109,111,119,91,109,110,109,110,118,91,118,ttttttttttttttaasaee,the,0.5751729607582092,0.1758573915809393,0.6367337182164192,/content/outputs/inference/answersheet/model_finetune_640_results/res_5711aaaea8a5d2d22a9030483bbda54e_jpg_9.pkl
94,42,121,53,94,42,120,42,120,52,94,52,teeee,the,0.5641373991966248,0.2340155526995659,0.5336940884590149,/content/outputs/inference/answersheet/model_finetune_640_results/res_5711aaaea8a5d2d22a9030483bbda54e_jpg_10.pkl
92,27,123,40,92,27,120,27,120,39,92,39,fffffdfeeeaaaeaaaa,from,0.779914379119873,0.2629573995040523,0.6361235499382019,/content/outputs/inference/answersheet/model_finetune_640_results/res_5711aaaea8a5d2d22a9030483bbda54e_jpg_11.pkl
122,218,244,233,130,220,243,220,243,232,130,232,tteeeeeeae,thangerder,0.6942755579948425,0.27645758390426634,0.4823977527293292,/content/outputs/inference/answersheet/model_finetune_640_results/res_5711aaaea8a5d2d22a9030483bbda54e_jpg_12.pkl
