40,38,196,55,51,40,193,40,193,54,51,54,deeaee,coffee,0.5861926674842834,0.17179705823461214,0.5322528566632952,/content/outputs/inference/answersheet/model_finetune_640_results/res_46669283e6709fe61f24c4662dc5050e_jpg_0.pkl
169,94,227,109,169,94,226,94,226,108,169,108,iteesltllallll,the,0.7196182012557983,0.2550504739795412,0.34352371469140053,/content/outputs/inference/answersheet/model_finetune_640_results/res_46669283e6709fe61f24c4662dc5050e_jpg_1.pkl
316,352,359,365,316,352,358,352,358,364,316,364,eelltnlaailtltlll,restain,0.6296990513801575,0.30843423175461154,0.3834603112190962,/content/outputs/inference/answersheet/model_finetune_640_results/res_46669283e6709fe61f24c4662dc5050e_jpg_2.pkl
136,380,201,396,138,380,200,380,200,395,138,395,atttelt,bation,0.5111843347549438,0.200941763818264,0.46906433573790957,/content/outputs/inference/answersheet/model_finetune_640_results/res_46669283e6709fe61f24c4662dc5050e_jpg_3.pkl
47,41,128,54,51,41,127,41,127,53,51,53,leeeee,date,0.6796940565109253,0.1901602012415727,0.5833824813365937,/content/outputs/inference/answersheet/model_finetune_640_results/res_46669283e6709fe61f24c4662dc5050e_jpg_4.pkl
78,350,140,364,78,350,138,350,138,362,78,362,ahhbsssttelelt,subject,0.7354646921157837,0.17161102273634501,0.4270609449595213,/content/outputs/inference/answersheet/model_finetune_640_results/res_46669283e6709fe61f24c4662dc5050e_jpg_5.pkl
175,352,229,363,175,352,228,352,228,362,175,362,ttaaalllllleeeee,lastion,0.5788860321044922,0.2889205776154995,0.5433262959122658,/content/outputs/inference/answersheet/model_finetune_640_results/res_46669283e6709fe61f24c4662dc5050e_jpg_6.pkl
49,9,110,21,49,9,109,9,109,20,49,20,mesoaeeeseteeeeeeeeee,some,0.583026111125946,0.17627146733658655,0.4081381767988205,/content/outputs/inference/answersheet/model_finetune_640_results/res_46669283e6709fe61f24c4662dc5050e_jpg_7.pkl
21,0,43,8,21,0,42,0,42,7,21,7,ddddddnaaannnnnnanall,the,0.6171585321426392,0.1740881690666789,0.49225956946611404,/content/outputs/inference/answersheet/model_finetune_640_results/res_46669283e6709fe61f24c4662dc5050e_jpg_8.pkl
142,330,170,340,142,330,169,330,169,339,142,339,tttttsaeaa,lines,0.6852129101753235,0.2123147115111351,0.6321919113397598,/content/outputs/inference/answersheet/model_finetune_640_results/res_46669283e6709fe61f24c4662dc5050e_jpg_9.pkl
77,282,134,298,77,282,133,282,133,297,77,297,aannttt,hotel,0.5190448760986328,0.3212346945490156,0.42297760397195816,/content/outputs/inference/answersheet/model_finetune_640_results/res_46669283e6709fe61f24c4662dc5050e_jpg_10.pkl
121,30,186,42,124,30,184,30,184,40,124,40,bdoeeee,the,0.5038205981254578,0.11457305295126778,0.49241106398403645,/content/outputs/inference/answersheet/model_finetune_640_results/res_46669283e6709fe61f24c4662dc5050e_jpg_11.pkl
142,96,166,108,142,96,165,96,165,107,142,107,teeeetttttttttttt,from,0.56769859790802,0.33248718608828154,0.6517302453517914,/content/outputs/inference/answersheet/model_finetune_640_results/res_46669283e6709fe61f24c4662dc5050e_jpg_12.pkl
164,229,186,239,164,229,185,229,185,238,164,238,ttaat,for,0.7164873480796814,0.2579385668039322,0.5731547866016626,/content/outputs/inference/answersheet/model_finetune_640_results/res_46669283e6709fe61f24c4662dc5050e_jpg_13.pkl
278,351,361,365,278,351,360,351,360,364,278,364,sthgeelllenngaaattltlll,restienchi,0.655799388885498,0.31865958415943646,0.5682332908565347,/content/outputs/inference/answersheet/model_finetune_640_results/res_46669283e6709fe61f24c4662dc5050e_jpg_14.pkl
246,283,303,298,246,283,302,283,302,297,246,297,tseatts,teats,0.5025728344917297,0.3862734351839338,0.5954981297254562,/content/outputs/inference/answersheet/model_finetune_640_results/res_46669283e6709fe61f24c4662dc5050e_jpg_15.pkl
163,64,184,74,163,64,183,64,183,73,163,73,aaaaaattttttttttttt,for,0.5720191597938538,0.33498924892199666,0.5396444536745548,/content/outputs/inference/answersheet/model_finetune_640_results/res_46669283e6709fe61f24c4662dc5050e_jpg_16.pkl
