353,154,407,167,355,154,406,154,406,166,355,166,fahee,coffee,0.7215258479118347,0.20732685029506684,0.44571285375526976,/content/outputs/inference/answersheet/model_finetune_640_results/res_a10edaa1d89c5b8036d65c55d5f97dd6_jpg_0.pkl
364,331,411,345,364,331,410,331,410,344,364,344,sase,sale,0.6830819249153137,0.18017524294555187,0.37910657525062563,/content/outputs/inference/answersheet/model_finetune_640_results/res_a10edaa1d89c5b8036d65c55d5f97dd6_jpg_1.pkl
362,166,413,181,362,166,412,168,411,181,362,178,foooepattttt,repersity,0.5669654011726379,0.18591783257822195,0.5133837185800075,/content/outputs/inference/answersheet/model_finetune_640_results/res_a10edaa1d89c5b8036d65c55d5f97dd6_jpg_2.pkl
297,110,370,122,297,110,369,110,369,121,297,121,ffssttheaaeae,from,0.6021196246147156,0.15031782136513636,0.47964970022439957,/content/outputs/inference/answersheet/model_finetune_640_results/res_a10edaa1d89c5b8036d65c55d5f97dd6_jpg_3.pkl
204,175,265,189,204,175,264,175,264,188,204,188,netteeeaaayeannee,was,0.5097153186798096,0.1642073590089293,0.29889542795717716,/content/outputs/inference/answersheet/model_finetune_640_results/res_a10edaa1d89c5b8036d65c55d5f97dd6_jpg_4.pkl
358,233,413,247,358,233,412,233,412,246,358,246,daaaaaae,subject,0.5866960287094116,0.22407952696084976,0.5236704917624593,/content/outputs/inference/answersheet/model_finetune_640_results/res_a10edaa1d89c5b8036d65c55d5f97dd6_jpg_5.pkl
186,200,234,213,189,200,233,200,233,212,189,212,aypvene,your,0.5309385657310486,0.15025643578597478,0.5281889528036118,/content/outputs/inference/answersheet/model_finetune_640_results/res_a10edaa1d89c5b8036d65c55d5f97dd6_jpg_6.pkl
131,168,151,177,131,168,150,168,150,176,131,176,tttfffffff,the,0.6950455904006958,0.36290143206715586,0.6574793010950089,/content/outputs/inference/answersheet/model_finetune_640_results/res_a10edaa1d89c5b8036d65c55d5f97dd6_jpg_7.pkl
146,179,171,190,146,179,170,179,170,189,146,189,aayyyttww,the,0.6140869855880737,0.19202516807450187,0.5984750762581825,/content/outputs/inference/answersheet/model_finetune_640_results/res_a10edaa1d89c5b8036d65c55d5f97dd6_jpg_8.pkl
93,325,122,334,93,325,121,325,121,333,93,333,sseeeeed,the,0.5207575559616089,0.23943397030234337,0.5878917463123798,/content/outputs/inference/answersheet/model_finetune_640_results/res_a10edaa1d89c5b8036d65c55d5f97dd6_jpg_9.pkl
146,200,165,209,146,200,164,200,164,208,146,208,stttttdtutooehhhheeeee,the,0.6256275177001953,0.17455160482363266,0.7274086214601994,/content/outputs/inference/answersheet/model_finetune_640_results/res_a10edaa1d89c5b8036d65c55d5f97dd6_jpg_10.pkl
340,163,358,175,340,163,357,163,357,174,340,174,tthhheeeeeeeeeeeeeee,the,0.5332067608833313,0.23014336749911307,0.5791047047823668,/content/outputs/inference/answersheet/model_finetune_640_results/res_a10edaa1d89c5b8036d65c55d5f97dd6_jpg_11.pkl
189,203,218,213,189,203,217,203,217,212,189,212,yyyyyyyyyaaepr,you,0.5287765860557556,0.26840716174670626,0.4848270807415247,/content/outputs/inference/answersheet/model_finetune_640_results/res_a10edaa1d89c5b8036d65c55d5f97dd6_jpg_12.pkl
63,232,91,245,63,232,90,232,90,244,63,244,etgaaeea,the,0.5902990698814392,0.1432574801146984,0.43766348995268345,/content/outputs/inference/answersheet/model_finetune_640_results/res_a10edaa1d89c5b8036d65c55d5f97dd6_jpg_13.pkl
262,110,299,122,262,110,298,110,298,121,262,121,taatttttteeeeeeeeeeee,that,0.6349493861198425,0.29592155842554,0.5474663466215134,/content/outputs/inference/answersheet/model_finetune_640_results/res_a10edaa1d89c5b8036d65c55d5f97dd6_jpg_14.pkl
139,323,162,333,139,323,161,323,161,332,139,332,te,the,0.5865092277526855,0.23975133895874023,0.7838228344917297,/content/outputs/inference/answersheet/model_finetune_640_results/res_a10edaa1d89c5b8036d65c55d5f97dd6_jpg_15.pkl
325,189,356,200,325,189,355,189,355,199,325,199,ee,from,0.547195315361023,0.21700706705451012,0.5874166890978814,/content/outputs/inference/answersheet/model_finetune_640_results/res_a10edaa1d89c5b8036d65c55d5f97dd6_jpg_16.pkl
