248,166,293,177,248,166,292,166,292,176,248,176,sssfaaasaattteeeeaa,sate,0.8402714729309082,0.2620405154792886,0.5544640630483627,/content/outputs/inference/answersheet/model_finetune_640_results/res_d7b1e8dbe3f986e28eb39985c1c4c1c9_jpg_0.pkl
300,220,343,236,300,218,341,223,339,236,299,231,gnfe,groff,0.7335376739501953,0.17822383902966976,0.4455219159523646,/content/outputs/inference/answersheet/model_finetune_640_results/res_d7b1e8dbe3f986e28eb39985c1c4c1c9_jpg_1.pkl
223,343,242,351,223,343,241,343,241,350,223,350,eeeasssssssssssssss,best,0.6431631445884705,0.28145137546878113,0.5381125345826149,/content/outputs/inference/answersheet/model_finetune_640_results/res_d7b1e8dbe3f986e28eb39985c1c4c1c9_jpg_2.pkl
77,321,97,331,77,321,96,321,96,330,77,330,kggggeeeeeeoeeeddyyyyyy,for,0.6850608587265015,0.25891184158947156,0.6940539628267288,/content/outputs/inference/answersheet/model_finetune_640_results/res_d7b1e8dbe3f986e28eb39985c1c4c1c9_jpg_3.pkl
303,309,323,320,303,309,322,309,322,319,303,319,ggggggggog322222n2nnn,go,0.5459187626838684,0.19678556883618945,0.3192465603351593,/content/outputs/inference/answersheet/model_finetune_640_results/res_d7b1e8dbe3f986e28eb39985c1c4c1c9_jpg_4.pkl
106,340,123,351,106,340,122,340,122,350,106,350,ta,to,0.5131899118423462,0.16569174081087112,0.5075455605983734,/content/outputs/inference/answersheet/model_finetune_640_results/res_d7b1e8dbe3f986e28eb39985c1c4c1c9_jpg_5.pkl
197,323,219,332,197,323,218,323,218,331,197,331,geeeeeeeeeeooososyyyyyyyyyyyyyy,for,0.6131951212882996,0.21682774467814353,0.6032109707593918,/content/outputs/inference/answersheet/model_finetune_640_results/res_d7b1e8dbe3f986e28eb39985c1c4c1c9_jpg_6.pkl
164,220,184,231,164,220,181,220,181,230,164,230,gcgcco9,for,0.5916439294815063,0.19821549952030182,0.7095287293195724,/content/outputs/inference/answersheet/model_finetune_640_results/res_d7b1e8dbe3f986e28eb39985c1c4c1c9_jpg_7.pkl
142,165,191,179,142,165,190,165,190,178,142,178,eeahihee,off,0.566623330116272,0.17791754007339478,0.43329683877527714,/content/outputs/inference/answersheet/model_finetune_640_results/res_d7b1e8dbe3f986e28eb39985c1c4c1c9_jpg_8.pkl
53,340,75,354,55,340,74,340,74,353,55,353,fro,from,0.620104193687439,0.21439701318740845,0.7040618240833283,/content/outputs/inference/answersheet/model_finetune_640_results/res_d7b1e8dbe3f986e28eb39985c1c4c1c9_jpg_9.pkl
300,222,323,232,300,222,322,222,322,231,300,231,gddddbgnnaaaaa,grove,0.533514678478241,0.17047340582524026,0.5286278103788694,/content/outputs/inference/answersheet/model_finetune_640_results/res_d7b1e8dbe3f986e28eb39985c1c4c1c9_jpg_10.pkl
281,189,299,198,281,189,298,189,298,197,281,197,ttttdeee,to,0.6090114712715149,0.351773876696825,0.8729293545087179,/content/outputs/inference/answersheet/model_finetune_640_results/res_d7b1e8dbe3f986e28eb39985c1c4c1c9_jpg_11.pkl
108,167,134,176,108,167,133,167,133,175,108,175,eeee,the,0.7757207155227661,0.3612542599439621,0.6431904807686806,/content/outputs/inference/answersheet/model_finetune_640_results/res_d7b1e8dbe3f986e28eb39985c1c4c1c9_jpg_12.pkl
329,332,348,343,329,332,347,332,347,342,329,342,kkt3ht,for,0.7653073668479919,0.130559882769982,0.6440351437777281,/content/outputs/inference/answersheet/model_finetune_640_results/res_d7b1e8dbe3f986e28eb39985c1c4c1c9_jpg_13.pkl
331,243,354,254,331,243,353,243,353,253,331,253,eey,can,0.7092735171318054,0.28117716560761136,0.4621994346380234,/content/outputs/inference/answersheet/model_finetune_640_results/res_d7b1e8dbe3f986e28eb39985c1c4c1c9_jpg_14.pkl
205,167,238,178,205,167,237,167,237,177,205,177,tee,from,0.5168988108634949,0.1528408775726954,0.6417960584163666,/content/outputs/inference/answersheet/model_finetune_640_results/res_d7b1e8dbe3f986e28eb39985c1c4c1c9_jpg_15.pkl
