165,11,219,23,165,11,218,11,218,22,165,22,aeoee,from,0.776917576789856,0.1499512940645218,0.5867062598466873,/content/outputs/inference/answersheet/model_finetune_640_results/res_89eb38955d225cd0bc53714b2d16c1a2_jpg_0.pkl
315,10,370,20,315,10,369,10,369,19,315,19,eeeeaeeeeeeeeeeeee,come,0.5096163749694824,0.18841463989681667,0.3439379334449768,/content/outputs/inference/answersheet/model_finetune_640_results/res_89eb38955d225cd0bc53714b2d16c1a2_jpg_1.pkl
314,31,402,45,314,31,401,31,401,44,314,44,eaeueet,bewards,0.5700462460517883,0.18104618894202368,0.4068291485309601,/content/outputs/inference/answersheet/model_finetune_640_results/res_89eb38955d225cd0bc53714b2d16c1a2_jpg_2.pkl
174,54,196,65,174,54,195,54,195,64,174,64,taaaaaaaaeyy,the,0.7200455069541931,0.11771256724993388,0.5072257444262505,/content/outputs/inference/answersheet/model_finetune_640_results/res_89eb38955d225cd0bc53714b2d16c1a2_jpg_3.pkl
175,323,198,331,175,323,197,323,197,330,175,330,tttfkkfkkkkk44kk4a1dddddddddd,and,0.583320677280426,0.26232002701224955,0.6424483601003885,/content/outputs/inference/answersheet/model_finetune_640_results/res_89eb38955d225cd0bc53714b2d16c1a2_jpg_4.pkl
176,188,205,199,176,188,204,188,204,198,176,198,geeeedy,ed,0.5734301209449768,0.21987816265651158,0.653491367896398,/content/outputs/inference/answersheet/model_finetune_640_results/res_89eb38955d225cd0bc53714b2d16c1a2_jpg_5.pkl
210,221,230,229,210,221,229,221,229,228,210,228,tfeefeeefeeeey,for,0.8220427632331848,0.15566578773515566,0.5848571863025427,/content/outputs/inference/answersheet/model_finetune_640_results/res_89eb38955d225cd0bc53714b2d16c1a2_jpg_6.pkl
77,32,143,45,82,32,142,32,142,44,82,44,toosoe,toods,0.5056407451629639,0.319334735472997,0.6066407213608423,/content/outputs/inference/answersheet/model_finetune_640_results/res_89eb38955d225cd0bc53714b2d16c1a2_jpg_7.pkl
247,220,273,229,247,220,272,220,272,228,247,228,tae,the,0.5894453525543213,0.1173999880750974,0.6380649842321873,/content/outputs/inference/answersheet/model_finetune_640_results/res_89eb38955d225cd0bc53714b2d16c1a2_jpg_8.pkl
82,33,117,43,82,33,116,33,116,42,82,42,ttooooto,too,0.5481937527656555,0.2874406110495329,0.4536799006164074,/content/outputs/inference/answersheet/model_finetune_640_results/res_89eb38955d225cd0bc53714b2d16c1a2_jpg_9.pkl
