234,138,308,153,234,138,307,138,307,152,234,152,edtateaaaeee,from,0.5480527281761169,0.253554692491889,0.5357075124979019,/content/outputs/inference/answersheet/model_finetune_640_results/res_1114b44d1176d0244c090586870513ae_jpg_0.pkl
257,219,301,232,257,219,300,219,300,231,257,231,aaaiiitytt,from,0.5283492207527161,0.23594860285520552,0.532075722515583,/content/outputs/inference/answersheet/model_finetune_640_results/res_1114b44d1176d0244c090586870513ae_jpg_1.pkl
115,95,167,108,117,95,166,95,166,107,117,107,dddaeeee,sender,0.5201905369758606,0.3578308392316103,0.5819699934550694,/content/outputs/inference/answersheet/model_finetune_640_results/res_1114b44d1176d0244c090586870513ae_jpg_2.pkl
126,50,170,63,126,50,167,50,167,62,126,62,at,from,0.5053120851516724,0.2090354599058628,0.5079684674739837,/content/outputs/inference/answersheet/model_finetune_640_results/res_1114b44d1176d0244c090586870513ae_jpg_3.pkl
346,91,412,107,346,91,410,91,410,105,346,105,tonttnntpnyasss,from,0.7224670052528381,0.23226415663957595,0.5298825427889824,/content/outputs/inference/answersheet/model_finetune_640_results/res_1114b44d1176d0244c090586870513ae_jpg_4.pkl
186,137,245,153,186,139,243,139,243,151,186,151,sspteeeernpeessfe,sender,0.5269484519958496,0.18499520552508972,0.6070126316377095,/content/outputs/inference/answersheet/model_finetune_640_results/res_1114b44d1176d0244c090586870513ae_jpg_5.pkl
174,93,243,108,174,93,242,93,242,107,174,107,tthhgeeeaaaaa,from,0.7072325348854065,0.21512486040592194,0.4340508460998535,/content/outputs/inference/answersheet/model_finetune_640_results/res_1114b44d1176d0244c090586870513ae_jpg_6.pkl
302,20,324,27,302,20,323,20,323,26,302,26,tttttillllaaaaaaaaaaaaaaaaatllllllllllll,that,0.7831881046295166,0.18972560483962297,0.53979132771492,/content/outputs/inference/answersheet/model_finetune_640_results/res_1114b44d1176d0244c090586870513ae_jpg_7.pkl
327,46,409,60,331,46,408,46,408,59,331,59,nedsyare,subjation,0.5920358300209045,0.16582078114151955,0.5414627909660339,/content/outputs/inference/answersheet/model_finetune_640_results/res_1114b44d1176d0244c090586870513ae_jpg_8.pkl
168,26,215,37,168,26,211,26,211,35,168,35,aammeffffefeeeeeeeeee,come,0.6366947889328003,0.19404447007746922,0.3300006538629532,/content/outputs/inference/answersheet/model_finetune_640_results/res_1114b44d1176d0244c090586870513ae_jpg_9.pkl
142,191,158,202,142,191,157,191,157,201,142,201,gfffffffoo,for,0.5327540040016174,0.16039836406707764,0.6721434704959393,/content/outputs/inference/answersheet/model_finetune_640_results/res_1114b44d1176d0244c090586870513ae_jpg_10.pkl
233,19,258,26,233,19,257,19,257,25,233,25,ddbaaaaaaaaaaaaaeee,all,0.7361032962799072,0.19338314588132657,0.23747725039720535,/content/outputs/inference/answersheet/model_finetune_640_results/res_1114b44d1176d0244c090586870513ae_jpg_11.pkl
250,72,296,84,250,72,294,72,294,82,250,82,ddhhhsaaeee,thanking,0.6223902106285095,0.22672673924402756,0.5283961594104767,/content/outputs/inference/answersheet/model_finetune_640_results/res_1114b44d1176d0244c090586870513ae_jpg_12.pkl
105,73,131,83,105,73,130,73,130,82,105,82,ftttttttte,that,0.6326199769973755,0.2427962154150009,0.6224013984203338,/content/outputs/inference/answersheet/model_finetune_640_results/res_1114b44d1176d0244c090586870513ae_jpg_13.pkl
337,38,407,50,341,38,405,38,405,48,341,48,eesyyyyyaaedttkeeee,come,0.5643081068992615,0.2150864467809075,0.31703823804855347,/content/outputs/inference/answersheet/model_finetune_640_results/res_1114b44d1176d0244c090586870513ae_jpg_14.pkl
101,11,126,19,103,11,125,11,125,18,103,18,fflfldllddaaaaaaaalltll,date,0.616156280040741,0.13872772131277167,0.44418401420116427,/content/outputs/inference/answersheet/model_finetune_640_results/res_1114b44d1176d0244c090586870513ae_jpg_15.pkl
127,23,154,33,127,23,153,23,153,32,127,32,nnnneeeooooooeeeneeeneeeeeeeeeeeeeee,come,0.5095506310462952,0.1590633357150687,0.3702077463269234,/content/outputs/inference/answersheet/model_finetune_640_results/res_1114b44d1176d0244c090586870513ae_jpg_16.pkl
296,91,348,107,296,91,347,91,347,106,296,106,tnwehhe,the,0.5746569633483887,0.14180802341018403,0.6193045601248741,/content/outputs/inference/answersheet/model_finetune_640_results/res_1114b44d1176d0244c090586870513ae_jpg_17.pkl
358,0,413,12,358,0,410,0,410,11,358,11,lttttaddelleeeettttt,from,0.5382804274559021,0.13846082836389542,0.5983274191617965,/content/outputs/inference/answersheet/model_finetune_640_results/res_1114b44d1176d0244c090586870513ae_jpg_18.pkl
154,73,181,84,154,73,180,73,180,83,154,83,faaaaaaa444aaadd444,from,0.5518330931663513,0.14871249269498021,0.5741215035319328,/content/outputs/inference/answersheet/model_finetune_640_results/res_1114b44d1176d0244c090586870513ae_jpg_19.pkl
269,17,294,25,269,17,293,17,293,24,269,24,teeeeeeeeee,the,0.5145964026451111,0.3129365552555431,0.5894524268805981,/content/outputs/inference/answersheet/model_finetune_640_results/res_1114b44d1176d0244c090586870513ae_jpg_20.pkl
57,138,199,153,66,138,190,138,190,152,66,152,ionpayeseeess,topination,0.5355629324913025,0.17761441606741685,0.4687067500569604,/content/outputs/inference/answersheet/model_finetune_640_results/res_1114b44d1176d0244c090586870513ae_jpg_21.pkl
197,52,225,62,197,52,224,52,224,61,197,61,sssweoooooooooooooosoooooosssddde,some,0.6273107528686523,0.12116715131383954,0.3657157927751541,/content/outputs/inference/answersheet/model_finetune_640_results/res_1114b44d1176d0244c090586870513ae_jpg_22.pkl
176,172,218,186,176,172,217,172,217,185,176,185,ttaaaahhhaaaaapaaaaaeeeeibsssssh,you,0.5813550353050232,0.1577534929383546,0.4965409468859434,/content/outputs/inference/answersheet/model_finetune_640_results/res_1114b44d1176d0244c090586870513ae_jpg_23.pkl
186,10,211,19,186,10,210,10,210,18,186,18,aoay,the,0.7549409866333008,0.1087550837546587,0.5537081379443407,/content/outputs/inference/answersheet/model_finetune_640_results/res_1114b44d1176d0244c090586870513ae_jpg_24.pkl
104,186,136,201,104,186,135,186,135,200,104,200,eeata,sale,0.58009934425354,0.13338911384344102,0.48320307582616806,/content/outputs/inference/answersheet/model_finetune_640_results/res_1114b44d1176d0244c090586870513ae_jpg_25.pkl
382,2,413,14,382,2,410,2,410,13,382,13,ottthheee,the,0.7418952584266663,0.1729357143243154,0.6373612247407436,/content/outputs/inference/answersheet/model_finetune_640_results/res_1114b44d1176d0244c090586870513ae_jpg_26.pkl
302,27,328,37,302,27,327,27,327,36,302,36,ttttttttthtthnnnnnnaannnnnnttt,the,0.7098065614700317,0.15595556100209554,0.4981176108121872,/content/outputs/inference/answersheet/model_finetune_640_results/res_1114b44d1176d0244c090586870513ae_jpg_27.pkl
171,17,212,26,173,17,211,17,211,25,173,25,asssooodlddddddd,school,0.6143154501914978,0.23002616176381707,0.46699443246637073,/content/outputs/inference/answersheet/model_finetune_640_results/res_1114b44d1176d0244c090586870513ae_jpg_28.pkl
88,208,111,218,88,208,110,208,110,217,88,217,cecooooooooooo,for,0.618474006652832,0.12256188158478055,0.6960481330752373,/content/outputs/inference/answersheet/model_finetune_640_results/res_1114b44d1176d0244c090586870513ae_jpg_29.pkl
148,137,313,153,148,139,308,139,308,152,148,152,eeeeeeeeehhmen,sperberien,0.6935534477233887,0.2307336080287184,0.4722351784055883,/content/outputs/inference/answersheet/model_finetune_640_results/res_1114b44d1176d0244c090586870513ae_jpg_30.pkl
