300,17,352,28,300,17,348,17,348,27,300,27,fftfffffffffffffkff44aee,from,0.6330583691596985,0.2730407500639558,0.4402494877576828,/content/outputs/inference/answersheet/model_finetune_640_results/res_9fff8f852f538f67ee3cab8e23d4d2f2_jpg_0.pkl
356,17,412,28,356,17,410,17,410,26,356,26,aaadtn,collers,0.5438819527626038,0.14018866047263145,0.394353024661541,/content/outputs/inference/answersheet/model_finetune_640_results/res_9fff8f852f538f67ee3cab8e23d4d2f2_jpg_1.pkl
30,204,65,217,30,204,64,204,64,216,30,216,aasssstto,are,0.6309142708778381,0.21546101570129395,0.5529511794447899,/content/outputs/inference/answersheet/model_finetune_640_results/res_9fff8f852f538f67ee3cab8e23d4d2f2_jpg_2.pkl
291,115,356,130,293,115,355,115,355,129,293,129,eeee,coffeen,0.6766413450241089,0.13344772532582283,0.49264775589108467,/content/outputs/inference/answersheet/model_finetune_640_results/res_9fff8f852f538f67ee3cab8e23d4d2f2_jpg_3.pkl
144,206,195,217,144,206,194,206,194,216,144,216,aaaaaae,from,0.7077957987785339,0.1230658431138311,0.5097689494490624,/content/outputs/inference/answersheet/model_finetune_640_results/res_9fff8f852f538f67ee3cab8e23d4d2f2_jpg_4.pkl
354,115,412,128,354,115,411,115,411,127,354,127,aane,thank,0.6784327626228333,0.15012784488499165,0.39659647022684413,/content/outputs/inference/answersheet/model_finetune_640_results/res_9fff8f852f538f67ee3cab8e23d4d2f2_jpg_5.pkl
342,204,383,216,342,204,382,204,382,215,342,215,ttyeeee,from,0.5481432676315308,0.15617784325565612,0.5596768438816071,/content/outputs/inference/answersheet/model_finetune_640_results/res_9fff8f852f538f67ee3cab8e23d4d2f2_jpg_6.pkl
356,168,413,184,356,168,412,168,412,183,356,183,aaaaeeeeeeen,from,0.5665289163589478,0.18904399623473486,0.5805905476212502,/content/outputs/inference/answersheet/model_finetune_640_results/res_9fff8f852f538f67ee3cab8e23d4d2f2_jpg_7.pkl
284,162,411,185,284,162,410,162,410,184,284,184,ettpeameeacaee,coffeen,0.5451622605323792,0.12084253504872322,0.4173866771161556,/content/outputs/inference/answersheet/model_finetune_640_results/res_9fff8f852f538f67ee3cab8e23d4d2f2_jpg_8.pkl
205,206,249,217,205,206,248,206,248,216,205,216,ddaaaee,date,0.744178831577301,0.11837299913167953,0.5476464718580246,/content/outputs/inference/answersheet/model_finetune_640_results/res_9fff8f852f538f67ee3cab8e23d4d2f2_jpg_9.pkl
214,218,241,227,214,218,240,218,240,226,214,226,ffffffffffegaaaaaaaaaaaaaaeeeeeee,from,0.567493736743927,0.15928144324006457,0.5622319668531418,/content/outputs/inference/answersheet/model_finetune_640_results/res_9fff8f852f538f67ee3cab8e23d4d2f2_jpg_10.pkl
102,238,165,251,102,238,164,238,164,250,102,250,tsetdeee,from,0.5074236989021301,0.16333810007199645,0.5846088409423829,/content/outputs/inference/answersheet/model_finetune_640_results/res_9fff8f852f538f67ee3cab8e23d4d2f2_jpg_11.pkl
318,291,387,305,318,291,386,291,386,304,318,304,esseaaaeaeee,coffee,0.6528025269508362,0.16819273618360361,0.43182469478675295,/content/outputs/inference/answersheet/model_finetune_640_results/res_9fff8f852f538f67ee3cab8e23d4d2f2_jpg_12.pkl
82,217,129,227,82,217,128,217,128,226,82,226,wwwuheeeaelyyeeeetttt,was,0.5258494019508362,0.1716834835353352,0.3871305510401726,/content/outputs/inference/answersheet/model_finetune_640_results/res_9fff8f852f538f67ee3cab8e23d4d2f2_jpg_13.pkl
84,217,112,225,84,217,111,217,111,224,84,224,duuhueeeeweaaaaaaaaalyveeeee,was,0.6455587148666382,0.1584471868617194,0.3984781429171562,/content/outputs/inference/answersheet/model_finetune_640_results/res_9fff8f852f538f67ee3cab8e23d4d2f2_jpg_14.pkl
35,239,58,251,35,239,57,239,57,250,35,250,aaaaaaaanneee,the,0.509260356426239,0.21056100038381723,0.595734991133213,/content/outputs/inference/answersheet/model_finetune_640_results/res_9fff8f852f538f67ee3cab8e23d4d2f2_jpg_15.pkl
210,240,236,249,210,240,235,240,235,248,210,248,ttaaaaauerr,the,0.6366845965385437,0.13135972754521805,0.6505611538887024,/content/outputs/inference/answersheet/model_finetune_640_results/res_9fff8f852f538f67ee3cab8e23d4d2f2_jpg_16.pkl
247,249,270,259,247,251,269,251,269,258,247,258,tettt,the,0.5313869118690491,0.2421320304274559,0.5170481912791729,/content/outputs/inference/answersheet/model_finetune_640_results/res_9fff8f852f538f67ee3cab8e23d4d2f2_jpg_17.pkl
250,207,277,216,250,207,276,207,276,215,250,215,eeccceeeeeeede,can,0.5718576908111572,0.2042445561715535,0.3878023847937584,/content/outputs/inference/answersheet/model_finetune_640_results/res_9fff8f852f538f67ee3cab8e23d4d2f2_jpg_18.pkl
288,114,408,129,294,116,406,116,406,127,294,127,eaauae,compers,0.5348898768424988,0.12331473330656688,0.4227647539228201,/content/outputs/inference/answersheet/model_finetune_640_results/res_9fff8f852f538f67ee3cab8e23d4d2f2_jpg_19.pkl
