252,27,271,36,252,27,270,27,270,35,252,35,itttttttesooooaa,10,0.5297271013259888,0.320597848854959,0.6689271728197733,/content/outputs/inference/answersheet/model_finetune_640_results/res_2c060b50f9bd7a59fb17d765d700d2df_jpg_0.pkl
336,42,378,56,336,42,373,42,373,55,336,55,ererraeaahaaaadd,and,0.6884351372718811,0.19419352756813169,0.47924380749464035,/content/outputs/inference/answersheet/model_finetune_640_results/res_2c060b50f9bd7a59fb17d765d700d2df_jpg_1.pkl
266,27,347,39,266,27,346,27,346,38,266,38,eadhoeeee,starden,0.566408634185791,0.2823420034514533,0.3291291054338217,/content/outputs/inference/answersheet/model_finetune_640_results/res_2c060b50f9bd7a59fb17d765d700d2df_jpg_2.pkl
142,28,197,39,142,28,196,28,196,38,142,38,topodee,comport,0.5445935726165771,0.10801053685801369,0.40401102788746357,/content/outputs/inference/answersheet/model_finetune_640_results/res_2c060b50f9bd7a59fb17d765d700d2df_jpg_3.pkl
314,29,342,37,314,29,341,29,341,36,314,36,lhaee,chool,0.6695622801780701,0.19301601946353913,0.35465312500794727,/content/outputs/inference/answersheet/model_finetune_640_results/res_2c060b50f9bd7a59fb17d765d700d2df_jpg_4.pkl
223,58,313,72,223,58,312,58,312,71,223,71,aaseteeewweaeaaeee,breading,0.5092653036117554,0.1388402096927166,0.3954981002542708,/content/outputs/inference/answersheet/model_finetune_640_results/res_2c060b50f9bd7a59fb17d765d700d2df_jpg_5.pkl
307,39,380,53,307,39,379,39,379,52,307,52,taeneeuoouuuuadte,sender,0.5732993483543396,0.16216679969254663,0.49445467655147823,/content/outputs/inference/answersheet/model_finetune_640_results/res_2c060b50f9bd7a59fb17d765d700d2df_jpg_6.pkl
303,39,328,48,303,39,327,39,327,47,303,47,wyhheeeeeeeeeeeeeeeaaaaahh,from,0.5608288645744324,0.14135253973878348,0.6439951300621033,/content/outputs/inference/answersheet/model_finetune_640_results/res_2c060b50f9bd7a59fb17d765d700d2df_jpg_7.pkl
4,71,26,80,4,71,25,71,25,79,4,79,iofoo,to,0.5613855719566345,0.36661923229694365,0.684219241142273,/content/outputs/inference/answersheet/model_finetune_640_results/res_2c060b50f9bd7a59fb17d765d700d2df_jpg_8.pkl
373,58,414,71,373,58,413,58,413,70,373,70,taaa,from,0.6369772553443909,0.29222574830055237,0.54517762362957,/content/outputs/inference/answersheet/model_finetune_640_results/res_2c060b50f9bd7a59fb17d765d700d2df_jpg_9.pkl
108,26,151,38,108,26,150,26,150,37,108,37,thhheeeeeeeeee,the,0.5256164073944092,0.2926235241549356,0.618838869035244,/content/outputs/inference/answersheet/model_finetune_640_results/res_2c060b50f9bd7a59fb17d765d700d2df_jpg_10.pkl
215,39,240,49,215,39,239,39,239,48,215,48,eaaalfeeeeeeeeeee,from,0.5167463421821594,0.14415710901512818,0.5805598869919777,/content/outputs/inference/answersheet/model_finetune_640_results/res_2c060b50f9bd7a59fb17d765d700d2df_jpg_11.pkl
214,28,239,38,214,28,238,28,238,37,214,37,ffffftteeeee,from,0.5918533205986023,0.20378681272268295,0.6136774063110352,/content/outputs/inference/answersheet/model_finetune_640_results/res_2c060b50f9bd7a59fb17d765d700d2df_jpg_12.pkl
186,38,244,51,189,38,243,38,243,50,189,50,dliheelfeeee,lines,0.5973726511001587,0.24369204665223757,0.5192816518247128,/content/outputs/inference/answersheet/model_finetune_640_results/res_2c060b50f9bd7a59fb17d765d700d2df_jpg_13.pkl
190,37,218,48,190,37,217,37,217,47,190,47,ttinoeeeeeeeee,the,0.7263177037239075,0.20710185383047378,0.4973800666630268,/content/outputs/inference/answersheet/model_finetune_640_results/res_2c060b50f9bd7a59fb17d765d700d2df_jpg_14.pkl
233,26,389,40,233,28,387,26,388,38,233,40,eitotdeeecnne,coffeen,0.5072087645530701,0.1893172636628151,0.43607488088309765,/content/outputs/inference/answersheet/model_finetune_640_results/res_2c060b50f9bd7a59fb17d765d700d2df_jpg_15.pkl
