223,180,269,192,223,180,268,180,268,191,223,191,ttknkk440eddoddy,from,0.6537760496139526,0.19673198321834207,0.6698978036642075,/content/outputs/inference/answersheet/model_finetune_640_results/res_1f9594f5bc4be99bf807fd18c5d5d8cd_jpg_0.pkl
220,158,239,167,220,158,238,158,238,166,220,166,ff10933000000000,for,0.6706690788269043,0.23887746641412377,0.6227568127214909,/content/outputs/inference/answersheet/model_finetune_640_results/res_1f9594f5bc4be99bf807fd18c5d5d8cd_jpg_1.pkl
63,13,119,26,63,13,118,13,118,25,63,25,attfaaaaaaairrrrep,from,0.6080927848815918,0.11001123239596684,0.5283304154872894,/content/outputs/inference/answersheet/model_finetune_640_results/res_1f9594f5bc4be99bf807fd18c5d5d8cd_jpg_2.pkl
152,213,189,225,152,213,188,213,188,224,152,224,arreee,sale,0.7342979907989502,0.1704644411802292,0.550905841588974,/content/outputs/inference/answersheet/model_finetune_640_results/res_1f9594f5bc4be99bf807fd18c5d5d8cd_jpg_3.pkl
158,236,179,248,158,236,178,236,178,247,158,247,444ee4n,for,0.5779870748519897,0.3460142250571932,0.6634900830686092,/content/outputs/inference/answersheet/model_finetune_640_results/res_1f9594f5bc4be99bf807fd18c5d5d8cd_jpg_4.pkl
200,12,235,25,200,12,234,12,234,24,200,24,eeeeeeeeyeeeyeeeyeeeeye,the,0.7059434056282043,0.2664246183374654,0.5956526100635529,/content/outputs/inference/answersheet/model_finetune_640_results/res_1f9594f5bc4be99bf807fd18c5d5d8cd_jpg_5.pkl
125,13,182,23,125,13,181,13,181,22,125,22,eyye,collers,0.6201318502426147,0.11668866313993931,0.39519737660884857,/content/outputs/inference/answersheet/model_finetune_640_results/res_1f9594f5bc4be99bf807fd18c5d5d8cd_jpg_6.pkl
230,314,248,322,230,314,247,314,247,321,230,321,ftftaa4ddddooo,for,0.5369869470596313,0.1436812984091895,0.5723305381834507,/content/outputs/inference/answersheet/model_finetune_640_results/res_1f9594f5bc4be99bf807fd18c5d5d8cd_jpg_7.pkl
217,295,235,303,217,295,234,295,234,302,217,302,a4aaiiaoo,and,0.7026762366294861,0.11237386738260587,0.5836654603481293,/content/outputs/inference/answersheet/model_finetune_640_results/res_1f9594f5bc4be99bf807fd18c5d5d8cd_jpg_8.pkl
180,261,198,271,180,261,197,261,197,270,180,270,4444nnn,and,0.5801780223846436,0.17429751689944947,0.5355790089815855,/content/outputs/inference/answersheet/model_finetune_640_results/res_1f9594f5bc4be99bf807fd18c5d5d8cd_jpg_9.pkl
199,281,215,289,199,281,214,281,214,288,199,288,fffayyyy,and,0.7192251682281494,0.21164820063859224,0.6156942695379257,/content/outputs/inference/answersheet/model_finetune_640_results/res_1f9594f5bc4be99bf807fd18c5d5d8cd_jpg_10.pkl
199,317,217,325,199,317,216,317,216,324,199,324,4444a4aaaaaaaaaaaaaaaaaaaaaaaaaaaaaaaaaaaaadadddsseddddyyyyyyyy,and,0.5423428416252136,0.22713500888101637,0.5131311435252428,/content/outputs/inference/answersheet/model_finetune_640_results/res_1f9594f5bc4be99bf807fd18c5d5d8cd_jpg_11.pkl
124,103,144,112,124,103,143,103,143,111,124,111,aaaaattt,and,0.5801751017570496,0.1212215768173337,0.5353469625115395,/content/outputs/inference/answersheet/model_finetune_640_results/res_1f9594f5bc4be99bf807fd18c5d5d8cd_jpg_12.pkl
56,83,70,91,56,83,69,83,69,90,56,90,sssssssaaaaannaaeaaeaaeeeeeeee,sale,0.5555488467216492,0.16440305163462957,0.6623344242572784,/content/outputs/inference/answersheet/model_finetune_640_results/res_1f9594f5bc4be99bf807fd18c5d5d8cd_jpg_13.pkl
311,334,373,345,311,334,370,334,370,344,311,344,seeheaaaete,persity,0.5910606980323792,0.11147181283343922,0.4122305680066347,/content/outputs/inference/answersheet/model_finetune_640_results/res_1f9594f5bc4be99bf807fd18c5d5d8cd_jpg_14.pkl
270,201,288,210,270,201,287,201,287,209,270,209,doeedd,and,0.7187312245368958,0.155912966777881,0.6508495565503836,/content/outputs/inference/answersheet/model_finetune_640_results/res_1f9594f5bc4be99bf807fd18c5d5d8cd_jpg_15.pkl
168,323,183,331,168,323,182,323,182,330,168,330,ttttsos6se,the,0.7558352947235107,0.2880384251475334,0.606531161814928,/content/outputs/inference/answersheet/model_finetune_640_results/res_1f9594f5bc4be99bf807fd18c5d5d8cd_jpg_16.pkl
64,15,88,24,64,15,87,15,87,23,64,23,fannpnppfpftttat,from,0.6190192103385925,0.13963045505806804,0.5989989250898361,/content/outputs/inference/answersheet/model_finetune_640_results/res_1f9594f5bc4be99bf807fd18c5d5d8cd_jpg_17.pkl
86,158,116,168,86,158,115,158,115,167,86,167,taennnnnnnnnnnnn,the,0.6656753420829773,0.13209523865953088,0.4329032227396965,/content/outputs/inference/answersheet/model_finetune_640_results/res_1f9594f5bc4be99bf807fd18c5d5d8cd_jpg_18.pkl
166,279,217,292,166,279,216,279,216,291,166,291,fesymeereeeean,from,0.6118927597999573,0.15844925759094103,0.6859916001558304,/content/outputs/inference/answersheet/model_finetune_640_results/res_1f9594f5bc4be99bf807fd18c5d5d8cd_jpg_19.pkl
119,138,149,147,119,138,148,138,148,146,119,146,dhhhhhhhhhhhhhaa,shoal,0.5537993311882019,0.24553194176405668,0.4437517449259758,/content/outputs/inference/answersheet/model_finetune_640_results/res_1f9594f5bc4be99bf807fd18c5d5d8cd_jpg_20.pkl
80,103,128,115,83,103,127,103,127,114,83,114,attebebb,the,0.5156395435333252,0.11667014379054308,0.36008872650563717,/content/outputs/inference/answersheet/model_finetune_640_results/res_1f9594f5bc4be99bf807fd18c5d5d8cd_jpg_21.pkl
339,11,371,26,339,11,370,11,370,25,339,25,akkke,the,0.6935345530509949,0.1639329344034195,0.5748251043260098,/content/outputs/inference/answersheet/model_finetune_640_results/res_1f9594f5bc4be99bf807fd18c5d5d8cd_jpg_22.pkl
264,380,281,388,264,380,280,380,280,387,264,387,eatrrrrrr,the,0.5358836054801941,0.13820335351758534,0.6458108071237803,/content/outputs/inference/answersheet/model_finetune_640_results/res_1f9594f5bc4be99bf807fd18c5d5d8cd_jpg_23.pkl
