104,244,123,255,104,244,122,244,122,254,104,254,f66ggffftttgttrrrtoo,can,0.7421753406524658,0.15473851487040519,0.5279822014272213,/content/outputs/inference/answersheet/model_finetune_640_results/res_820959e1b7e41fb726a36d77e9013591_jpg_0.pkl
338,192,378,206,338,192,377,192,377,205,338,205,dddahmeyyyie,the,0.6161338686943054,0.23874060871700445,0.6366341467946768,/content/outputs/inference/answersheet/model_finetune_640_results/res_820959e1b7e41fb726a36d77e9013591_jpg_1.pkl
37,345,56,355,37,345,55,345,55,354,37,354,eeeegfoyyy,for,0.7122791409492493,0.20417530089616776,0.639420036226511,/content/outputs/inference/answersheet/model_finetune_640_results/res_820959e1b7e41fb726a36d77e9013591_jpg_2.pkl
159,115,205,126,161,115,204,115,204,125,161,125,fe,from,0.5067341923713684,0.20637543871998787,0.575936084985733,/content/outputs/inference/answersheet/model_finetune_640_results/res_820959e1b7e41fb726a36d77e9013591_jpg_3.pkl
309,270,329,280,309,270,328,270,328,279,309,279,ffffdaddddddds,do,0.679818868637085,0.3740464693733624,0.5527275055646896,/content/outputs/inference/answersheet/model_finetune_640_results/res_820959e1b7e41fb726a36d77e9013591_jpg_4.pkl
112,57,182,72,114,57,181,57,181,71,114,71,nmndeharh,more,0.6856390237808228,0.1975260434879197,0.33232819139957426,/content/outputs/inference/answersheet/model_finetune_640_results/res_820959e1b7e41fb726a36d77e9013591_jpg_5.pkl
48,57,88,71,48,57,87,57,87,70,48,70,aegeteeet,sale,0.5517511963844299,0.18172360211610794,0.5377862006425858,/content/outputs/inference/answersheet/model_finetune_640_results/res_820959e1b7e41fb726a36d77e9013591_jpg_6.pkl
73,269,95,280,73,269,94,269,94,279,73,279,ggegs,g3,0.576977014541626,0.27986488193273545,0.4608602424462636,/content/outputs/inference/answersheet/model_finetune_640_results/res_820959e1b7e41fb726a36d77e9013591_jpg_7.pkl
51,25,120,37,53,25,119,25,119,36,53,36,taebah,the,0.5513021945953369,0.1979733668267727,0.43180520460009575,/content/outputs/inference/answersheet/model_finetune_640_results/res_820959e1b7e41fb726a36d77e9013591_jpg_8.pkl
308,389,324,397,308,389,323,389,323,396,308,396,tdo,to,0.7682358622550964,0.2126268744468689,0.5253308067719141,/content/outputs/inference/answersheet/model_finetune_640_results/res_820959e1b7e41fb726a36d77e9013591_jpg_9.pkl
147,37,168,48,147,37,167,37,167,47,147,47,tttssseswwseeee,the,0.5627257823944092,0.19071551511685053,0.6017411686480045,/content/outputs/inference/answersheet/model_finetune_640_results/res_820959e1b7e41fb726a36d77e9013591_jpg_10.pkl
101,389,118,397,101,389,117,389,117,396,101,396,tdddddedae9oooooood,to,0.8475925922393799,0.11230237782001495,0.4959763487180074,/content/outputs/inference/answersheet/model_finetune_640_results/res_820959e1b7e41fb726a36d77e9013591_jpg_11.pkl
114,323,133,332,114,323,132,323,132,331,114,331,t44t0t9900,to,0.5013929009437561,0.23082338124513627,0.8663533727327982,/content/outputs/inference/answersheet/model_finetune_640_results/res_820959e1b7e41fb726a36d77e9013591_jpg_12.pkl
20,26,42,35,22,26,41,26,41,34,22,34,aaaaaaallaaaanaanneee,and,0.7441105246543884,0.17432099048580443,0.42282383888959885,/content/outputs/inference/answersheet/model_finetune_640_results/res_820959e1b7e41fb726a36d77e9013591_jpg_13.pkl
67,37,92,49,69,37,91,37,91,48,69,48,aowwweeee,your,0.659401535987854,0.23054580556021798,0.6339337892830372,/content/outputs/inference/answersheet/model_finetune_640_results/res_820959e1b7e41fb726a36d77e9013591_jpg_14.pkl
125,106,150,114,125,106,149,106,149,113,125,113,deee,date,0.804157018661499,0.307444816455245,0.4429118067026138,/content/outputs/inference/answersheet/model_finetune_640_results/res_820959e1b7e41fb726a36d77e9013591_jpg_15.pkl
54,24,84,36,54,24,83,24,83,35,54,35,afffa,the,0.7850006222724915,0.2963283538818359,0.5293187908828259,/content/outputs/inference/answersheet/model_finetune_640_results/res_820959e1b7e41fb726a36d77e9013591_jpg_16.pkl
116,59,143,70,116,59,142,59,142,69,116,69,ldaadddeeee,the,0.5875619053840637,0.1752294342626225,0.5833866931498051,/content/outputs/inference/answersheet/model_finetune_640_results/res_820959e1b7e41fb726a36d77e9013591_jpg_17.pkl
97,104,126,114,97,104,123,104,123,113,97,113,teeeeeeeeddadddddddf,the,0.662935197353363,0.1450875610113144,0.6286175400018692,/content/outputs/inference/answersheet/model_finetune_640_results/res_820959e1b7e41fb726a36d77e9013591_jpg_18.pkl
267,146,363,162,267,146,362,146,362,161,267,161,fahdeeseeaaaa,from,0.5843786597251892,0.16048766959172028,0.48446581661701205,/content/outputs/inference/answersheet/model_finetune_640_results/res_820959e1b7e41fb726a36d77e9013591_jpg_19.pkl
72,369,93,378,72,369,92,369,92,377,72,377,fffffffgsfadidooooooond,for,0.5276256203651428,0.2725642704121444,0.6636204048991203,/content/outputs/inference/answersheet/model_finetune_640_results/res_820959e1b7e41fb726a36d77e9013591_jpg_20.pkl
88,59,107,69,88,59,106,59,106,68,88,68,tllaaateeeee,the,0.6246351003646851,0.15503928127388159,0.6350829228758812,/content/outputs/inference/answersheet/model_finetune_640_results/res_820959e1b7e41fb726a36d77e9013591_jpg_21.pkl
60,325,82,335,60,325,81,325,81,334,60,334,eeeseerreeeee,the,0.5087172389030457,0.09445196447464135,0.56955243088305,/content/outputs/inference/answersheet/model_finetune_640_results/res_820959e1b7e41fb726a36d77e9013591_jpg_22.pkl
20,14,44,23,20,14,43,14,43,22,20,22,sssstttttaaaaaaetltt,from,0.5087131857872009,0.15571304634213448,0.6473684906959534,/content/outputs/inference/answersheet/model_finetune_640_results/res_820959e1b7e41fb726a36d77e9013591_jpg_23.pkl
86,27,116,36,86,27,115,27,115,35,86,35,ahh,man,0.627231776714325,0.14008207122484842,0.2329976037144661,/content/outputs/inference/answersheet/model_finetune_640_results/res_820959e1b7e41fb726a36d77e9013591_jpg_24.pkl
273,325,292,334,273,325,291,325,291,333,273,333,gggggggggggooy,for,0.5895025134086609,0.2748826742172241,0.688384585082531,/content/outputs/inference/answersheet/model_finetune_640_results/res_820959e1b7e41fb726a36d77e9013591_jpg_25.pkl
