360,365,407,380,360,365,406,365,406,379,360,379,lfhtfsahaanaee,the,0.7638190984725952,0.18013298298631394,0.5135353989899158,/content/outputs/inference/answersheet/model_finetune_640_results/res_c4691611121d43e0d2728b2acdb134a7_jpg_0.pkl
363,358,404,373,363,358,403,358,403,372,363,372,htahaless,the,0.8269187808036804,0.19272784723175895,0.42739009112119675,/content/outputs/inference/answersheet/model_finetune_640_results/res_c4691611121d43e0d2728b2acdb134a7_jpg_1.pkl
315,334,384,348,315,334,383,334,383,347,315,347,slliaellleaaaeee,sale,0.6571587920188904,0.23359309509396553,0.645661348104477,/content/outputs/inference/answersheet/model_finetune_640_results/res_c4691611121d43e0d2728b2acdb134a7_jpg_2.pkl
204,110,255,124,204,110,254,110,254,123,204,123,attstpp,sale,0.6845184564590454,0.18319902462618692,0.5758174121379852,/content/outputs/inference/answersheet/model_finetune_640_results/res_c4691611121d43e0d2728b2acdb134a7_jpg_3.pkl
324,234,405,247,324,234,402,234,402,246,324,246,ssoatttttdeewee,some,0.8224374055862427,0.18165111690759658,0.3310221374034882,/content/outputs/inference/answersheet/model_finetune_640_results/res_c4691611121d43e0d2728b2acdb134a7_jpg_4.pkl
249,99,298,111,251,99,297,99,297,110,251,110,eeeeeeeeeeeeee,coffee,0.5952789783477783,0.23567970842123032,0.497830222759928,/content/outputs/inference/answersheet/model_finetune_640_results/res_c4691611121d43e0d2728b2acdb134a7_jpg_5.pkl
131,346,177,358,131,346,176,346,176,357,131,357,ekkcccccshean,school,0.6735128164291382,0.22802535559122378,0.46120419672557283,/content/outputs/inference/answersheet/model_finetune_640_results/res_c4691611121d43e0d2728b2acdb134a7_jpg_6.pkl
337,213,377,224,337,213,376,213,376,223,337,223,nnnnoaee,not,0.7115270495414734,0.3826932143419981,0.5323373004794121,/content/outputs/inference/answersheet/model_finetune_640_results/res_c4691611121d43e0d2728b2acdb134a7_jpg_7.pkl
309,378,380,393,311,378,379,378,379,392,311,392,thehae,the,0.6538763046264648,0.3078737370669842,0.554560050368309,/content/outputs/inference/answersheet/model_finetune_640_results/res_c4691611121d43e0d2728b2acdb134a7_jpg_8.pkl
214,90,256,104,214,90,255,90,255,103,214,103,nafndee,news,0.6460586786270142,0.153583682009152,0.4567477166652679,/content/outputs/inference/answersheet/model_finetune_640_results/res_c4691611121d43e0d2728b2acdb134a7_jpg_9.pkl
299,357,338,368,299,357,337,357,337,367,299,367,aaaatae,the,0.5643610954284668,0.24396443154130662,0.5556666720658541,/content/outputs/inference/answersheet/model_finetune_640_results/res_c4691611121d43e0d2728b2acdb134a7_jpg_10.pkl
336,223,407,236,336,223,406,223,406,235,336,235,tfdedee,strefter,0.7003252506256104,0.17564347386360168,0.4174085971381929,/content/outputs/inference/answersheet/model_finetune_640_results/res_c4691611121d43e0d2728b2acdb134a7_jpg_11.pkl
183,342,299,361,189,342,297,342,297,357,189,357,teetetttan,coffeen,0.5111952424049377,0.21720437332987785,0.4459369480609894,/content/outputs/inference/answersheet/model_finetune_640_results/res_c4691611121d43e0d2728b2acdb134a7_jpg_12.pkl
16,256,85,268,16,256,84,256,84,267,16,267,nnleedepaeadaaed,breading,0.7325484156608582,0.12515296740457416,0.3954822172721227,/content/outputs/inference/answersheet/model_finetune_640_results/res_c4691611121d43e0d2728b2acdb134a7_jpg_13.pkl
189,346,276,358,192,346,275,346,275,357,192,357,aateaeeatfttto,coffeen,0.5381893515586853,0.18365452332156046,0.465951643884182,/content/outputs/inference/answersheet/model_finetune_640_results/res_c4691611121d43e0d2728b2acdb134a7_jpg_14.pkl
83,313,128,325,83,313,126,313,126,323,83,323,dahhhaaaa,from,0.5005577206611633,0.28906603819794124,0.5784222319722175,/content/outputs/inference/answersheet/model_finetune_640_results/res_c4691611121d43e0d2728b2acdb134a7_jpg_15.pkl
235,358,291,371,238,360,290,360,290,370,238,370,neeeppead,news,0.6184012293815613,0.16625650227069855,0.4783760577440262,/content/outputs/inference/answersheet/model_finetune_640_results/res_c4691611121d43e0d2728b2acdb134a7_jpg_16.pkl
197,110,308,124,205,110,307,110,307,123,205,123,saeftfetntsenn,sate,0.6115381121635437,0.23439032956957817,0.3737248808145523,/content/outputs/inference/answersheet/model_finetune_640_results/res_c4691611121d43e0d2728b2acdb134a7_jpg_17.pkl
11,119,83,133,11,119,81,119,81,131,11,131,aseaase,sale,0.6215184926986694,0.23842012882232666,0.4778917729854584,/content/outputs/inference/answersheet/model_finetune_640_results/res_c4691611121d43e0d2728b2acdb134a7_jpg_18.pkl
297,368,340,379,300,368,339,368,339,378,300,378,aassfheeeeeeeee,the,0.5349774956703186,0.19121144562959672,0.658583264797926,/content/outputs/inference/answersheet/model_finetune_640_results/res_c4691611121d43e0d2728b2acdb134a7_jpg_19.pkl
119,377,159,390,121,377,158,377,158,389,121,389,dddfdhleedddee,the,0.5957831740379333,0.21744513085910253,0.6651735361665487,/content/outputs/inference/answersheet/model_finetune_640_results/res_c4691611121d43e0d2728b2acdb134a7_jpg_20.pkl
121,356,183,368,121,356,182,356,182,367,121,367,tocdeteseeaaaannee,come,0.6542693972587585,0.19287017401721743,0.3512240141630173,/content/outputs/inference/answersheet/model_finetune_640_results/res_c4691611121d43e0d2728b2acdb134a7_jpg_21.pkl
14,92,55,102,14,92,54,92,54,101,14,101,fnnnaaaaaaaaaas,from,0.7373372316360474,0.17913500120242437,0.6732521653175354,/content/outputs/inference/answersheet/model_finetune_640_results/res_c4691611121d43e0d2728b2acdb134a7_jpg_22.pkl
311,111,336,121,311,111,335,111,335,120,311,120,tthhhheeae,the,0.6622054576873779,0.26112807020545004,0.5850582793354988,/content/outputs/inference/answersheet/model_finetune_640_results/res_c4691611121d43e0d2728b2acdb134a7_jpg_23.pkl
217,369,276,381,219,369,274,369,274,379,219,379,ooodollaaaaaaayyddeee,offee,0.6167643666267395,0.14662882721140272,0.47539549320936203,/content/outputs/inference/answersheet/model_finetune_640_results/res_c4691611121d43e0d2728b2acdb134a7_jpg_24.pkl
124,357,150,368,124,357,149,357,149,367,124,367,fccoceeeteeeeeseaeeeenee,for,0.6346576809883118,0.15411882133533558,0.4291235040873289,/content/outputs/inference/answersheet/model_finetune_640_results/res_c4691611121d43e0d2728b2acdb134a7_jpg_25.pkl
193,346,227,356,193,346,226,346,226,355,193,355,aatateaeee,date,0.5849459171295166,0.1836250089108944,0.6327562458813191,/content/outputs/inference/answersheet/model_finetune_640_results/res_c4691611121d43e0d2728b2acdb134a7_jpg_26.pkl
12,254,61,265,15,254,60,254,60,264,15,264,aatfkheeeeeee,spe,0.5184099674224854,0.16475200882324806,0.2223055548965931,/content/outputs/inference/answersheet/model_finetune_640_results/res_c4691611121d43e0d2728b2acdb134a7_jpg_27.pkl
14,94,88,107,14,94,87,94,87,106,14,106,nnasssasaasaddd,from,0.6303069591522217,0.24361215829849242,0.6137646839022637,/content/outputs/inference/answersheet/model_finetune_640_results/res_c4691611121d43e0d2728b2acdb134a7_jpg_28.pkl
10,245,47,257,10,245,46,245,46,256,10,256,naaae,from,0.5950860381126404,0.2287548989057541,0.5678820550441742,/content/outputs/inference/answersheet/model_finetune_640_results/res_c4691611121d43e0d2728b2acdb134a7_jpg_29.pkl
225,347,294,360,225,347,293,347,293,359,225,359,laaettttammn,from,0.5966484546661377,0.21946787958343825,0.4649603173136711,/content/outputs/inference/answersheet/model_finetune_640_results/res_c4691611121d43e0d2728b2acdb134a7_jpg_30.pkl
386,336,407,347,386,336,406,336,406,346,386,346,tttuuu,to,0.7402756810188293,0.2924727536737919,0.7835843563079834,/content/outputs/inference/answersheet/model_finetune_640_results/res_c4691611121d43e0d2728b2acdb134a7_jpg_31.pkl
9,107,96,120,12,107,95,107,95,119,12,119,saleeeesstttlteeeeeee,sale,0.5771331191062927,0.22385212459734508,0.41125030517578126,/content/outputs/inference/answersheet/model_finetune_640_results/res_c4691611121d43e0d2728b2acdb134a7_jpg_32.pkl
246,246,326,262,246,246,325,246,325,261,246,261,aossaaaaaaanaseee,subject,0.5871275067329407,0.23382941545809016,0.4769484642893076,/content/outputs/inference/answersheet/model_finetune_640_results/res_c4691611121d43e0d2728b2acdb134a7_jpg_33.pkl
17,267,41,278,17,267,40,267,40,277,17,277,aaaaaaatttitlltpt,att,0.6239774227142334,0.21871473903165145,0.5380861386656761,/content/outputs/inference/answersheet/model_finetune_640_results/res_c4691611121d43e0d2728b2acdb134a7_jpg_34.pkl
330,223,411,251,329,225,409,222,411,246,330,250,stoetteedwwwe,some,0.5213948488235474,0.20710390290388694,0.29349626749753954,/content/outputs/inference/answersheet/model_finetune_640_results/res_c4691611121d43e0d2728b2acdb134a7_jpg_35.pkl
