200,99,267,112,200,99,266,99,266,111,200,111,ottatinn,offeen,0.8375310301780701,0.19111388828605413,0.4646947660616466,/content/outputs/inference/answersheet/model_finetune_640_results/res_26cfe477a4324bb80d57f3bb6dde40d0_jpg_0.pkl
127,99,188,112,127,99,187,99,187,111,127,111,nnaaaaaeeeee,subject,0.7845181822776794,0.2152602399388949,0.528868218883872,/content/outputs/inference/answersheet/model_finetune_640_results/res_26cfe477a4324bb80d57f3bb6dde40d0_jpg_1.pkl
67,99,106,113,67,99,105,99,105,112,67,112,yeeessrrrrhes,from,0.5564506649971008,0.14045613488325706,0.5304168663918972,/content/outputs/inference/answersheet/model_finetune_640_results/res_26cfe477a4324bb80d57f3bb6dde40d0_jpg_2.pkl
246,122,266,130,246,122,265,122,265,129,246,129,bateee,but,0.613472044467926,0.17397041618824005,0.554603099822998,/content/outputs/inference/answersheet/model_finetune_640_results/res_26cfe477a4324bb80d57f3bb6dde40d0_jpg_3.pkl
189,235,260,248,192,235,259,235,259,247,192,247,nfehhdddddddeee,the,0.5537028312683105,0.17805721362431845,0.3803403554484248,/content/outputs/inference/answersheet/model_finetune_640_results/res_26cfe477a4324bb80d57f3bb6dde40d0_jpg_4.pkl
206,132,273,146,206,132,272,132,272,145,206,145,neaause,from,0.5375186204910278,0.14324594608375005,0.5211170077323913,/content/outputs/inference/answersheet/model_finetune_640_results/res_26cfe477a4324bb80d57f3bb6dde40d0_jpg_5.pkl
64,256,135,269,64,256,132,256,132,268,64,268,ttnaaallds,the,0.5988389253616333,0.1394707478582859,0.2928162943571806,/content/outputs/inference/answersheet/model_finetune_640_results/res_26cfe477a4324bb80d57f3bb6dde40d0_jpg_6.pkl
246,125,267,133,246,125,266,125,266,132,246,132,adaaabndnnedtdtddddeeeeeee,but,0.6001909971237183,0.13198134761590224,0.5626410618424416,/content/outputs/inference/answersheet/model_finetune_640_results/res_26cfe477a4324bb80d57f3bb6dde40d0_jpg_7.pkl
113,258,133,269,113,258,132,258,132,268,113,268,aaaeeegyyss,the,0.5881538391113281,0.17912927337668158,0.6584120392799377,/content/outputs/inference/answersheet/model_finetune_640_results/res_26cfe477a4324bb80d57f3bb6dde40d0_jpg_8.pkl
284,129,380,142,293,129,379,129,379,141,293,141,sadddsetytee,collect,0.5127012133598328,0.19739891650776067,0.4550788328051567,/content/outputs/inference/answersheet/model_finetune_640_results/res_26cfe477a4324bb80d57f3bb6dde40d0_jpg_9.pkl
286,234,347,247,286,234,346,234,346,246,286,246,paaaaaaaas,compers,0.6240596771240234,0.2223413407802582,0.45924998447299004,/content/outputs/inference/answersheet/model_finetune_640_results/res_26cfe477a4324bb80d57f3bb6dde40d0_jpg_10.pkl
