159,241,215,255,159,241,213,241,213,253,159,253,eessea3sse,refery,0.7055017948150635,0.25455290973186495,0.5592356345483235,/content/outputs/inference/answersheet/model_finetune_640_results/res_a4b37bbe1c215060d0b471ef0e4f804d_jpg_0.pkl
312,395,372,408,312,395,369,395,369,407,312,407,trrudrkee,from,0.6947243213653564,0.15955626964569092,0.6289537906646728,/content/outputs/inference/answersheet/model_finetune_640_results/res_a4b37bbe1c215060d0b471ef0e4f804d_jpg_1.pkl
144,185,189,200,144,185,188,185,188,199,144,199,ssrs,from,0.6859622597694397,0.21959050558507442,0.4990407958626747,/content/outputs/inference/answersheet/model_finetune_640_results/res_a4b37bbe1c215060d0b471ef0e4f804d_jpg_2.pkl
51,296,127,311,51,296,126,296,126,310,51,310,seeegggyyyttowka,restation,0.7002743482589722,0.23430580226704478,0.5749361619353295,/content/outputs/inference/answersheet/model_finetune_640_results/res_a4b37bbe1c215060d0b471ef0e4f804d_jpg_3.pkl
319,298,384,312,322,298,383,298,383,311,322,311,bbbsfpwaene,from,0.6764376759529114,0.16605939038775183,0.6220157623291016,/content/outputs/inference/answersheet/model_finetune_640_results/res_a4b37bbe1c215060d0b471ef0e4f804d_jpg_4.pkl
136,394,177,406,136,394,176,394,176,405,136,405,f,for,0.7167011499404907,0.10541819781064987,0.6121191363781691,/content/outputs/inference/answersheet/model_finetune_640_results/res_a4b37bbe1c215060d0b471ef0e4f804d_jpg_5.pkl
42,370,105,383,42,370,104,370,104,382,42,382,fesffftrtttastkrr,from,0.671440601348877,0.2157219871878624,0.6318719506263732,/content/outputs/inference/answersheet/model_finetune_640_results/res_a4b37bbe1c215060d0b471ef0e4f804d_jpg_6.pkl
118,17,312,34,122,19,310,19,310,32,122,32,seoeeseii,compersity,0.5299810767173767,0.15358135104179382,0.46023345264521515,/content/outputs/inference/answersheet/model_finetune_640_results/res_a4b37bbe1c215060d0b471ef0e4f804d_jpg_7.pkl
67,44,85,52,67,44,84,44,84,51,67,51,fffffffggdeeooooo9os9ososossssssssoo,for,0.6585975289344788,0.2761426149970955,0.8048278614878654,/content/outputs/inference/answersheet/model_finetune_640_results/res_a4b37bbe1c215060d0b471ef0e4f804d_jpg_8.pkl
184,84,204,93,184,84,203,84,203,92,184,92,d8e800deees,do,0.782600998878479,0.15936481072144074,0.4995501587788264,/content/outputs/inference/answersheet/model_finetune_640_results/res_a4b37bbe1c215060d0b471ef0e4f804d_jpg_9.pkl
174,19,241,33,174,19,240,19,240,32,174,32,fpaee,the,0.5060650110244751,0.1982633426785469,0.5294748935848475,/content/outputs/inference/answersheet/model_finetune_640_results/res_a4b37bbe1c215060d0b471ef0e4f804d_jpg_10.pkl
336,284,385,296,336,284,383,284,383,294,336,294,fffffbeeeeee,for,0.6492117047309875,0.23957800678908825,0.5463935509324074,/content/outputs/inference/answersheet/model_finetune_640_results/res_a4b37bbe1c215060d0b471ef0e4f804d_jpg_11.pkl
195,173,213,182,195,173,212,173,212,181,195,181,40ts,to,0.6001218557357788,0.11513243056833744,0.6553869048754374,/content/outputs/inference/answersheet/model_finetune_640_results/res_a4b37bbe1c215060d0b471ef0e4f804d_jpg_12.pkl
190,212,206,219,190,212,205,212,205,218,190,218,fffffffffffftttttdtone,for,0.7697569727897644,0.29688778350299055,0.7309673354029655,/content/outputs/inference/answersheet/model_finetune_640_results/res_a4b37bbe1c215060d0b471ef0e4f804d_jpg_13.pkl
81,128,96,135,81,128,95,128,95,134,81,134,dddddddddsssss99,do,0.5909187197685242,0.1729381624609232,0.4447680711746216,/content/outputs/inference/answersheet/model_finetune_640_results/res_a4b37bbe1c215060d0b471ef0e4f804d_jpg_14.pkl
38,242,57,251,38,242,56,242,56,250,38,250,kkkkkkkksakessssssssssss,for,0.5034115314483643,0.26399086850384873,0.5313175898045301,/content/outputs/inference/answersheet/model_finetune_640_results/res_a4b37bbe1c215060d0b471ef0e4f804d_jpg_15.pkl
40,371,66,381,40,371,65,371,65,380,40,380,ffffffffnneeeessssssssssssssssde,from,0.5745486617088318,0.1834441856481135,0.6756646513938904,/content/outputs/inference/answersheet/model_finetune_640_results/res_a4b37bbe1c215060d0b471ef0e4f804d_jpg_16.pkl
247,20,309,32,247,20,308,20,308,31,247,31,tseoaaaahhhte,from,0.618423342704773,0.17843734472990036,0.6248063519597054,/content/outputs/inference/answersheet/model_finetune_640_results/res_a4b37bbe1c215060d0b471ef0e4f804d_jpg_17.pkl
95,172,112,181,95,172,111,172,111,180,95,180,ddty,to,0.7497153878211975,0.16727077960968018,0.5366702179114023,/content/outputs/inference/answersheet/model_finetune_640_results/res_a4b37bbe1c215060d0b471ef0e4f804d_jpg_18.pkl
51,20,110,32,53,20,109,20,109,31,53,31,tooyssysaetaeeeee,town,0.6884421110153198,0.214294953381314,0.4038902074098587,/content/outputs/inference/answersheet/model_finetune_640_results/res_a4b37bbe1c215060d0b471ef0e4f804d_jpg_19.pkl
218,300,264,314,220,300,260,300,260,313,220,313,ssesooee,sale,0.5107319355010986,0.23677060659974813,0.4875509083271027,/content/outputs/inference/answersheet/model_finetune_640_results/res_a4b37bbe1c215060d0b471ef0e4f804d_jpg_20.pkl
45,185,88,199,45,185,87,185,87,198,45,198,esrftta,for,0.6207250952720642,0.24317273604018347,0.42834601178765297,/content/outputs/inference/answersheet/model_finetune_640_results/res_a4b37bbe1c215060d0b471ef0e4f804d_jpg_21.pkl
270,286,286,295,270,286,285,286,285,294,270,294,eeeedeseeettt,the,0.6480042338371277,0.12024641839357522,0.6119475727900863,/content/outputs/inference/answersheet/model_finetune_640_results/res_a4b37bbe1c215060d0b471ef0e4f804d_jpg_22.pkl
88,228,105,236,88,228,104,228,104,235,88,235,dsdsssseddseoddy,the,0.620125412940979,0.1733346665278077,0.5114615242928267,/content/outputs/inference/answersheet/model_finetune_640_results/res_a4b37bbe1c215060d0b471ef0e4f804d_jpg_23.pkl
42,140,63,150,42,140,62,140,62,149,42,149,kkggggggkgggeggtgggtttttss,for,0.7021232843399048,0.1602831594645977,0.601773340255022,/content/outputs/inference/answersheet/model_finetune_640_results/res_a4b37bbe1c215060d0b471ef0e4f804d_jpg_24.pkl
70,211,87,218,70,211,86,211,86,217,70,217,ffffffffffff4ffg4fgg4saaaandssssossossseeeeeeeeeeeeee,for,0.6406581401824951,0.2557113984564565,0.6489297822117805,/content/outputs/inference/answersheet/model_finetune_640_results/res_a4b37bbe1c215060d0b471ef0e4f804d_jpg_25.pkl
60,284,80,293,60,284,79,284,79,292,60,292,ffffsppppaaae,for,0.5684316754341125,0.3381414379064853,0.6611505076289177,/content/outputs/inference/answersheet/model_finetune_640_results/res_a4b37bbe1c215060d0b471ef0e4f804d_jpg_26.pkl
10,8,41,18,10,8,40,8,40,17,10,17,aaeeee,from,0.7043197154998779,0.2625473216176033,0.6873151540756226,/content/outputs/inference/answersheet/model_finetune_640_results/res_a4b37bbe1c215060d0b471ef0e4f804d_jpg_27.pkl
72,67,91,75,72,67,90,67,90,74,72,74,4aaaaaaatt,4,0.5937231779098511,0.18088532388210296,0.3881514146924019,/content/outputs/inference/answersheet/model_finetune_640_results/res_a4b37bbe1c215060d0b471ef0e4f804d_jpg_28.pkl
51,12,85,21,51,12,84,12,84,20,51,20,eooooooooooaahhhhhhdddd,for,0.7193922996520996,0.21723447416139685,0.373760555870831,/content/outputs/inference/answersheet/model_finetune_640_results/res_a4b37bbe1c215060d0b471ef0e4f804d_jpg_29.pkl
168,67,186,76,168,67,185,67,185,75,168,75,sttrtrrttrrr,off,0.6642626523971558,0.19959868987401327,0.6151862684637308,/content/outputs/inference/answersheet/model_finetune_640_results/res_a4b37bbe1c215060d0b471ef0e4f804d_jpg_30.pkl
116,301,129,308,116,301,128,301,128,307,116,307,aaoo,and,0.5311444997787476,0.37657493725419044,0.7654155269265175,/content/outputs/inference/answersheet/model_finetune_640_results/res_a4b37bbe1c215060d0b471ef0e4f804d_jpg_31.pkl
178,154,196,164,178,154,195,154,195,163,178,163,ffff44f44444g1oooooo9,for,0.7509365081787109,0.17927783124503635,0.7073727771639824,/content/outputs/inference/answersheet/model_finetune_640_results/res_a4b37bbe1c215060d0b471ef0e4f804d_jpg_32.pkl
272,345,287,353,272,345,286,345,286,352,272,352,f4oooooos,40,0.5499037504196167,0.2007594241036309,0.42448527614275616,/content/outputs/inference/answersheet/model_finetune_640_results/res_a4b37bbe1c215060d0b471ef0e4f804d_jpg_33.pkl
54,22,78,30,54,22,77,22,77,29,54,29,tteeooyayyyyyyyaaaaaaaaaeaaaee,for,0.5172929167747498,0.2655090257525444,0.49596981331706047,/content/outputs/inference/answersheet/model_finetune_640_results/res_a4b37bbe1c215060d0b471ef0e4f804d_jpg_34.pkl
259,265,275,276,259,265,274,265,274,275,259,275,fffpppppppooppooooooooos,for,0.6454886794090271,0.1998510972286264,0.6686448976397514,/content/outputs/inference/answersheet/model_finetune_640_results/res_a4b37bbe1c215060d0b471ef0e4f804d_jpg_35.pkl
161,172,213,183,163,172,212,172,212,182,163,182,fffotadd00,for,0.5292901396751404,0.24594424962997435,0.6210426613688469,/content/outputs/inference/answersheet/model_finetune_640_results/res_a4b37bbe1c215060d0b471ef0e4f804d_jpg_36.pkl
