267,316,313,328,267,316,312,316,312,327,267,327,eaaaaaaaaeeeeeee,come,0.5465614795684814,0.20689766947180033,0.3893316924571991,/content/outputs/inference/answersheet/model_finetune_640_results/res_1a6e87e4ea778665621ac906d6f1fe92_jpg_0.pkl
315,216,383,230,318,216,382,216,382,229,318,229,yaeeene,from,0.7588784694671631,0.19282418808766774,0.49716118574142454,/content/outputs/inference/answersheet/model_finetune_640_results/res_1a6e87e4ea778665621ac906d6f1fe92_jpg_1.pkl
100,340,120,350,100,340,119,340,119,349,100,349,faaaa,from,0.6220511794090271,0.19471966177225114,0.7108351647853851,/content/outputs/inference/answersheet/model_finetune_640_results/res_1a6e87e4ea778665621ac906d6f1fe92_jpg_2.pkl
300,205,339,218,300,205,338,205,338,217,300,217,ae,from,0.7642615437507629,0.20013917982578278,0.6114347890019417,/content/outputs/inference/answersheet/model_finetune_640_results/res_1a6e87e4ea778665621ac906d6f1fe92_jpg_3.pkl
147,205,203,218,147,205,202,205,202,217,147,217,ddeeree,the,0.5401245355606079,0.18254261889628,0.46862566377967596,/content/outputs/inference/answersheet/model_finetune_640_results/res_1a6e87e4ea778665621ac906d6f1fe92_jpg_4.pkl
81,240,154,251,81,240,153,240,153,250,81,250,ffsaeee,from,0.5148897171020508,0.2170835914356368,0.5147697895765304,/content/outputs/inference/answersheet/model_finetune_640_results/res_1a6e87e4ea778665621ac906d6f1fe92_jpg_5.pkl
3,26,64,39,3,26,63,26,63,38,3,38,ateeat,state,0.5705709457397461,0.1504108359416326,0.39736789216597873,/content/outputs/inference/answersheet/model_finetune_640_results/res_1a6e87e4ea778665621ac906d6f1fe92_jpg_6.pkl
76,273,137,285,76,273,136,273,136,284,76,284,eassaiyee,sale,0.5096178650856018,0.15502500782410303,0.4574137687683105,/content/outputs/inference/answersheet/model_finetune_640_results/res_1a6e87e4ea778665621ac906d6f1fe92_jpg_7.pkl
101,353,126,362,101,353,125,353,125,361,101,361,tgfeeaaaaaaaaaaaaaaaaattt,from,0.6353986263275146,0.10927298754453658,0.6252748742699623,/content/outputs/inference/answersheet/model_finetune_640_results/res_1a6e87e4ea778665621ac906d6f1fe92_jpg_8.pkl
345,204,411,217,345,204,410,204,410,216,345,216,ediaaeeres,collers,0.5282458662986755,0.18814594596624373,0.4372283574193716,/content/outputs/inference/answersheet/model_finetune_640_results/res_1a6e87e4ea778665621ac906d6f1fe92_jpg_9.pkl
9,27,35,39,9,27,34,27,34,38,9,38,esteeeeaaae,the,0.6586877703666687,0.19044712321324783,0.5767915304750204,/content/outputs/inference/answersheet/model_finetune_640_results/res_1a6e87e4ea778665621ac906d6f1fe92_jpg_10.pkl
301,208,324,217,301,208,323,208,323,216,301,216,taaaaaaaaaa,from,0.5388754606246948,0.1956518360159614,0.6499827161431313,/content/outputs/inference/answersheet/model_finetune_640_results/res_1a6e87e4ea778665621ac906d6f1fe92_jpg_11.pkl
209,206,249,218,209,206,248,206,248,217,209,217,eeeoooeeegaaaaaaaaaaaaaaaaaahhee,come,0.7381798624992371,0.19240963645279408,0.3256295442581177,/content/outputs/inference/answersheet/model_finetune_640_results/res_1a6e87e4ea778665621ac906d6f1fe92_jpg_12.pkl
148,273,187,284,148,273,186,273,186,283,148,283,ahade,the,0.5713212490081787,0.13111187815666198,0.4090390298515558,/content/outputs/inference/answersheet/model_finetune_640_results/res_1a6e87e4ea778665621ac906d6f1fe92_jpg_13.pkl
