43,11,90,22,43,11,86,11,86,20,43,20,seooodd,some,0.500193178653717,0.16744243779352733,0.5106698274612427,/content/outputs/inference/answersheet/model_finetune_640_results/res_0fde2b40b1f437626ef2ca0be8e94e8e_jpg_0.pkl
103,31,161,43,106,31,160,31,160,42,106,42,neeweeeeeeee,from,0.7625514268875122,0.2131616696715355,0.4943735599517822,/content/outputs/inference/answersheet/model_finetune_640_results/res_0fde2b40b1f437626ef2ca0be8e94e8e_jpg_1.pkl
213,323,230,332,213,323,229,323,229,331,213,331,fffk44ttt4,49,0.7910407185554504,0.3284142926335335,0.48529646794001263,/content/outputs/inference/answersheet/model_finetune_640_results/res_0fde2b40b1f437626ef2ca0be8e94e8e_jpg_2.pkl
225,295,241,306,225,295,240,295,240,305,225,305,odddddddddooooot,19,0.5286117196083069,0.11444951454177499,0.42933086057504016,/content/outputs/inference/answersheet/model_finetune_640_results/res_0fde2b40b1f437626ef2ca0be8e94e8e_jpg_3.pkl
219,164,256,176,219,164,255,164,255,175,219,175,cgccd,crom,0.5348798036575317,0.1648383304476738,0.32385237216949464,/content/outputs/inference/answersheet/model_finetune_640_results/res_0fde2b40b1f437626ef2ca0be8e94e8e_jpg_4.pkl
185,266,210,278,185,266,209,266,209,277,185,277,ft111111i1add9dddddn,the,0.887677013874054,0.108823168464005,0.6063611842691898,/content/outputs/inference/answersheet/model_finetune_640_results/res_0fde2b40b1f437626ef2ca0be8e94e8e_jpg_5.pkl
215,216,235,229,215,216,234,216,234,228,215,228,4dddyyddddddddd7dy,of,0.8540024161338806,0.18274557259347704,0.4801104664802551,/content/outputs/inference/answersheet/model_finetune_640_results/res_0fde2b40b1f437626ef2ca0be8e94e8e_jpg_6.pkl
283,19,369,31,283,19,368,19,368,30,283,30,netdeestyteiiis,drist,0.5094006657600403,0.22643983215093613,0.3551652679840724,/content/outputs/inference/answersheet/model_finetune_640_results/res_0fde2b40b1f437626ef2ca0be8e94e8e_jpg_7.pkl
173,20,229,31,176,20,228,20,228,30,176,30,tttabddyyeaeeeet,the,0.6547188758850098,0.16122683882713318,0.4571148753166199,/content/outputs/inference/answersheet/model_finetune_640_results/res_0fde2b40b1f437626ef2ca0be8e94e8e_jpg_8.pkl
180,189,199,199,180,189,198,189,198,198,180,198,cckkkc44444191eee1eeeppppddppppppdpd,kid,0.7636743783950806,0.18679109764181906,0.5654602944850922,/content/outputs/inference/answersheet/model_finetune_640_results/res_0fde2b40b1f437626ef2ca0be8e94e8e_jpg_9.pkl
174,242,233,254,174,242,232,242,232,253,174,253,ttgosyeaadee,the,0.5919479727745056,0.18444237609704336,0.5250743180513382,/content/outputs/inference/answersheet/model_finetune_640_results/res_0fde2b40b1f437626ef2ca0be8e94e8e_jpg_10.pkl
193,110,216,121,193,110,215,110,215,120,193,120,19eeeeepdo0,10,0.7943885326385498,0.18247151578014548,0.3307250340779622,/content/outputs/inference/answersheet/model_finetune_640_results/res_0fde2b40b1f437626ef2ca0be8e94e8e_jpg_11.pkl
225,142,242,150,225,142,241,142,241,149,225,149,4444aae0yyyyyyy,to,0.8299363851547241,0.31048273742198945,0.44676739970843,/content/outputs/inference/answersheet/model_finetune_640_results/res_0fde2b40b1f437626ef2ca0be8e94e8e_jpg_12.pkl
202,243,231,253,202,243,230,243,230,252,202,252,111ddddd,and,0.5082286596298218,0.22777513414621353,0.662261176854372,/content/outputs/inference/answersheet/model_finetune_640_results/res_0fde2b40b1f437626ef2ca0be8e94e8e_jpg_13.pkl
100,20,157,31,100,20,156,20,156,30,100,30,tfffeeee,forder,0.7101317644119263,0.23035372607409954,0.4303246800388609,/content/outputs/inference/answersheet/model_finetune_640_results/res_0fde2b40b1f437626ef2ca0be8e94e8e_jpg_14.pkl
250,316,273,327,250,316,272,316,272,326,250,326,44d,do,0.5576168298721313,0.20892494668563208,0.34661471595366794,/content/outputs/inference/answersheet/model_finetune_640_results/res_0fde2b40b1f437626ef2ca0be8e94e8e_jpg_15.pkl
176,20,206,30,176,20,205,20,205,29,176,29,tt1tat,the,0.5345956087112427,0.1397623618443807,0.6280189827084541,/content/outputs/inference/answersheet/model_finetune_640_results/res_0fde2b40b1f437626ef2ca0be8e94e8e_jpg_16.pkl
161,218,181,228,161,218,180,218,180,227,161,227,ffn,for,0.6699750423431396,0.30207987129688263,0.6263706162571907,/content/outputs/inference/answersheet/model_finetune_640_results/res_0fde2b40b1f437626ef2ca0be8e94e8e_jpg_17.pkl
154,163,180,174,154,163,179,163,179,173,154,173,taahhheyy,they,0.5214414000511169,0.160474241607719,0.6558202236890793,/content/outputs/inference/answersheet/model_finetune_640_results/res_0fde2b40b1f437626ef2ca0be8e94e8e_jpg_18.pkl
178,22,194,29,178,22,193,22,193,28,178,28,11t1111111tt11t1t111111taaaaaaaoae,the,0.6801636815071106,0.158896933802787,0.6779888719320297,/content/outputs/inference/answersheet/model_finetune_640_results/res_0fde2b40b1f437626ef2ca0be8e94e8e_jpg_19.pkl
157,20,278,31,174,20,271,20,271,30,174,30,tbeeeee,ibbution,0.5414348244667053,0.2309857032128743,0.5510607494248284,/content/outputs/inference/answersheet/model_finetune_640_results/res_0fde2b40b1f437626ef2ca0be8e94e8e_jpg_20.pkl
203,55,226,65,203,55,225,55,225,64,203,64,g1ttttttt77hhd000d000,110,0.8343438506126404,0.1676949926075481,0.4893653132021427,/content/outputs/inference/answersheet/model_finetune_640_results/res_0fde2b40b1f437626ef2ca0be8e94e8e_jpg_21.pkl
163,298,181,307,163,298,180,298,180,306,163,306,ftftssstshhhfe,the,0.6203604936599731,0.1926735474595002,0.7193909958004951,/content/outputs/inference/answersheet/model_finetune_640_results/res_0fde2b40b1f437626ef2ca0be8e94e8e_jpg_22.pkl
238,345,261,357,238,345,260,345,260,356,238,356,44444a9,49,0.5607224106788635,0.40976268691676004,0.44625507791837055,/content/outputs/inference/answersheet/model_finetune_640_results/res_0fde2b40b1f437626ef2ca0be8e94e8e_jpg_23.pkl
291,33,318,42,291,33,317,33,317,41,291,41,tuaaaaaaaadttttttt,that,0.595657467842102,0.3722124848928716,0.6361218392848969,/content/outputs/inference/answersheet/model_finetune_640_results/res_0fde2b40b1f437626ef2ca0be8e94e8e_jpg_24.pkl
276,21,296,30,276,21,295,21,295,29,276,29,tttuttttttllleeeat,the,0.5843983292579651,0.18950879615214136,0.5139191299676895,/content/outputs/inference/answersheet/model_finetune_640_results/res_0fde2b40b1f437626ef2ca0be8e94e8e_jpg_25.pkl
296,21,322,30,296,21,321,21,321,29,296,29,tttdda,ide,0.56703782081604,0.28111367175976437,0.6629742383956909,/content/outputs/inference/answersheet/model_finetune_640_results/res_0fde2b40b1f437626ef2ca0be8e94e8e_jpg_26.pkl
254,241,284,254,254,241,283,241,283,253,254,253,eeee,can,0.6945192813873291,0.2103480938822031,0.3126443177461624,/content/outputs/inference/answersheet/model_finetune_640_results/res_0fde2b40b1f437626ef2ca0be8e94e8e_jpg_27.pkl
