147,99,198,110,147,99,195,99,195,109,147,109,aaaeeeeeeeeeee,sender,0.6847822666168213,0.09925798113856997,0.5220432515655246,/content/outputs/inference/answersheet/model_finetune_640_results/res_80e00e7b409cfae2fef9ed01a3763260_jpg_0.pkl
71,339,148,352,73,339,147,339,147,351,73,351,sdeaeee,coffee,0.5135354995727539,0.28937758931091856,0.47403830396277563,/content/outputs/inference/answersheet/model_finetune_640_results/res_80e00e7b409cfae2fef9ed01a3763260_jpg_1.pkl
53,10,76,19,53,10,75,10,75,18,53,18,raeaoaooaooaaaaeaaaee,from,0.832163393497467,0.10764998552345094,0.6610311657190323,/content/outputs/inference/answersheet/model_finetune_640_results/res_80e00e7b409cfae2fef9ed01a3763260_jpg_2.pkl
51,10,115,22,51,10,114,10,114,21,51,21,haetssoodo,more,0.561651349067688,0.14449072629213333,0.31430527865886687,/content/outputs/inference/answersheet/model_finetune_640_results/res_80e00e7b409cfae2fef9ed01a3763260_jpg_3.pkl
258,100,285,109,258,100,284,100,284,108,258,108,saaaaee,sale,0.718668520450592,0.1740354916879109,0.6048897266387939,/content/outputs/inference/answersheet/model_finetune_640_results/res_80e00e7b409cfae2fef9ed01a3763260_jpg_4.pkl
280,110,306,119,280,110,305,110,305,118,280,118,tbbaanse,sender,0.6487758159637451,0.0771735729649663,0.4409822161708559,/content/outputs/inference/answersheet/model_finetune_640_results/res_80e00e7b409cfae2fef9ed01a3763260_jpg_5.pkl
211,384,345,395,211,384,342,384,342,394,211,394,peeeseseooanee,messageid,0.5030831694602966,0.17497502959200315,0.6502788633108139,/content/outputs/inference/answersheet/model_finetune_640_results/res_80e00e7b409cfae2fef9ed01a3763260_jpg_6.pkl
307,100,327,108,307,100,326,100,326,107,307,107,aannannanttttttt,and,0.8222163319587708,0.12055199360474944,0.5868723839521408,/content/outputs/inference/answersheet/model_finetune_640_results/res_80e00e7b409cfae2fef9ed01a3763260_jpg_7.pkl
137,122,163,132,137,122,162,122,162,131,137,131,haee,shop,0.6461519598960876,0.16379503905773163,0.36568587422370913,/content/outputs/inference/answersheet/model_finetune_640_results/res_80e00e7b409cfae2fef9ed01a3763260_jpg_8.pkl
218,98,241,107,218,98,240,98,240,106,218,106,htsssyssyyss,the,0.8282589316368103,0.2613999495903651,0.44117435440421104,/content/outputs/inference/answersheet/model_finetune_640_results/res_80e00e7b409cfae2fef9ed01a3763260_jpg_9.pkl
320,111,344,119,320,111,343,111,343,118,320,118,eeeaaaaa,can,0.670516848564148,0.16756113711744547,0.38252634555101395,/content/outputs/inference/answersheet/model_finetune_640_results/res_80e00e7b409cfae2fef9ed01a3763260_jpg_10.pkl
3,85,38,96,3,85,37,85,37,95,3,95,eeeas,from,0.5916790962219238,0.169405697286129,0.6179478704929352,/content/outputs/inference/answersheet/model_finetune_640_results/res_80e00e7b409cfae2fef9ed01a3763260_jpg_11.pkl
