213,90,262,103,213,90,261,90,261,102,213,102,tteaetaitsast,from,0.6719998121261597,0.21688337337512237,0.5570150017738342,/content/outputs/inference/answersheet/model_finetune_640_results/res_508927b971992f34fc5466f187c367eb_jpg_0.pkl
135,288,191,302,136,290,189,288,190,298,137,301,oodeeeey,come,0.7781078219413757,0.18991167470812798,0.43991681933403015,/content/outputs/inference/answersheet/model_finetune_640_results/res_508927b971992f34fc5466f187c367eb_jpg_1.pkl
101,337,116,345,101,337,115,337,115,344,101,344,aette,for,0.600996732711792,0.14810380339622498,0.5575622171163559,/content/outputs/inference/answersheet/model_finetune_640_results/res_508927b971992f34fc5466f187c367eb_jpg_2.pkl
159,315,174,323,159,315,173,315,173,322,159,322,ooa,of,0.5493699908256531,0.2449501951535543,0.5220581044753393,/content/outputs/inference/answersheet/model_finetune_640_results/res_508927b971992f34fc5466f187c367eb_jpg_3.pkl
135,89,201,103,135,89,200,89,200,102,135,102,eeeoddeeadaddeeere,more,0.5311198234558105,0.12975240664349663,0.3575336679816246,/content/outputs/inference/answersheet/model_finetune_640_results/res_508927b971992f34fc5466f187c367eb_jpg_4.pkl
60,336,101,347,60,336,100,336,100,346,60,346,sssttaaaateddd,from,0.5365567207336426,0.18347942350166185,0.5558406069874764,/content/outputs/inference/answersheet/model_finetune_640_results/res_508927b971992f34fc5466f187c367eb_jpg_5.pkl
179,378,299,391,183,378,297,378,297,389,183,389,eeeoeessaese,colless,0.5737868547439575,0.21891055690745512,0.40355863980948925,/content/outputs/inference/answersheet/model_finetune_640_results/res_508927b971992f34fc5466f187c367eb_jpg_6.pkl
57,379,116,392,57,379,115,379,115,391,57,391,sattee,state,0.5168201923370361,0.24302413562933603,0.5897717078526815,/content/outputs/inference/answersheet/model_finetune_640_results/res_508927b971992f34fc5466f187c367eb_jpg_7.pkl
136,291,154,301,136,291,153,291,153,300,136,300,feeeeoeeoogoooooodddddyyyyy,of,0.7326282858848572,0.23709243370427024,0.6055737435817719,/content/outputs/inference/answersheet/model_finetune_640_results/res_508927b971992f34fc5466f187c367eb_jpg_8.pkl
57,357,86,368,57,357,85,357,85,367,57,367,fttaa,from,0.7533187866210938,0.16819476336240768,0.6615455150604248,/content/outputs/inference/answersheet/model_finetune_640_results/res_508927b971992f34fc5466f187c367eb_jpg_9.pkl
188,313,207,323,188,313,206,313,206,322,188,322,tttttooo9ooso,to,0.7468191981315613,0.19057339888352615,0.7153720657030741,/content/outputs/inference/answersheet/model_finetune_640_results/res_508927b971992f34fc5466f187c367eb_jpg_10.pkl
156,269,173,279,156,269,172,269,172,278,156,278,ggoeooo3,for,0.8141316175460815,0.1270679235458374,0.7372075319290161,/content/outputs/inference/answersheet/model_finetune_640_results/res_508927b971992f34fc5466f187c367eb_jpg_11.pkl
172,291,189,299,172,291,188,291,188,298,172,298,tgeeyy,they,0.8433403968811035,0.18180537968873978,0.6196583390235901,/content/outputs/inference/answersheet/model_finetune_640_results/res_508927b971992f34fc5466f187c367eb_jpg_12.pkl
234,72,257,80,234,72,256,72,256,79,234,79,taaaaaaaaaeeeeeeeeeee,the,0.8342768549919128,0.18607779698712484,0.35853325203061104,/content/outputs/inference/answersheet/model_finetune_640_results/res_508927b971992f34fc5466f187c367eb_jpg_13.pkl
105,81,135,90,105,81,134,81,134,89,105,89,aa,re,0.5602536201477051,0.12684942036867142,0.2795564780632655,/content/outputs/inference/answersheet/model_finetune_640_results/res_508927b971992f34fc5466f187c367eb_jpg_14.pkl
187,58,245,71,187,58,244,58,244,70,187,70,attthittdddd,the,0.5631376504898071,0.14848253193000951,0.421115854755044,/content/outputs/inference/answersheet/model_finetune_640_results/res_508927b971992f34fc5466f187c367eb_jpg_15.pkl
187,61,207,70,187,61,206,61,206,69,187,69,faaaaaaaaaaaaaaalteett,from,0.5898491144180298,0.18045532093806702,0.6241331048309803,/content/outputs/inference/answersheet/model_finetune_640_results/res_508927b971992f34fc5466f187c367eb_jpg_16.pkl
124,313,144,321,124,313,143,313,143,320,124,320,fftoo,for,0.6891149282455444,0.3211540937423706,0.8069742619991302,/content/outputs/inference/answersheet/model_finetune_640_results/res_508927b971992f34fc5466f187c367eb_jpg_17.pkl
58,57,77,69,58,57,76,57,76,68,58,68,tann,the,0.5612258911132812,0.13772331550717354,0.6626344248652458,/content/outputs/inference/answersheet/model_finetune_640_results/res_508927b971992f34fc5466f187c367eb_jpg_18.pkl
123,60,145,69,123,60,144,60,144,68,123,68,ffffffthhhhhhhhhhht,the,0.5802821516990662,0.1631576681607648,0.635701771825552,/content/outputs/inference/answersheet/model_finetune_640_results/res_508927b971992f34fc5466f187c367eb_jpg_19.pkl
272,71,295,78,272,71,294,71,294,77,272,77,aaaaaannnnnnllllaaaaaaalttthhh,bring,0.6290406584739685,0.10611658183236918,0.3903443031013012,/content/outputs/inference/answersheet/model_finetune_640_results/res_508927b971992f34fc5466f187c367eb_jpg_20.pkl
321,70,341,80,321,70,340,70,340,79,321,79,aaaaaaaaaaaaaneeeee,and,0.5070501565933228,0.23809079355315158,0.4711455535143614,/content/outputs/inference/answersheet/model_finetune_640_results/res_508927b971992f34fc5466f187c367eb_jpg_21.pkl
124,312,172,323,124,312,171,312,171,322,124,322,foffeoe,for,0.5875504612922668,0.29248197802475523,0.730684794485569,/content/outputs/inference/answersheet/model_finetune_640_results/res_508927b971992f34fc5466f187c367eb_jpg_22.pkl
