12,65,63,80,15,65,62,65,62,79,15,79,eeeeegeaa,right,0.7044283151626587,0.24105707721577752,0.5862503920992216,/content/outputs/inference/answersheet/model_finetune_640_results/res_2de6c518890b1aa913d85e144d155e51_jpg_0.pkl
179,314,235,327,179,314,234,314,234,326,179,326,atttttttttliimaaeeedd,and,0.8117918372154236,0.33905754273846034,0.40999070927500725,/content/outputs/inference/answersheet/model_finetune_640_results/res_2de6c518890b1aa913d85e144d155e51_jpg_1.pkl
265,104,331,120,265,104,330,107,329,119,265,117,aeee,coffeen,0.5638728141784668,0.2651701532304287,0.5099895466119051,/content/outputs/inference/answersheet/model_finetune_640_results/res_2de6c518890b1aa913d85e144d155e51_jpg_2.pkl
177,281,227,294,177,281,226,281,226,293,177,293,taaeteddd,the,0.6739389896392822,0.24217658076021406,0.48409539833664894,/content/outputs/inference/answersheet/model_finetune_640_results/res_2de6c518890b1aa913d85e144d155e51_jpg_3.pkl
313,7,354,19,313,7,353,7,353,18,313,18,lllladaaaaaoat,from,0.6515220999717712,0.142097213438579,0.6056998580694198,/content/outputs/inference/answersheet/model_finetune_640_results/res_2de6c518890b1aa913d85e144d155e51_jpg_4.pkl
129,3,176,15,129,3,174,3,174,13,129,13,daataa,staring,0.6607702374458313,0.1475785250465075,0.46263766661286354,/content/outputs/inference/answersheet/model_finetune_640_results/res_2de6c518890b1aa913d85e144d155e51_jpg_5.pkl
5,1,68,14,7,1,67,1,67,13,7,13,saee,sale,0.5162245035171509,0.20247955434024334,0.3955687016248703,/content/outputs/inference/answersheet/model_finetune_640_results/res_2de6c518890b1aa913d85e144d155e51_jpg_6.pkl
19,143,60,159,19,143,59,143,59,158,19,158,sssiat,sale,0.5542451739311218,0.27043018490076065,0.5384255021810531,/content/outputs/inference/answersheet/model_finetune_640_results/res_2de6c518890b1aa913d85e144d155e51_jpg_7.pkl
76,68,123,80,76,68,122,68,122,79,76,79,essshaaa,some,0.7363430261611938,0.27321688923984766,0.483329513669014,/content/outputs/inference/answersheet/model_finetune_640_results/res_2de6c518890b1aa913d85e144d155e51_jpg_8.pkl
130,292,166,303,130,292,165,292,165,302,130,302,fttaaaaaaaeeeeeees,the,0.6468890905380249,0.23271182345019448,0.4414992555975914,/content/outputs/inference/answersheet/model_finetune_640_results/res_2de6c518890b1aa913d85e144d155e51_jpg_9.pkl
297,73,363,85,300,73,359,73,359,84,300,84,deeaaaaaeeeh,have,0.5132918953895569,0.28345005338390666,0.5286718100309372,/content/outputs/inference/answersheet/model_finetune_640_results/res_2de6c518890b1aa913d85e144d155e51_jpg_10.pkl
79,89,129,104,81,89,128,89,128,103,81,103,ttisssssttttessa,the,0.5221405625343323,0.3412106288596988,0.35963074862957,/content/outputs/inference/answersheet/model_finetune_640_results/res_2de6c518890b1aa913d85e144d155e51_jpg_11.pkl
223,114,267,128,223,114,266,114,266,127,223,127,affe,from,0.5257095694541931,0.16875990480184555,0.5941147357225418,/content/outputs/inference/answersheet/model_finetune_640_results/res_2de6c518890b1aa913d85e144d155e51_jpg_12.pkl
86,21,134,35,89,21,133,21,133,34,89,34,ayyyafpeeeee,from,0.7181920409202576,0.21107419828573862,0.530830742418766,/content/outputs/inference/answersheet/model_finetune_640_results/res_2de6c518890b1aa913d85e144d155e51_jpg_13.pkl
329,18,355,29,329,18,354,18,354,28,329,28,tttttttaaaharrrprhrhrhhrhre,the,0.5127727389335632,0.15325955053170523,0.724525660276413,/content/outputs/inference/answersheet/model_finetune_640_results/res_2de6c518890b1aa913d85e144d155e51_jpg_14.pkl
286,36,316,49,286,36,315,36,315,48,286,48,fose,for,0.5969395041465759,0.25537747517228127,0.8126809448003769,/content/outputs/inference/answersheet/model_finetune_640_results/res_2de6c518890b1aa913d85e144d155e51_jpg_15.pkl
313,164,337,172,313,164,336,164,336,171,313,171,ttdhdhhhhhheddededee,the,0.5087514519691467,0.2306861136108637,0.5683232024312019,/content/outputs/inference/answersheet/model_finetune_640_results/res_2de6c518890b1aa913d85e144d155e51_jpg_16.pkl
81,13,136,23,85,13,132,13,132,22,85,22,foooaayyyaaaaayyggeegesssssee,from,0.5744484066963196,0.1449132271367928,0.5389217466115952,/content/outputs/inference/answersheet/model_finetune_640_results/res_2de6c518890b1aa913d85e144d155e51_jpg_17.pkl
277,74,301,83,277,74,300,74,300,82,277,82,ohat,from,0.723124086856842,0.14866982586681843,0.5999361485242843,/content/outputs/inference/answersheet/model_finetune_640_results/res_2de6c518890b1aa913d85e144d155e51_jpg_18.pkl
131,281,156,291,131,281,155,281,155,290,131,290,ttteeeaaoe,the,0.5874074101448059,0.27360309958457946,0.5918108075857162,/content/outputs/inference/answersheet/model_finetune_640_results/res_2de6c518890b1aa913d85e144d155e51_jpg_19.pkl
126,313,160,325,126,313,159,313,159,324,126,324,tlttlttitnpoeeeeeee,the,0.7299253940582275,0.4296219466548217,0.6345642507076263,/content/outputs/inference/answersheet/model_finetune_640_results/res_2de6c518890b1aa913d85e144d155e51_jpg_20.pkl
251,164,284,175,251,164,283,164,283,174,251,174,ehaaaaaaaaaeeeeeeeeee,comper,0.583096981048584,0.1395969965628215,0.3493401088884899,/content/outputs/inference/answersheet/model_finetune_640_results/res_2de6c518890b1aa913d85e144d155e51_jpg_21.pkl
131,324,165,336,133,324,164,324,164,335,133,335,taaaaaassssssssee,the,0.52876216173172,0.29225202123908434,0.539598323404789,/content/outputs/inference/answersheet/model_finetune_640_results/res_2de6c518890b1aa913d85e144d155e51_jpg_22.pkl
222,19,288,35,225,19,287,19,287,34,225,34,obgbttteoaanaaaecccnee,from,0.5334115028381348,0.15940507264299827,0.5644664749503135,/content/outputs/inference/answersheet/model_finetune_640_results/res_2de6c518890b1aa913d85e144d155e51_jpg_23.pkl
174,291,236,305,174,291,235,291,235,304,174,304,eaanassstaad,the,0.5742532014846802,0.1794230155646801,0.33029436878859997,/content/outputs/inference/answersheet/model_finetune_640_results/res_2de6c518890b1aa913d85e144d155e51_jpg_24.pkl
244,5,276,15,244,5,275,5,275,14,244,14,yyyldbggggyeetteee,from,0.609550952911377,0.13687765846649805,0.4824200809001923,/content/outputs/inference/answersheet/model_finetune_640_results/res_2de6c518890b1aa913d85e144d155e51_jpg_25.pkl
282,214,305,225,282,214,304,214,304,224,282,224,hheeeeeeeeaaaae,from,0.610514760017395,0.18620485216379165,0.6147660732269287,/content/outputs/inference/answersheet/model_finetune_640_results/res_2de6c518890b1aa913d85e144d155e51_jpg_26.pkl
200,162,226,171,200,162,225,162,225,170,200,170,eeeeaeee,was,0.5823239684104919,0.27538918424397707,0.37619033455848694,/content/outputs/inference/answersheet/model_finetune_640_results/res_2de6c518890b1aa913d85e144d155e51_jpg_27.pkl
