358,233,403,245,358,233,402,233,402,244,358,244,sds,sparder,0.7582250833511353,0.18540304899215698,0.4674855191260576,/content/outputs/inference/answersheet/model_finetune_640_results/res_37cf7901a497affdb39bda43e796a093_jpg_0.pkl
338,35,368,56,340,35,365,35,365,55,340,55,aad72d2dd,off,0.7331820130348206,0.14002175215217802,0.5363746210932732,/content/outputs/inference/answersheet/model_finetune_640_results/res_37cf7901a497affdb39bda43e796a093_jpg_1.pkl
64,12,141,26,64,12,140,12,140,25,64,25,ceeaoeeeeteeee,come,0.5747959613800049,0.1596343650349549,0.39536080658435824,/content/outputs/inference/answersheet/model_finetune_640_results/res_37cf7901a497affdb39bda43e796a093_jpg_2.pkl
40,17,66,28,40,17,65,17,65,27,40,27,fffaaaaaaeleeeeeeeeeee,come,0.6495120525360107,0.143590065904639,0.39476118683815004,/content/outputs/inference/answersheet/model_finetune_640_results/res_37cf7901a497affdb39bda43e796a093_jpg_3.pkl
384,147,407,158,384,147,406,147,406,157,384,157,fsnnonnnnnd,from,0.6007941961288452,0.10457127101042053,0.675868570804596,/content/outputs/inference/answersheet/model_finetune_640_results/res_37cf7901a497affdb39bda43e796a093_jpg_4.pkl
267,291,291,300,267,291,290,291,290,299,267,299,tblrrs,the,0.5948587656021118,0.08486053471763928,0.49594636261463165,/content/outputs/inference/answersheet/model_finetune_640_results/res_37cf7901a497affdb39bda43e796a093_jpg_5.pkl
319,234,344,245,319,234,343,234,343,244,319,244,e,and,0.6267543435096741,0.10069308429956436,0.583538718521595,/content/outputs/inference/answersheet/model_finetune_640_results/res_37cf7901a497affdb39bda43e796a093_jpg_6.pkl
233,291,253,299,233,291,252,291,252,298,233,298,aadidihhhid,the,0.5725646615028381,0.147916511378505,0.5762771852314472,/content/outputs/inference/answersheet/model_finetune_640_results/res_37cf7901a497affdb39bda43e796a093_jpg_7.pkl
240,309,318,323,240,309,317,309,317,322,240,322,fsteaee,coffee,0.549297034740448,0.1319830460207803,0.47869519889354706,/content/outputs/inference/answersheet/model_finetune_640_results/res_37cf7901a497affdb39bda43e796a093_jpg_8.pkl
184,100,239,111,184,102,238,102,238,110,184,110,ed,subject,0.5682640075683594,0.13070857897400856,0.4269290715456009,/content/outputs/inference/answersheet/model_finetune_640_results/res_37cf7901a497affdb39bda43e796a093_jpg_9.pkl
278,111,303,122,278,111,302,111,302,121,278,121,faaett,and,0.5357749462127686,0.11142531285683314,0.3929532654583454,/content/outputs/inference/answersheet/model_finetune_640_results/res_37cf7901a497affdb39bda43e796a093_jpg_10.pkl
266,289,324,301,266,289,323,289,323,300,266,300,dlttdeeeeeeee,the,0.7242603302001953,0.2733613607975153,0.4221651218831539,/content/outputs/inference/answersheet/model_finetune_640_results/res_37cf7901a497affdb39bda43e796a093_jpg_11.pkl
119,292,141,301,119,292,140,292,140,300,119,300,aeatttttt,and,0.6429360508918762,0.17349931763278115,0.5313480645418167,/content/outputs/inference/answersheet/model_finetune_640_results/res_37cf7901a497affdb39bda43e796a093_jpg_12.pkl
290,291,313,300,290,291,312,291,312,299,290,299,hhhhhadteeeee,the,0.5561145544052124,0.13265822885128167,0.32628477923572063,/content/outputs/inference/answersheet/model_finetune_640_results/res_37cf7901a497affdb39bda43e796a093_jpg_13.pkl
352,113,378,123,352,113,377,113,377,122,352,122,eah,but,0.6255260109901428,0.13394641131162643,0.42793766409158707,/content/outputs/inference/answersheet/model_finetune_640_results/res_37cf7901a497affdb39bda43e796a093_jpg_14.pkl
375,214,405,222,375,214,404,214,404,221,375,221,tbbbba,the,0.6736544966697693,0.13597710678974786,0.3841288033872843,/content/outputs/inference/answersheet/model_finetune_640_results/res_37cf7901a497affdb39bda43e796a093_jpg_15.pkl
346,301,375,311,346,301,374,301,374,310,346,310,eee,sender,0.6398968696594238,0.20275433858235678,0.5379761925765446,/content/outputs/inference/answersheet/model_finetune_640_results/res_37cf7901a497affdb39bda43e796a093_jpg_16.pkl
