250,224,316,237,252,224,315,224,315,236,252,236,sofgcgsdad,from,0.5591529607772827,0.1191751167178154,0.5705561593174935,/content/outputs/inference/answersheet/model_finetune_640_results/res_5d0112977b79600f8b47fc0ab3289646_jpg_0.pkl
259,60,280,70,259,60,279,60,279,69,259,69,tfttttttfeen,the,0.6860479116439819,0.21493864183624586,0.670103445649147,/content/outputs/inference/answersheet/model_finetune_640_results/res_5d0112977b79600f8b47fc0ab3289646_jpg_1.pkl
240,36,360,50,243,36,359,36,359,49,243,49,ytteettn,from,0.6997478008270264,0.17200672440230846,0.46824265718460084,/content/outputs/inference/answersheet/model_finetune_640_results/res_5d0112977b79600f8b47fc0ab3289646_jpg_2.pkl
270,243,288,252,270,243,287,243,287,251,270,251,tt444433o99y,19,0.5261142253875732,0.17380660586059093,0.5434928238391876,/content/outputs/inference/answersheet/model_finetune_640_results/res_5d0112977b79600f8b47fc0ab3289646_jpg_3.pkl
297,226,317,234,297,226,314,226,314,233,297,233,kaa0000dddd,and,0.6999014616012573,0.13057306544347244,0.7210557237267494,/content/outputs/inference/answersheet/model_finetune_640_results/res_5d0112977b79600f8b47fc0ab3289646_jpg_4.pkl
80,24,99,36,80,24,98,24,98,35,80,35,assssssse,the,0.5396179556846619,0.1766991631852256,0.5974706578999758,/content/outputs/inference/answersheet/model_finetune_640_results/res_5d0112977b79600f8b47fc0ab3289646_jpg_5.pkl
143,323,165,333,143,323,164,323,164,332,143,332,ddddtddedtsse,the,0.5004638433456421,0.1304530524290525,0.5718575455248356,/content/outputs/inference/answersheet/model_finetune_640_results/res_5d0112977b79600f8b47fc0ab3289646_jpg_6.pkl
76,15,119,25,78,15,118,15,118,24,78,24,ttttaoaooooooodoraeeee,from,0.6298307776451111,0.22106960652904076,0.5411011010408402,/content/outputs/inference/answersheet/model_finetune_640_results/res_5d0112977b79600f8b47fc0ab3289646_jpg_7.pkl
110,60,130,70,110,60,129,60,129,69,110,69,fsses,for,0.5388458371162415,0.13986541330814362,0.6126663908362389,/content/outputs/inference/answersheet/model_finetune_640_results/res_5d0112977b79600f8b47fc0ab3289646_jpg_8.pkl
149,15,173,24,149,15,172,15,172,23,149,23,sssseeett,the,0.6060383319854736,0.14459523558616638,0.5079424008727074,/content/outputs/inference/answersheet/model_finetune_640_results/res_5d0112977b79600f8b47fc0ab3289646_jpg_9.pkl
