339,83,390,95,339,83,389,83,389,94,339,94,eetpaeie,from,0.518075168132782,0.13515680190175772,0.449768927693367,/content/outputs/inference/answersheet/model_finetune_640_results/res_533996800e17c6cd6f07df5c45753d8b_jpg_0.pkl
234,173,319,186,237,173,318,173,318,185,237,185,dtttaaeety,citivers,0.7580963373184204,0.23820913657546045,0.5320851157108942,/content/outputs/inference/answersheet/model_finetune_640_results/res_533996800e17c6cd6f07df5c45753d8b_jpg_1.pkl
86,12,152,24,86,12,149,12,149,23,86,23,festele,from,0.5089823007583618,0.15104806636060988,0.5082959711551667,/content/outputs/inference/answersheet/model_finetune_640_results/res_533996800e17c6cd6f07df5c45753d8b_jpg_2.pkl
290,241,336,252,292,241,335,241,335,251,292,251,dggoooeesssyyy,comber,0.5211976766586304,0.23685087636113167,0.4799977221659252,/content/outputs/inference/answersheet/model_finetune_640_results/res_533996800e17c6cd6f07df5c45753d8b_jpg_3.pkl
246,300,261,308,246,300,260,300,260,307,246,307,44444oooooodod,for,0.7446701526641846,0.2612724612866129,0.7165607511997223,/content/outputs/inference/answersheet/model_finetune_640_results/res_533996800e17c6cd6f07df5c45753d8b_jpg_4.pkl
204,276,226,287,204,276,225,276,225,286,204,286,ffppeooodd2,the,0.6925857067108154,0.14882667430422522,0.6058490201830864,/content/outputs/inference/answersheet/model_finetune_640_results/res_533996800e17c6cd6f07df5c45753d8b_jpg_5.pkl
198,199,217,209,198,199,216,199,216,208,198,208,gfg831ggoo3oonn3ononnnnnnmnnn,the,0.5348456501960754,0.10270298593517008,0.47037703543901443,/content/outputs/inference/answersheet/model_finetune_640_results/res_533996800e17c6cd6f07df5c45753d8b_jpg_6.pkl
191,235,205,242,191,235,204,235,204,241,191,241,444tt44a44a4aaaaaaaaaaaaaaaaaa33ss3sassssyayayy,43,0.5735294222831726,0.17580303438800446,0.4125816226005554,/content/outputs/inference/answersheet/model_finetune_640_results/res_533996800e17c6cd6f07df5c45753d8b_jpg_7.pkl
282,356,315,363,282,356,314,356,314,362,282,362,wywffccegaa,conder,0.5509874224662781,0.12619801339778033,0.367534516113145,/content/outputs/inference/answersheet/model_finetune_640_results/res_533996800e17c6cd6f07df5c45753d8b_jpg_8.pkl
281,322,297,328,281,322,296,322,296,327,281,327,sstooohhhh,the,0.5253422856330872,0.11763965040445327,0.5937392488121986,/content/outputs/inference/answersheet/model_finetune_640_results/res_533996800e17c6cd6f07df5c45753d8b_jpg_9.pkl
317,85,341,96,317,85,340,85,340,95,317,95,ao,shop,0.5728083252906799,0.09240566194057465,0.4401259422302246,/content/outputs/inference/answersheet/model_finetune_640_results/res_533996800e17c6cd6f07df5c45753d8b_jpg_10.pkl
196,156,212,163,196,156,211,156,211,162,196,162,ttttdddddtohhhhnhnnttttnnnn,the,0.6646894216537476,0.15327090273300806,0.79033163189888,/content/outputs/inference/answersheet/model_finetune_640_results/res_533996800e17c6cd6f07df5c45753d8b_jpg_11.pkl
286,326,341,336,286,326,340,326,340,335,286,335,ggdssseeeed,come,0.511789083480835,0.18529201231219553,0.31814063191413877,/content/outputs/inference/answersheet/model_finetune_640_results/res_533996800e17c6cd6f07df5c45753d8b_jpg_12.pkl
237,319,253,327,237,319,252,319,252,326,237,326,ckckckkfkk6kk6k4kkkkttt9o,for,0.8641006350517273,0.26538661152124404,0.7247238419950008,/content/outputs/inference/answersheet/model_finetune_640_results/res_533996800e17c6cd6f07df5c45753d8b_jpg_13.pkl
146,135,161,144,146,135,160,135,160,143,146,143,tttttttttttttttwwwwddyyyee,the,0.5058220028877258,0.1376213298107569,0.6930003017187119,/content/outputs/inference/answersheet/model_finetune_640_results/res_533996800e17c6cd6f07df5c45753d8b_jpg_14.pkl
188,322,203,328,188,322,202,322,202,327,188,327,oooooooooooo9ooooyyy,of,0.6827405691146851,0.2699748270213604,0.687406599521637,/content/outputs/inference/answersheet/model_finetune_640_results/res_533996800e17c6cd6f07df5c45753d8b_jpg_15.pkl
101,65,138,79,103,65,137,65,137,78,103,78,aaaeeeee,from,0.5110957026481628,0.23456486873328686,0.5377196669578552,/content/outputs/inference/answersheet/model_finetune_640_results/res_533996800e17c6cd6f07df5c45753d8b_jpg_16.pkl
