101,4,155,17,101,4,154,4,154,16,101,16,eaaatdppp,estions,0.5802579522132874,0.19839507093032202,0.39451198279857635,/content/outputs/inference/answersheet/model_finetune_640_results/res_04030c4f3eb7a55e424922bf4851a346_jpg_0.pkl
220,340,295,353,222,340,290,340,290,352,222,352,seeensedyyy,sender,0.6029531955718994,0.26700021055611695,0.5131561543260302,/content/outputs/inference/answersheet/model_finetune_640_results/res_04030c4f3eb7a55e424922bf4851a346_jpg_1.pkl
0,8,43,19,0,8,40,8,40,18,0,18,egag,from,0.7059083580970764,0.19654156267642975,0.5373062014579773,/content/outputs/inference/answersheet/model_finetune_640_results/res_04030c4f3eb7a55e424922bf4851a346_jpg_2.pkl
148,267,222,280,148,267,221,267,221,279,148,279,scecheipd,chepers,0.5550528168678284,0.20759673168261847,0.40286165103316307,/content/outputs/inference/answersheet/model_finetune_640_results/res_04030c4f3eb7a55e424922bf4851a346_jpg_3.pkl
95,16,141,28,95,16,140,16,140,27,95,27,sjddjdhahllhlhnyyyyyyeee,sprite,0.7101699113845825,0.24352847381184498,0.396761916577816,/content/outputs/inference/answersheet/model_finetune_640_results/res_04030c4f3eb7a55e424922bf4851a346_jpg_4.pkl
143,15,190,27,145,15,189,15,189,26,145,26,stnnnyyyyy,spe,0.737162709236145,0.19376098811626435,0.39977188780903816,/content/outputs/inference/answersheet/model_finetune_640_results/res_04030c4f3eb7a55e424922bf4851a346_jpg_5.pkl
276,140,343,152,276,140,341,140,341,150,276,150,teaaeeegeee,the,0.5455332398414612,0.22621668604287234,0.39633022993803024,/content/outputs/inference/answersheet/model_finetune_640_results/res_04030c4f3eb7a55e424922bf4851a346_jpg_6.pkl
8,139,56,153,8,139,55,139,55,152,8,152,araatd,sale,0.6277292370796204,0.3192586253086726,0.4691782593727112,/content/outputs/inference/answersheet/model_finetune_640_results/res_04030c4f3eb7a55e424922bf4851a346_jpg_7.pkl
3,51,42,63,3,51,41,51,41,62,3,62,baaaaea,from,0.6095890998840332,0.1643375956586429,0.5784683391451836,/content/outputs/inference/answersheet/model_finetune_640_results/res_04030c4f3eb7a55e424922bf4851a346_jpg_8.pkl
143,290,177,303,143,290,176,290,176,302,143,302,aiiieee,the,0.848164975643158,0.17642343044281006,0.6121380217373371,/content/outputs/inference/answersheet/model_finetune_640_results/res_04030c4f3eb7a55e424922bf4851a346_jpg_9.pkl
267,41,325,54,267,41,324,41,324,53,267,53,teyyyaaaggaa,from,0.5556105971336365,0.14481063621739546,0.4513967141509056,/content/outputs/inference/answersheet/model_finetune_640_results/res_04030c4f3eb7a55e424922bf4851a346_jpg_10.pkl
187,309,211,320,187,309,210,309,210,319,187,319,lmmsteee,the,0.7536405324935913,0.1912016198039055,0.5411760210990906,/content/outputs/inference/answersheet/model_finetune_640_results/res_04030c4f3eb7a55e424922bf4851a346_jpg_11.pkl
335,38,382,49,335,38,381,38,381,48,335,48,ttaaaa,and,0.6177446842193604,0.37015285218755406,0.38146553933620453,/content/outputs/inference/answersheet/model_finetune_640_results/res_04030c4f3eb7a55e424922bf4851a346_jpg_12.pkl
306,161,381,174,306,161,380,161,380,173,306,173,eaaieeeee,comperies,0.6119652986526489,0.2684618996249305,0.46060844957828523,/content/outputs/inference/answersheet/model_finetune_640_results/res_04030c4f3eb7a55e424922bf4851a346_jpg_13.pkl
210,321,252,331,210,321,250,321,250,329,210,329,yauaaadteee,and,0.8683161735534668,0.2345631258054213,0.5199590437114239,/content/outputs/inference/answersheet/model_finetune_640_results/res_04030c4f3eb7a55e424922bf4851a346_jpg_14.pkl
146,18,175,28,146,18,174,18,174,27,146,27,sfsaahllltttt,spe,0.5337125062942505,0.13097700763207215,0.36202825233340263,/content/outputs/inference/answersheet/model_finetune_640_results/res_04030c4f3eb7a55e424922bf4851a346_jpg_15.pkl
65,7,88,17,65,7,87,7,87,16,65,16,sttyyhyyhhhhhhheeeeeee,the,0.7562229037284851,0.21256720918146046,0.7834335789084435,/content/outputs/inference/answersheet/model_finetune_640_results/res_04030c4f3eb7a55e424922bf4851a346_jpg_16.pkl
54,19,81,27,54,19,80,19,80,26,54,26,nieecefte,spe,0.589357316493988,0.17144243667523065,0.27018802985548973,/content/outputs/inference/answersheet/model_finetune_640_results/res_04030c4f3eb7a55e424922bf4851a346_jpg_17.pkl
297,362,346,374,297,362,343,362,343,373,297,373,lthhihiiogeddl,the,0.6165435314178467,0.2871840223670006,0.43028365075588226,/content/outputs/inference/answersheet/model_finetune_640_results/res_04030c4f3eb7a55e424922bf4851a346_jpg_18.pkl
225,375,262,386,225,375,261,375,261,385,225,385,aaaaaatsssiiiiifiioo,the,0.6199969053268433,0.27780849263072016,0.5221409201622009,/content/outputs/inference/answersheet/model_finetune_640_results/res_04030c4f3eb7a55e424922bf4851a346_jpg_19.pkl
168,169,206,180,168,169,205,169,205,179,168,179,yfaeaay,sale,0.6535292863845825,0.1501039234655244,0.44420650601387024,/content/outputs/inference/answersheet/model_finetune_640_results/res_04030c4f3eb7a55e424922bf4851a346_jpg_20.pkl
132,388,266,411,137,388,265,388,265,410,137,410,eodeeneeaalheeepihs,repersity,0.5791469216346741,0.17217583934727468,0.4888480149209499,/content/outputs/inference/answersheet/model_finetune_640_results/res_04030c4f3eb7a55e424922bf4851a346_jpg_21.pkl
147,303,177,313,147,303,174,303,174,312,147,312,apeeeee,sale,0.6804664134979248,0.17139747100217,0.4834069058299065,/content/outputs/inference/answersheet/model_finetune_640_results/res_04030c4f3eb7a55e424922bf4851a346_jpg_22.pkl
331,51,356,62,331,51,355,51,355,61,331,61,taeeeaeyadayeed,from,0.6209785342216492,0.1394685611128807,0.6060418486595154,/content/outputs/inference/answersheet/model_finetune_640_results/res_04030c4f3eb7a55e424922bf4851a346_jpg_23.pkl
165,324,197,334,165,324,196,324,196,333,165,333,sgggggalbbesaeteee,come,0.501055896282196,0.18083700786034265,0.36950829029083254,/content/outputs/inference/answersheet/model_finetune_640_results/res_04030c4f3eb7a55e424922bf4851a346_jpg_24.pkl
151,36,176,45,151,36,175,36,175,44,151,44,ddddfffeeeee,from,0.6502371430397034,0.2336088977754116,0.6418924242258072,/content/outputs/inference/answersheet/model_finetune_640_results/res_04030c4f3eb7a55e424922bf4851a346_jpg_25.pkl
269,165,293,175,269,165,292,165,292,174,269,174,atlee,the,0.5114535689353943,0.183900947868824,0.5741578824818134,/content/outputs/inference/answersheet/model_finetune_640_results/res_04030c4f3eb7a55e424922bf4851a346_jpg_26.pkl
182,303,203,311,182,303,202,303,202,310,182,310,ttttte,the,0.5192243456840515,0.34046336511770886,0.5936055593192577,/content/outputs/inference/answersheet/model_finetune_640_results/res_04030c4f3eb7a55e424922bf4851a346_jpg_27.pkl
90,313,132,328,90,311,131,315,130,328,90,324,teae,from,0.5768502950668335,0.2561349682509899,0.5563868910074234,/content/outputs/inference/answersheet/model_finetune_640_results/res_04030c4f3eb7a55e424922bf4851a346_jpg_28.pkl
173,311,211,322,173,311,210,311,210,321,173,321,sssssssssssnnnes,sale,0.7014182806015015,0.29945671232417226,0.48657921254634856,/content/outputs/inference/answersheet/model_finetune_640_results/res_04030c4f3eb7a55e424922bf4851a346_jpg_29.pkl
