101,116,163,131,101,116,162,116,162,130,101,130,gegonkkeeeeeeeessy,for,0.8221771717071533,0.33465781476762557,0.32810512371361256,/content/outputs/inference/answersheet/model_finetune_640_results/res_4e0a58cf5e27ec15b1cd89e845a9255d_jpg_0.pkl
191,197,241,209,193,197,239,197,239,207,193,207,tdkkkkkkktte,taking,0.5087584257125854,0.3073978014290333,0.5961807540484837,/content/outputs/inference/answersheet/model_finetune_640_results/res_4e0a58cf5e27ec15b1cd89e845a9255d_jpg_1.pkl
202,21,230,31,202,21,229,21,229,30,202,30,aaae,and,0.6395705342292786,0.108861880376935,0.5446733124554157,/content/outputs/inference/answersheet/model_finetune_640_results/res_4e0a58cf5e27ec15b1cd89e845a9255d_jpg_2.pkl
129,188,155,196,129,188,154,188,154,195,129,195,dddoy,com,0.5037219524383545,0.13060358613729478,0.23426413536071777,/content/outputs/inference/answersheet/model_finetune_640_results/res_4e0a58cf5e27ec15b1cd89e845a9255d_jpg_3.pkl
375,2,399,9,375,2,398,2,398,8,375,8,dddttttttehhhhte,the,0.6470308899879456,0.1687398450449109,0.7406266666948795,/content/outputs/inference/answersheet/model_finetune_640_results/res_4e0a58cf5e27ec15b1cd89e845a9255d_jpg_4.pkl
179,177,201,186,179,177,200,177,200,185,179,185,fffftfftteeeeee,the,0.538752019405365,0.22190316319465636,0.6285399086773396,/content/outputs/inference/answersheet/model_finetune_640_results/res_4e0a58cf5e27ec15b1cd89e845a9255d_jpg_5.pkl
126,97,148,106,126,97,147,97,147,105,126,105,gggfgeooou,get,0.7083843350410461,0.20822370126843454,0.4220759645104408,/content/outputs/inference/answersheet/model_finetune_640_results/res_4e0a58cf5e27ec15b1cd89e845a9255d_jpg_6.pkl
170,20,196,30,170,20,195,20,195,29,170,29,t,the,0.6171494722366333,0.14452871680259705,0.6127978563308716,/content/outputs/inference/answersheet/model_finetune_640_results/res_4e0a58cf5e27ec15b1cd89e845a9255d_jpg_7.pkl
175,53,201,64,175,53,200,53,200,63,175,63,44444444aiiiieeeeeesooo,from,0.7885057330131531,0.1908555199270663,0.6188695102930069,/content/outputs/inference/answersheet/model_finetune_640_results/res_4e0a58cf5e27ec15b1cd89e845a9255d_jpg_8.pkl
70,165,97,174,70,165,96,165,96,173,70,173,trres,the,0.6819983720779419,0.17920351028442383,0.6820069849491119,/content/outputs/inference/answersheet/model_finetune_640_results/res_4e0a58cf5e27ec15b1cd89e845a9255d_jpg_9.pkl
217,118,245,128,217,118,244,118,244,127,217,127,teeeaaaaaaaaaaaaooosoo,for,0.6226134300231934,0.12815201892094177,0.5893642827868462,/content/outputs/inference/answersheet/model_finetune_640_results/res_4e0a58cf5e27ec15b1cd89e845a9255d_jpg_10.pkl
175,373,198,381,175,373,197,373,197,380,175,380,eeano,from,0.6135099530220032,0.09797170013189316,0.6720245495438576,/content/outputs/inference/answersheet/model_finetune_640_results/res_4e0a58cf5e27ec15b1cd89e845a9255d_jpg_11.pkl
154,75,175,85,156,75,174,75,174,84,156,84,geeggodddd,apr,0.5035374164581299,0.14896077215671538,0.45520344749093056,/content/outputs/inference/answersheet/model_finetune_640_results/res_4e0a58cf5e27ec15b1cd89e845a9255d_jpg_12.pkl
238,21,261,31,238,21,260,21,260,30,238,30,ttsseee,the,0.5193780064582825,0.17070017542157853,0.44921248871833086,/content/outputs/inference/answersheet/model_finetune_640_results/res_4e0a58cf5e27ec15b1cd89e845a9255d_jpg_13.pkl
199,141,241,154,199,141,238,141,238,153,199,153,ettttteteeeeea,ets,0.5185508131980896,0.17109078062432154,0.4122450724244118,/content/outputs/inference/answersheet/model_finetune_640_results/res_4e0a58cf5e27ec15b1cd89e845a9255d_jpg_14.pkl
23,0,50,11,23,0,49,0,49,10,23,10,ttttppdyd,the,0.6202070713043213,0.26821593112415737,0.6399550698697567,/content/outputs/inference/answersheet/model_finetune_640_results/res_4e0a58cf5e27ec15b1cd89e845a9255d_jpg_15.pkl
119,386,160,397,121,386,157,386,157,396,121,396,eeeeeeeeeeeeeeedd,come,0.5973776578903198,0.21791224970537074,0.44775146543979644,/content/outputs/inference/answersheet/model_finetune_640_results/res_4e0a58cf5e27ec15b1cd89e845a9255d_jpg_16.pkl
88,177,113,185,88,177,112,177,112,184,88,184,ttttttfffatthttrert,the,0.6109144687652588,0.21596251937903857,0.4871481694281101,/content/outputs/inference/answersheet/model_finetune_640_results/res_4e0a58cf5e27ec15b1cd89e845a9255d_jpg_17.pkl
