61,347,108,359,61,347,107,347,107,358,61,358,saaaaa,from,0.5557145476341248,0.18734092637896538,0.5869849108159542,/content/outputs/inference/answersheet/model_finetune_640_results/res_01f320d3d96cfa78f11bc71449969d7b_jpg_0.pkl
95,3,112,12,95,3,111,3,111,11,95,11,hthddaaaaaaaaaaaaaaaathttt,the,0.5039923191070557,0.14366565501460662,0.4895217530429363,/content/outputs/inference/answersheet/model_finetune_640_results/res_01f320d3d96cfa78f11bc71449969d7b_jpg_1.pkl
58,2,109,13,58,2,108,2,108,12,58,12,shattt,thanking,0.6199852228164673,0.1541411280632019,0.500007135172685,/content/outputs/inference/answersheet/model_finetune_640_results/res_01f320d3d96cfa78f11bc71449969d7b_jpg_2.pkl
138,233,179,245,140,233,178,233,178,244,140,244,fttd,and,0.6551950573921204,0.19585338234901428,0.4947955124080181,/content/outputs/inference/answersheet/model_finetune_640_results/res_01f320d3d96cfa78f11bc71449969d7b_jpg_3.pkl
62,180,106,192,62,180,105,180,105,191,62,191,slleeeaeteaa,shot,0.5018009543418884,0.17457392935951552,0.45469110608100893,/content/outputs/inference/answersheet/model_finetune_640_results/res_01f320d3d96cfa78f11bc71449969d7b_jpg_4.pkl
314,2,392,13,314,2,391,2,391,12,314,12,ttedeeeoeodstnteeeeeeeeeee,the,0.5201977491378784,0.10338657449644345,0.3092113733291626,/content/outputs/inference/answersheet/model_finetune_640_results/res_01f320d3d96cfa78f11bc71449969d7b_jpg_5.pkl
145,378,173,388,145,378,172,378,172,387,145,387,tfeddtttte,from,0.6935091614723206,0.21259404122829437,0.6061398923397064,/content/outputs/inference/answersheet/model_finetune_640_results/res_01f320d3d96cfa78f11bc71449969d7b_jpg_6.pkl
103,16,123,26,103,16,122,16,122,25,103,25,llllddeeeeeeeee,come,0.6182838082313538,0.10168885340293249,0.31923999786376955,/content/outputs/inference/answersheet/model_finetune_640_results/res_01f320d3d96cfa78f11bc71449969d7b_jpg_7.pkl
143,206,167,218,143,206,166,206,166,217,143,217,aaaffhae,the,0.6603853106498718,0.13772778119891882,0.6928821466863155,/content/outputs/inference/answersheet/model_finetune_640_results/res_01f320d3d96cfa78f11bc71449969d7b_jpg_8.pkl
152,0,212,12,152,0,209,0,209,11,152,11,tett,from,0.5244623422622681,0.20199058204889297,0.5480151794850826,/content/outputs/inference/answersheet/model_finetune_640_results/res_01f320d3d96cfa78f11bc71449969d7b_jpg_9.pkl
82,91,118,105,82,91,117,91,117,104,82,104,aee,from,0.5257982015609741,0.17774911721547446,0.5407978445291519,/content/outputs/inference/answersheet/model_finetune_640_results/res_01f320d3d96cfa78f11bc71449969d7b_jpg_10.pkl
99,380,126,390,99,380,125,380,125,389,99,389,tttedddde,come,0.5262315273284912,0.1790375461181005,0.40479342043399813,/content/outputs/inference/answersheet/model_finetune_640_results/res_01f320d3d96cfa78f11bc71449969d7b_jpg_11.pkl
136,220,166,230,136,220,165,220,165,229,136,229,ddeereeeeee,for,0.6396868824958801,0.21063620800321753,0.5520969815552235,/content/outputs/inference/answersheet/model_finetune_640_results/res_01f320d3d96cfa78f11bc71449969d7b_jpg_12.pkl
59,367,81,382,59,367,80,367,80,381,59,381,mmnnn,the,0.5320647358894348,0.2527651578187943,0.570492634549737,/content/outputs/inference/answersheet/model_finetune_640_results/res_01f320d3d96cfa78f11bc71449969d7b_jpg_13.pkl
127,24,145,33,127,24,144,24,144,32,127,32,tteeettttt,the,0.5613342523574829,0.23763499706983565,0.5478415079414845,/content/outputs/inference/answersheet/model_finetune_640_results/res_01f320d3d96cfa78f11bc71449969d7b_jpg_14.pkl
365,35,413,45,365,35,412,35,412,44,365,44,eoaadddaedttttt,bread,0.5864680409431458,0.1926987533768018,0.40890458474556607,/content/outputs/inference/answersheet/model_finetune_640_results/res_01f320d3d96cfa78f11bc71449969d7b_jpg_15.pkl
