318,54,379,68,318,54,375,54,375,67,318,67,aaaeee,barking,0.6352788209915161,0.1358777346710364,0.4625376695767045,/content/outputs/inference/answersheet/model_finetune_640_results/res_5e3924dac6fb2822de6f7b8cf1049ea1_jpg_0.pkl
242,317,290,330,242,317,289,317,289,329,242,329,teaaitte,from,0.6426801085472107,0.20198223367333412,0.5088613927364349,/content/outputs/inference/answersheet/model_finetune_640_results/res_5e3924dac6fb2822de6f7b8cf1049ea1_jpg_1.pkl
298,95,340,108,298,95,339,95,339,107,298,107,bhnettea,from,0.5210052132606506,0.1899230843409896,0.4961445480585098,/content/outputs/inference/answersheet/model_finetune_640_results/res_5e3924dac6fb2822de6f7b8cf1049ea1_jpg_2.pkl
352,78,375,88,352,78,372,78,372,87,352,87,htttttrtttt,but,0.86814945936203,0.2912488938732581,0.7070464491844177,/content/outputs/inference/answersheet/model_finetune_640_results/res_5e3924dac6fb2822de6f7b8cf1049ea1_jpg_3.pkl
305,120,351,132,305,120,350,120,350,131,305,131,a,from,0.5089972615242004,0.10189083218574524,0.5536567822098732,/content/outputs/inference/answersheet/model_finetune_640_results/res_5e3924dac6fb2822de6f7b8cf1049ea1_jpg_4.pkl
322,45,345,53,322,45,344,45,344,52,322,52,frr,from,0.7465611696243286,0.19244846204916635,0.5972450256347657,/content/outputs/inference/answersheet/model_finetune_640_results/res_5e3924dac6fb2822de6f7b8cf1049ea1_jpg_5.pkl
278,42,298,53,278,42,297,42,297,52,278,52,atyy,from,0.5128430724143982,0.1289784274995327,0.6705776438117027,/content/outputs/inference/answersheet/model_finetune_640_results/res_5e3924dac6fb2822de6f7b8cf1049ea1_jpg_6.pkl
150,195,192,206,150,195,191,195,191,205,150,205,ccettttte,from,0.5212176442146301,0.32169869790474576,0.5017699241638184,/content/outputs/inference/answersheet/model_finetune_640_results/res_5e3924dac6fb2822de6f7b8cf1049ea1_jpg_7.pkl
294,32,326,43,294,32,325,32,325,42,294,42,ddddddfpppoane,date,0.8410760164260864,0.2744114744876112,0.5624363005161286,/content/outputs/inference/answersheet/model_finetune_640_results/res_5e3924dac6fb2822de6f7b8cf1049ea1_jpg_8.pkl
314,320,332,329,314,320,331,320,331,328,314,328,attttttttttee,the,0.799697995185852,0.31735120197901356,0.756999284029007,/content/outputs/inference/answersheet/model_finetune_640_results/res_5e3924dac6fb2822de6f7b8cf1049ea1_jpg_9.pkl
264,54,283,63,264,54,282,54,282,62,264,62,yyytaaaeseeeeeeee,from,0.6801400780677795,0.24321835488080978,0.6045410692691803,/content/outputs/inference/answersheet/model_finetune_640_results/res_5e3924dac6fb2822de6f7b8cf1049ea1_jpg_10.pkl
340,277,362,286,340,277,361,277,361,285,340,285,hhhhhhhtee,the,0.7650086283683777,0.2779572427272797,0.6957247853279114,/content/outputs/inference/answersheet/model_finetune_640_results/res_5e3924dac6fb2822de6f7b8cf1049ea1_jpg_11.pkl
185,35,215,43,185,35,214,35,214,42,185,42,leshllllnnne,the,0.5415861010551453,0.1046045816813906,0.4824867211282253,/content/outputs/inference/answersheet/model_finetune_640_results/res_5e3924dac6fb2822de6f7b8cf1049ea1_jpg_12.pkl
233,31,277,42,235,31,274,31,274,41,235,41,feeeeeeeeeeeeeeeeeeeeeeeeeeeeee,fre,0.5790676474571228,0.393013225447747,0.48336413502693176,/content/outputs/inference/answersheet/model_finetune_640_results/res_5e3924dac6fb2822de6f7b8cf1049ea1_jpg_13.pkl
69,40,100,49,69,40,99,40,99,48,69,48,fhhoaaaasaanllluyyyy,scome,0.7082438468933105,0.1190316367894411,0.3228844453891118,/content/outputs/inference/answersheet/model_finetune_640_results/res_5e3924dac6fb2822de6f7b8cf1049ea1_jpg_14.pkl
235,33,259,42,235,33,258,33,258,41,235,41,feeeee,the,0.6806476712226868,0.5317410578330358,0.6155479233711958,/content/outputs/inference/answersheet/model_finetune_640_results/res_5e3924dac6fb2822de6f7b8cf1049ea1_jpg_15.pkl
324,87,348,99,324,87,347,87,347,98,324,98,tddttttttttttttteeee,the,0.8443331122398376,0.2081517916172743,0.6397806853055954,/content/outputs/inference/answersheet/model_finetune_640_results/res_5e3924dac6fb2822de6f7b8cf1049ea1_jpg_16.pkl
145,29,182,40,145,29,181,29,181,39,145,39,faheeee,the,0.7237703204154968,0.2534713330013411,0.6979216039180756,/content/outputs/inference/answersheet/model_finetune_640_results/res_5e3924dac6fb2822de6f7b8cf1049ea1_jpg_17.pkl
324,57,349,65,324,57,348,57,348,64,324,64,aaaaayyyyypaeeeeeeeeeeeeeeeeeeeeeeeeeeee,apr,0.623919665813446,0.1276945138350129,0.323888435959816,/content/outputs/inference/answersheet/model_finetune_640_results/res_5e3924dac6fb2822de6f7b8cf1049ea1_jpg_18.pkl
104,28,128,37,104,28,127,28,127,36,104,36,aae,the,0.6197259426116943,0.09907678763071696,0.4266826268285513,/content/outputs/inference/answersheet/model_finetune_640_results/res_5e3924dac6fb2822de6f7b8cf1049ea1_jpg_19.pkl
302,285,333,296,302,285,332,285,332,295,302,295,uuuuutttantt,was,0.806963324546814,0.12673325836658478,0.42738078720867634,/content/outputs/inference/answersheet/model_finetune_640_results/res_5e3924dac6fb2822de6f7b8cf1049ea1_jpg_20.pkl
299,99,322,109,299,99,321,99,321,108,299,108,hteept,the,0.6105546951293945,0.22065624097983041,0.4288599081337452,/content/outputs/inference/answersheet/model_finetune_640_results/res_5e3924dac6fb2822de6f7b8cf1049ea1_jpg_21.pkl
308,277,329,284,308,277,328,277,328,283,308,283,yypppnnaannnanwttttttttttttttttt,you,0.5691914558410645,0.1783828258048743,0.600865101441741,/content/outputs/inference/answersheet/model_finetune_640_results/res_5e3924dac6fb2822de6f7b8cf1049ea1_jpg_22.pkl
308,333,331,344,308,333,330,333,330,343,308,343,altttttttetteeee,the,0.5896472930908203,0.2881225859746337,0.6751948893070221,/content/outputs/inference/answersheet/model_finetune_640_results/res_5e3924dac6fb2822de6f7b8cf1049ea1_jpg_23.pkl
234,43,261,53,234,43,260,43,260,52,234,52,aaaaaaayyy,and,0.7330008745193481,0.22652394250035285,0.47442106157541275,/content/outputs/inference/answersheet/model_finetune_640_results/res_5e3924dac6fb2822de6f7b8cf1049ea1_jpg_24.pkl
