136,188,196,200,136,188,194,188,194,198,136,198,taaaaee,the,0.8500046730041504,0.29719665752989904,0.3852190002799034,/content/outputs/inference/answersheet/model_finetune_640_results/res_d43880f1463ef2a87f5962b03b89ba06_jpg_0.pkl
2,0,48,9,2,0,47,0,47,8,2,8,haaaamshheeeeeee,bright,0.5313609838485718,0.11795045249164104,0.3857427729027612,/content/outputs/inference/answersheet/model_finetune_640_results/res_d43880f1463ef2a87f5962b03b89ba06_jpg_1.pkl
217,188,274,201,217,188,272,188,272,199,217,199,asaaappe,from,0.5461041331291199,0.1586473546922207,0.5346963733434678,/content/outputs/inference/answersheet/model_finetune_640_results/res_d43880f1463ef2a87f5962b03b89ba06_jpg_2.pkl
343,187,390,201,345,187,389,187,389,200,345,200,eaoearrne,from,0.6159202456474304,0.19527290678686565,0.608092513680458,/content/outputs/inference/answersheet/model_finetune_640_results/res_d43880f1463ef2a87f5962b03b89ba06_jpg_3.pkl
292,187,349,200,292,187,348,187,348,199,292,199,teeesyaoat,from,0.6615903973579407,0.16042819395661354,0.512541851401329,/content/outputs/inference/answersheet/model_finetune_640_results/res_d43880f1463ef2a87f5962b03b89ba06_jpg_4.pkl
182,65,198,73,182,65,197,65,197,72,182,72,cgooooooooooss99900,of,0.7087822556495667,0.1356410035177281,0.547374834616979,/content/outputs/inference/answersheet/model_finetune_640_results/res_d43880f1463ef2a87f5962b03b89ba06_jpg_5.pkl
113,148,132,155,113,148,131,148,131,154,113,154,bbbbbbbbbbbtttttttttttttthyyttee,the,0.5321976542472839,0.24826345965266228,0.7487747259438038,/content/outputs/inference/answersheet/model_finetune_640_results/res_d43880f1463ef2a87f5962b03b89ba06_jpg_6.pkl
71,188,129,200,71,188,127,188,127,198,71,198,taheedeeeeeee,the,0.6185774803161621,0.317285146850806,0.40902552008628845,/content/outputs/inference/answersheet/model_finetune_640_results/res_d43880f1463ef2a87f5962b03b89ba06_jpg_7.pkl
41,144,115,157,43,144,113,144,113,155,43,155,hndgeaaddee,the,0.53289794921875,0.2736888900399208,0.4362533260136843,/content/outputs/inference/answersheet/model_finetune_640_results/res_d43880f1463ef2a87f5962b03b89ba06_jpg_8.pkl
364,110,411,124,364,110,410,110,410,123,364,123,ttbaeppuaatttttttteeee,from,0.572812557220459,0.23297280344096097,0.5621094152331352,/content/outputs/inference/answersheet/model_finetune_640_results/res_d43880f1463ef2a87f5962b03b89ba06_jpg_9.pkl
283,186,390,202,283,188,389,188,389,201,283,201,aaaeeeeeaaaoaare,from,0.6293573379516602,0.21624234691262245,0.46181419789791106,/content/outputs/inference/answersheet/model_finetune_640_results/res_d43880f1463ef2a87f5962b03b89ba06_jpg_10.pkl
43,189,67,200,43,189,66,189,66,199,43,199,athattte,the,0.6702874898910522,0.20785746164619923,0.675677590072155,/content/outputs/inference/answersheet/model_finetune_640_results/res_d43880f1463ef2a87f5962b03b89ba06_jpg_11.pkl
177,21,196,32,177,21,195,21,195,31,177,31,ooooccoogggddo,go,0.8322060108184814,0.27245969431740896,0.6398440102736155,/content/outputs/inference/answersheet/model_finetune_640_results/res_d43880f1463ef2a87f5962b03b89ba06_jpg_12.pkl
145,145,203,156,145,145,200,145,200,155,145,155,aadaaaaaadf,date,0.7279657125473022,0.234814928336577,0.39189044535160067,/content/outputs/inference/answersheet/model_finetune_640_results/res_d43880f1463ef2a87f5962b03b89ba06_jpg_13.pkl
285,266,330,278,285,266,329,266,329,277,285,277,aaeaaaiiiiieeeee,was,0.6025083065032959,0.21487855492159724,0.344368577003479,/content/outputs/inference/answersheet/model_finetune_640_results/res_d43880f1463ef2a87f5962b03b89ba06_jpg_14.pkl
142,63,198,75,142,63,197,63,197,74,142,74,ceseeeeeeeeeeeffffcdd,can,0.5013796091079712,0.39873238865818295,0.3493619039654732,/content/outputs/inference/answersheet/model_finetune_640_results/res_d43880f1463ef2a87f5962b03b89ba06_jpg_15.pkl
147,112,200,122,147,112,196,112,196,121,147,121,aaaaaaaaatttteeddd,date,0.5213704109191895,0.1413349099457264,0.49522804021835326,/content/outputs/inference/answersheet/model_finetune_640_results/res_d43880f1463ef2a87f5962b03b89ba06_jpg_16.pkl
309,145,328,155,309,145,327,145,327,154,309,154,a4a4hhhhhhhhhhhhhhhhhhhheeh4,the,0.5839874148368835,0.15450947066502912,0.6896441429853439,/content/outputs/inference/answersheet/model_finetune_640_results/res_d43880f1463ef2a87f5962b03b89ba06_jpg_17.pkl
74,254,132,266,76,254,131,254,131,265,76,265,ffoaaraeiip,from,0.6019343137741089,0.16998124664480035,0.6094989359378815,/content/outputs/inference/answersheet/model_finetune_640_results/res_d43880f1463ef2a87f5962b03b89ba06_jpg_18.pkl
237,112,291,123,237,112,290,112,290,122,237,122,aatldlhhtete,sender,0.577832818031311,0.15155507686237493,0.4725989954812186,/content/outputs/inference/answersheet/model_finetune_640_results/res_d43880f1463ef2a87f5962b03b89ba06_jpg_19.pkl
43,122,100,134,46,122,99,122,99,133,46,133,hhhnnaafatrtfyy,from,0.5193384885787964,0.12041988074779511,0.48284455984830854,/content/outputs/inference/answersheet/model_finetune_640_results/res_d43880f1463ef2a87f5962b03b89ba06_jpg_20.pkl
144,252,263,268,144,252,262,252,262,267,144,267,gceneee,coffeen,0.5506191849708557,0.1595476535814149,0.4662724379450083,/content/outputs/inference/answersheet/model_finetune_640_results/res_d43880f1463ef2a87f5962b03b89ba06_jpg_21.pkl
49,254,72,263,49,254,71,254,71,262,49,262,heheeee,the,0.6017105579376221,0.2230343637721879,0.6556209493428469,/content/outputs/inference/answersheet/model_finetune_640_results/res_d43880f1463ef2a87f5962b03b89ba06_jpg_22.pkl
203,45,219,53,203,45,218,45,218,52,203,52,gg6ggggggggsesoooooooyyyuu,of,0.6556440591812134,0.1421664936038164,0.4536971648534139,/content/outputs/inference/answersheet/model_finetune_640_results/res_d43880f1463ef2a87f5962b03b89ba06_jpg_23.pkl
43,146,67,155,43,146,66,146,66,154,43,154,hhneddd,the,0.6204906702041626,0.14577503076621465,0.7436066418886185,/content/outputs/inference/answersheet/model_finetune_640_results/res_d43880f1463ef2a87f5962b03b89ba06_jpg_24.pkl
202,87,221,97,202,87,220,87,220,96,202,96,tteggggggd3,the,0.7400286197662354,0.18872725557197223,0.5880014002323151,/content/outputs/inference/answersheet/model_finetune_640_results/res_d43880f1463ef2a87f5962b03b89ba06_jpg_25.pkl
161,40,183,51,161,40,180,40,180,50,161,50,gfggfffgsssssw,for,0.523020327091217,0.200608208243336,0.6125217638909817,/content/outputs/inference/answersheet/model_finetune_640_results/res_d43880f1463ef2a87f5962b03b89ba06_jpg_26.pkl
118,115,135,122,118,115,134,115,134,121,118,121,tttbbbbbbbbbbbbbbbaahhhhhbhhhhh,the,0.5767601132392883,0.12018420523212801,0.5820514615625143,/content/outputs/inference/answersheet/model_finetune_640_results/res_d43880f1463ef2a87f5962b03b89ba06_jpg_27.pkl
308,112,361,125,310,112,359,112,359,123,310,123,eeaaleeeee,the,0.5714523792266846,0.17614878118038177,0.34916387125849724,/content/outputs/inference/answersheet/model_finetune_640_results/res_d43880f1463ef2a87f5962b03b89ba06_jpg_28.pkl
46,113,74,122,46,113,73,113,73,121,46,121,ttttsheerreeeee,the,0.6047569513320923,0.21415476351976395,0.6620649881660938,/content/outputs/inference/answersheet/model_finetune_640_results/res_d43880f1463ef2a87f5962b03b89ba06_jpg_29.pkl
79,146,105,155,79,146,104,146,104,154,79,154,fffaaddyyeeeeeeeeeeeeeeeeee,for,0.5674311518669128,0.3397511781917678,0.49605458602309227,/content/outputs/inference/answersheet/model_finetune_640_results/res_d43880f1463ef2a87f5962b03b89ba06_jpg_30.pkl
