309,200,355,213,309,200,353,200,353,211,309,211,eeeeeeannd,courad,0.8672295212745667,0.28238136023283006,0.524655648640224,/content/outputs/inference/answersheet/model_finetune_640_results/res_92fa60833137d5ec98d52b1744e4904c_jpg_0.pkl
158,16,205,25,158,16,204,16,204,24,158,24,feeesssaaeeeadrttt,accental,0.6959993243217468,0.1470959393514527,0.4055059370067384,/content/outputs/inference/answersheet/model_finetune_640_results/res_92fa60833137d5ec98d52b1744e4904c_jpg_1.pkl
282,79,360,93,282,79,359,79,359,92,282,92,eewwtmmada,coffeen,0.7128881812095642,0.22262460440397264,0.45882913284003735,/content/outputs/inference/answersheet/model_finetune_640_results/res_92fa60833137d5ec98d52b1744e4904c_jpg_2.pkl
55,14,90,26,57,14,89,14,89,25,57,25,ddddaaaaaaa,data,0.6391650438308716,0.28047444129532034,0.5054408192634583,/content/outputs/inference/answersheet/model_finetune_640_results/res_92fa60833137d5ec98d52b1744e4904c_jpg_3.pkl
158,25,206,34,160,25,205,25,205,33,160,33,pseoaneeeeeeeet,from,0.672681987285614,0.16237881332635878,0.5723387867212295,/content/outputs/inference/answersheet/model_finetune_640_results/res_92fa60833137d5ec98d52b1744e4904c_jpg_4.pkl
99,25,151,36,99,25,149,25,149,34,99,34,teaaeeeeeeggephee,comping,0.6615636348724365,0.19725187999360702,0.4003772847354412,/content/outputs/inference/answersheet/model_finetune_640_results/res_92fa60833137d5ec98d52b1744e4904c_jpg_5.pkl
257,285,278,296,257,285,277,285,277,295,257,295,ttttttttttt1tt1t1t1111111dd9,to,0.7666021585464478,0.3604832563017096,0.6605686545372009,/content/outputs/inference/answersheet/model_finetune_640_results/res_92fa60833137d5ec98d52b1744e4904c_jpg_6.pkl
94,15,138,24,94,15,137,15,137,23,94,23,eeeeppeeeetitttt,sender,0.6036292314529419,0.24392401333898306,0.5686595397336143,/content/outputs/inference/answersheet/model_finetune_640_results/res_92fa60833137d5ec98d52b1744e4904c_jpg_7.pkl
222,279,243,289,222,279,242,279,242,288,222,288,eaddd9dddd,for,0.5665361881256104,0.261519068479538,0.661433145403862,/content/outputs/inference/answersheet/model_finetune_640_results/res_92fa60833137d5ec98d52b1744e4904c_jpg_8.pkl
269,256,292,268,269,256,291,256,291,267,269,267,44qqaaaattttttppd,off,0.8804031610488892,0.29206698431688194,0.6127990456297994,/content/outputs/inference/answersheet/model_finetune_640_results/res_92fa60833137d5ec98d52b1744e4904c_jpg_9.pkl
245,13,309,24,245,13,308,13,308,23,245,23,ttdotleeee,from,0.5587905049324036,0.2680212534964085,0.612170435488224,/content/outputs/inference/answersheet/model_finetune_640_results/res_92fa60833137d5ec98d52b1744e4904c_jpg_10.pkl
237,310,257,321,237,310,256,310,256,320,237,320,ooooo9o99999999,to,0.6924912333488464,0.1634277582168579,0.6223838925361633,/content/outputs/inference/answersheet/model_finetune_640_results/res_92fa60833137d5ec98d52b1744e4904c_jpg_11.pkl
242,114,294,124,242,114,293,114,293,123,242,123,abaeeeedte,bread,0.7270058989524841,0.13444892093539237,0.31678007791439694,/content/outputs/inference/answersheet/model_finetune_640_results/res_92fa60833137d5ec98d52b1744e4904c_jpg_12.pkl
296,302,320,312,296,302,319,302,319,311,296,311,444oonopoppo333333,for,0.5349533557891846,0.1816267826490932,0.592938344925642,/content/outputs/inference/answersheet/model_finetune_640_results/res_92fa60833137d5ec98d52b1744e4904c_jpg_13.pkl
93,47,137,62,93,47,136,47,136,61,93,61,aehsea,restar,0.7807563543319702,0.13447662567098936,0.5507221988269261,/content/outputs/inference/answersheet/model_finetune_640_results/res_92fa60833137d5ec98d52b1744e4904c_jpg_14.pkl
251,201,286,212,251,201,285,201,285,211,251,211,eeeeceeatttdd,card,0.7316359281539917,0.21872035815165594,0.5950396865606308,/content/outputs/inference/answersheet/model_finetune_640_results/res_92fa60833137d5ec98d52b1744e4904c_jpg_15.pkl
93,69,130,81,93,69,129,69,129,80,93,80,hhoaatee,the,0.5476097464561462,0.11064423993229866,0.447818286716938,/content/outputs/inference/answersheet/model_finetune_640_results/res_92fa60833137d5ec98d52b1744e4904c_jpg_16.pkl
133,73,158,82,133,73,157,73,157,81,133,81,ae,the,0.6572171449661255,0.17759452760219574,0.3510802108794451,/content/outputs/inference/answersheet/model_finetune_640_results/res_92fa60833137d5ec98d52b1744e4904c_jpg_17.pkl
263,179,291,190,263,179,290,179,290,189,263,189,444aaaad,and,0.7393742799758911,0.26052368991076946,0.6591682024300098,/content/outputs/inference/answersheet/model_finetune_640_results/res_92fa60833137d5ec98d52b1744e4904c_jpg_18.pkl
201,256,225,266,201,256,224,256,224,265,201,265,co,can,0.6246593594551086,0.3333881124854088,0.5319050177931786,/content/outputs/inference/answersheet/model_finetune_640_results/res_92fa60833137d5ec98d52b1744e4904c_jpg_19.pkl
