309,29,357,40,309,29,356,29,356,39,309,39,cccoyoaaaaeaaaaaaaaee,what,0.8560148477554321,0.2761372991261028,0.43715137243270874,/content/outputs/inference/answersheet/model_finetune_640_results/res_79d63d104f35e954072bd429eef64a16_jpg_0.pkl
0,18,38,31,0,18,37,18,37,30,0,30,faao,from,0.6369447112083435,0.2999296598136425,0.6691661298274993,/content/outputs/inference/answersheet/model_finetune_640_results/res_79d63d104f35e954072bd429eef64a16_jpg_1.pkl
248,29,304,41,248,29,303,29,303,40,248,40,gttafeesftff,the,0.7885439395904541,0.19912082391480604,0.4622724186629057,/content/outputs/inference/answersheet/model_finetune_640_results/res_79d63d104f35e954072bd429eef64a16_jpg_2.pkl
78,273,137,285,78,273,136,273,136,284,78,284,tbaaded,date,0.8259660005569458,0.21496702198471343,0.4618587136268616,/content/outputs/inference/answersheet/model_finetune_640_results/res_79d63d104f35e954072bd429eef64a16_jpg_3.pkl
290,317,371,332,290,317,370,317,370,331,290,331,eaae,messageid,0.657600462436676,0.2231927551329136,0.5852714635431766,/content/outputs/inference/answersheet/model_finetune_640_results/res_79d63d104f35e954072bd429eef64a16_jpg_4.pkl
39,51,107,64,39,51,106,51,106,63,39,63,ooessaeaaee,offee,0.6084743738174438,0.19953355938196182,0.49888009081284207,/content/outputs/inference/answersheet/model_finetune_640_results/res_79d63d104f35e954072bd429eef64a16_jpg_5.pkl
261,162,307,175,261,162,305,162,305,173,261,173,ffefsdaeeo,faster,0.6154664754867554,0.2772162392735481,0.6575027065617698,/content/outputs/inference/answersheet/model_finetune_640_results/res_79d63d104f35e954072bd429eef64a16_jpg_6.pkl
196,189,217,200,196,189,216,189,216,199,196,199,tt4444444add,the,0.687339723110199,0.42148767101267975,0.574632441624999,/content/outputs/inference/answersheet/model_finetune_640_results/res_79d63d104f35e954072bd429eef64a16_jpg_7.pkl
70,27,142,42,72,27,141,27,141,41,72,41,toeaabebe,toking,0.7778993248939514,0.2542299098438687,0.5714241883584431,/content/outputs/inference/answersheet/model_finetune_640_results/res_79d63d104f35e954072bd429eef64a16_jpg_8.pkl
158,163,179,174,158,163,178,163,178,173,158,173,66488888eeeeoe,for,0.7375323176383972,0.14001446696264402,0.5920926593244076,/content/outputs/inference/answersheet/model_finetune_640_results/res_79d63d104f35e954072bd429eef64a16_jpg_9.pkl
282,219,316,231,282,219,315,219,315,230,282,230,taatet,your,0.7031364440917969,0.2191356991728147,0.6314879730343819,/content/outputs/inference/answersheet/model_finetune_640_results/res_79d63d104f35e954072bd429eef64a16_jpg_10.pkl
189,209,206,216,189,209,205,209,205,215,189,215,tttk44lidsssss,for,0.7977129817008972,0.2993566409817764,0.6107483487576246,/content/outputs/inference/answersheet/model_finetune_640_results/res_79d63d104f35e954072bd429eef64a16_jpg_11.pkl
181,54,209,63,181,54,208,54,208,62,181,62,fhdddddddddeeeeeeeeeeeee,the,0.7841116189956665,0.3867164229353269,0.6409421525895596,/content/outputs/inference/answersheet/model_finetune_640_results/res_79d63d104f35e954072bd429eef64a16_jpg_12.pkl
0,273,57,285,0,273,56,273,56,284,0,284,g4449g9deeeeeeaoo,from,0.5024018287658691,0.25500741250374737,0.6349085941910744,/content/outputs/inference/answersheet/model_finetune_640_results/res_79d63d104f35e954072bd429eef64a16_jpg_13.pkl
41,276,56,285,41,276,55,276,55,284,41,284,o,to,0.6974001526832581,0.2459717094898224,0.6958881070216497,/content/outputs/inference/answersheet/model_finetune_640_results/res_79d63d104f35e954072bd429eef64a16_jpg_14.pkl
0,274,25,284,0,274,24,274,24,283,0,283,g44444444444444h444999aadbdd,for,0.6695607304573059,0.21355019536401545,0.5321750286966562,/content/outputs/inference/answersheet/model_finetune_640_results/res_79d63d104f35e954072bd429eef64a16_jpg_15.pkl
289,206,314,216,289,206,313,206,313,215,289,215,444thhhaaaaaatttt,the,0.6436386704444885,0.20197451421443155,0.5642923340201378,/content/outputs/inference/answersheet/model_finetune_640_results/res_79d63d104f35e954072bd429eef64a16_jpg_16.pkl
199,241,241,254,199,241,238,241,238,253,199,253,ssttnnna,some,0.5175511837005615,0.24269330874085426,0.43438680917024614,/content/outputs/inference/answersheet/model_finetune_640_results/res_79d63d104f35e954072bd429eef64a16_jpg_17.pkl
314,350,371,364,314,350,370,350,370,363,314,363,ssaadd,from,0.5183455944061279,0.19238469501336417,0.6349912285804749,/content/outputs/inference/answersheet/model_finetune_640_results/res_79d63d104f35e954072bd429eef64a16_jpg_18.pkl
160,273,200,285,160,273,199,273,199,284,160,284,hhaaaaaa,from,0.5235013961791992,0.2878471240401268,0.4912856012582779,/content/outputs/inference/answersheet/model_finetune_640_results/res_79d63d104f35e954072bd429eef64a16_jpg_19.pkl
289,51,306,61,289,51,305,51,305,60,289,60,ddfteecddddddaddddddddddddddddtttllll,for,0.5631363987922668,0.288576369752755,0.5512625947594643,/content/outputs/inference/answersheet/model_finetune_640_results/res_79d63d104f35e954072bd429eef64a16_jpg_20.pkl
304,51,320,60,304,51,319,51,319,59,304,59,lltthhheeeeeee,the,0.5217669606208801,0.23044701239892415,0.5902891680598259,/content/outputs/inference/answersheet/model_finetune_640_results/res_79d63d104f35e954072bd429eef64a16_jpg_21.pkl
211,63,231,73,211,63,230,63,230,72,211,72,111tteee,the,0.6212444305419922,0.22970544919371605,0.7105021625757217,/content/outputs/inference/answersheet/model_finetune_640_results/res_79d63d104f35e954072bd429eef64a16_jpg_22.pkl
39,120,56,132,39,120,55,120,55,131,39,131,aaooo,to,0.5308016538619995,0.32196048349142076,0.6672832071781158,/content/outputs/inference/answersheet/model_finetune_640_results/res_79d63d104f35e954072bd429eef64a16_jpg_23.pkl
346,297,368,307,346,297,367,297,367,306,346,306,tteooeeeeeeee,the,0.7870718836784363,0.16651710925193933,0.6821998506784439,/content/outputs/inference/answersheet/model_finetune_640_results/res_79d63d104f35e954072bd429eef64a16_jpg_24.pkl
323,53,347,63,323,53,346,53,346,62,323,62,teeeee,the,0.6119369268417358,0.17959341406822205,0.5604438371956348,/content/outputs/inference/answersheet/model_finetune_640_results/res_79d63d104f35e954072bd429eef64a16_jpg_25.pkl
74,75,129,86,74,75,128,75,128,85,74,85,siosoeoooowudttteeee,sender,0.5207191109657288,0.19087908193469047,0.5534786975809506,/content/outputs/inference/answersheet/model_finetune_640_results/res_79d63d104f35e954072bd429eef64a16_jpg_26.pkl
245,80,335,97,250,80,333,80,333,95,250,95,aattttalallletdta,station,0.6898723840713501,0.1823357575956513,0.4213534016162157,/content/outputs/inference/answersheet/model_finetune_640_results/res_79d63d104f35e954072bd429eef64a16_jpg_27.pkl
309,74,356,86,311,74,355,74,355,85,311,85,eeeeanntn,and,0.5651687979698181,0.15396323137813145,0.49624909460544586,/content/outputs/inference/answersheet/model_finetune_640_results/res_79d63d104f35e954072bd429eef64a16_jpg_28.pkl
198,77,223,84,198,77,222,77,222,83,198,83,afeaottttttttttttttttt,and,0.5427457094192505,0.18309078602628273,0.4778937716037035,/content/outputs/inference/answersheet/model_finetune_640_results/res_79d63d104f35e954072bd429eef64a16_jpg_29.pkl
120,53,154,62,120,53,153,53,153,61,120,61,ksseooooooed,from,0.5315980911254883,0.25012648788591224,0.6364892043173314,/content/outputs/inference/answersheet/model_finetune_640_results/res_79d63d104f35e954072bd429eef64a16_jpg_30.pkl
264,52,290,61,264,52,289,52,289,60,264,60,srnndddddd,the,0.5671539306640625,0.3060763068497181,0.536875719204545,/content/outputs/inference/answersheet/model_finetune_640_results/res_79d63d104f35e954072bd429eef64a16_jpg_31.pkl
286,63,308,70,286,63,307,63,307,69,286,69,seswwweeeeeeeeeeeeeeeeeeeeeeeeeeeee,come,0.515072762966156,0.17320294358900615,0.37574203610420226,/content/outputs/inference/answersheet/model_finetune_640_results/res_79d63d104f35e954072bd429eef64a16_jpg_32.pkl
