254,11,324,23,254,11,323,11,323,22,254,22,sdeanne,compers,0.6787644624710083,0.1041921888078962,0.354184590280056,/content/outputs/inference/answersheet/model_finetune_640_results/res_3c61a44a7b903c83e03cd6909b7f6ae5_jpg_0.pkl
206,12,252,24,206,12,251,12,251,23,206,23,eeue,from,0.714930534362793,0.13434423133730888,0.6014100775122643,/content/outputs/inference/answersheet/model_finetune_640_results/res_3c61a44a7b903c83e03cd6909b7f6ae5_jpg_1.pkl
325,389,368,400,325,389,365,389,365,399,325,399,dee,from,0.5086636543273926,0.10179303834835689,0.5592138588428497,/content/outputs/inference/answersheet/model_finetune_640_results/res_3c61a44a7b903c83e03cd6909b7f6ae5_jpg_2.pkl
297,209,357,223,297,209,356,209,356,222,297,222,tsseee,state,0.6575465202331543,0.30158791691064835,0.31577905764182407,/content/outputs/inference/answersheet/model_finetune_640_results/res_3c61a44a7b903c83e03cd6909b7f6ae5_jpg_3.pkl
276,387,318,400,276,387,317,387,317,399,276,399,ooooyttvvppee,you,0.6450657844543457,0.2228973055115113,0.6861069090664387,/content/outputs/inference/answersheet/model_finetune_640_results/res_3c61a44a7b903c83e03cd6909b7f6ae5_jpg_4.pkl
346,256,387,268,346,256,386,256,386,267,346,267,aaheiirereeee,sender,0.6404169797897339,0.10667318678819217,0.44005570667130606,/content/outputs/inference/answersheet/model_finetune_640_results/res_3c61a44a7b903c83e03cd6909b7f6ae5_jpg_5.pkl
150,211,170,220,150,211,169,211,169,219,150,219,ffffffff,from,0.5452827215194702,0.16232673171907663,0.5659638166427612,/content/outputs/inference/answersheet/model_finetune_640_results/res_3c61a44a7b903c83e03cd6909b7f6ae5_jpg_6.pkl
111,221,134,232,113,221,133,221,133,231,113,231,feeaeeeeeee,come,0.6775452494621277,0.22725300287658518,0.4994211494922638,/content/outputs/inference/answersheet/model_finetune_640_results/res_3c61a44a7b903c83e03cd6909b7f6ae5_jpg_7.pkl
158,299,211,313,158,299,210,299,210,312,158,312,ddttteasee,restaring,0.5439796447753906,0.13258155211806297,0.4630289264023304,/content/outputs/inference/answersheet/model_finetune_640_results/res_3c61a44a7b903c83e03cd6909b7f6ae5_jpg_8.pkl
43,80,67,91,43,80,66,80,66,90,43,90,at,and,0.6113695502281189,0.25118983536958694,0.5835905373096466,/content/outputs/inference/answersheet/model_finetune_640_results/res_3c61a44a7b903c83e03cd6909b7f6ae5_jpg_9.pkl
75,210,111,223,75,211,109,209,110,219,75,222,fheoaaaeaeaeeept,from,0.5071640014648438,0.14136983873322606,0.6686028480529785,/content/outputs/inference/answersheet/model_finetune_640_results/res_3c61a44a7b903c83e03cd6909b7f6ae5_jpg_10.pkl
85,201,112,211,85,201,111,201,111,210,85,210,iiiiiiiiiite,from,0.7260182499885559,0.18024615881343684,0.5917085632681847,/content/outputs/inference/answersheet/model_finetune_640_results/res_3c61a44a7b903c83e03cd6909b7f6ae5_jpg_11.pkl
57,11,114,24,59,11,113,11,113,23,59,23,eeeeee,can,0.6990333199501038,0.12758735567331314,0.26069899648427963,/content/outputs/inference/answersheet/model_finetune_640_results/res_3c61a44a7b903c83e03cd6909b7f6ae5_jpg_12.pkl
245,7,374,25,247,9,373,9,373,24,247,24,eeeeee,messageid,0.5237494111061096,0.17964505776762962,0.6340775117278099,/content/outputs/inference/answersheet/model_finetune_640_results/res_3c61a44a7b903c83e03cd6909b7f6ae5_jpg_13.pkl
315,244,340,257,315,244,339,244,339,256,315,256,ttto,and,0.5565230846405029,0.259617168456316,0.6089591085910797,/content/outputs/inference/answersheet/model_finetune_640_results/res_3c61a44a7b903c83e03cd6909b7f6ae5_jpg_14.pkl
363,211,403,222,363,211,402,211,402,221,363,221,llaaahhhfeeeeeeeaes,that,0.716604471206665,0.2778028822258899,0.478772234916687,/content/outputs/inference/answersheet/model_finetune_640_results/res_3c61a44a7b903c83e03cd6909b7f6ae5_jpg_15.pkl
127,17,159,29,127,17,158,17,158,28,127,28,fthoagagggoggggoeaeaeeee,from,0.5550222396850586,0.14720257030179104,0.5942125082015991,/content/outputs/inference/answersheet/model_finetune_640_results/res_3c61a44a7b903c83e03cd6909b7f6ae5_jpg_16.pkl
369,247,389,255,369,247,388,247,388,254,369,254,aeeeeeedfd,the,0.5333666801452637,0.2114527218043804,0.5502513982355595,/content/outputs/inference/answersheet/model_finetune_640_results/res_3c61a44a7b903c83e03cd6909b7f6ae5_jpg_17.pkl
125,11,188,24,128,11,187,11,187,23,128,23,eoeeeee,come,0.6358135938644409,0.15785306159939086,0.3812070250511169,/content/outputs/inference/answersheet/model_finetune_640_results/res_3c61a44a7b903c83e03cd6909b7f6ae5_jpg_18.pkl
236,99,332,115,239,99,330,99,330,113,239,113,susuusssssrtseeteeeette,crapersity,0.5522569417953491,0.17845973923154498,0.4627449072220109,/content/outputs/inference/answersheet/model_finetune_640_results/res_3c61a44a7b903c83e03cd6909b7f6ae5_jpg_19.pkl
336,81,361,91,336,81,360,81,360,90,336,90,aaahe,the,0.503654420375824,0.1158784344792366,0.5718496162444353,/content/outputs/inference/answersheet/model_finetune_640_results/res_3c61a44a7b903c83e03cd6909b7f6ae5_jpg_20.pkl
59,12,87,23,59,12,86,12,86,22,59,22,e,come,0.5698001980781555,0.11665578186511993,0.43310530483722687,/content/outputs/inference/answersheet/model_finetune_640_results/res_3c61a44a7b903c83e03cd6909b7f6ae5_jpg_21.pkl
