249,172,321,183,249,172,320,172,320,182,249,182,seaeeeeeees,from,0.5883526802062988,0.2736046104268594,0.523094916343689,/content/outputs/inference/answersheet/model_finetune_640_results/res_a1e58bc3a94243d9f44af255cec8a39a_jpg_0.pkl
155,340,176,350,155,340,175,340,175,349,155,349,aeee,from,0.5525271892547607,0.10515106283128262,0.6496075928211212,/content/outputs/inference/answersheet/model_finetune_640_results/res_a1e58bc3a94243d9f44af255cec8a39a_jpg_1.pkl
135,18,191,27,135,18,188,18,188,26,135,26,eaabd,breading,0.6500864624977112,0.07959077209234237,0.4189356979396608,/content/outputs/inference/answersheet/model_finetune_640_results/res_a1e58bc3a94243d9f44af255cec8a39a_jpg_2.pkl
328,19,382,30,328,19,381,19,381,29,328,29,eeaaeeeaeee,restrice,0.6878758668899536,0.12506735189394516,0.4132239859965112,/content/outputs/inference/answersheet/model_finetune_640_results/res_a1e58bc3a94243d9f44af255cec8a39a_jpg_3.pkl
133,171,180,183,133,171,179,171,179,182,133,182,see,from,0.622660756111145,0.13016234089930853,0.5832040131092071,/content/outputs/inference/answersheet/model_finetune_640_results/res_a1e58bc3a94243d9f44af255cec8a39a_jpg_4.pkl
61,17,87,28,61,17,86,17,86,27,61,27,bohoooth,school,0.7823050022125244,0.1174705782905221,0.4309930375644139,/content/outputs/inference/answersheet/model_finetune_640_results/res_a1e58bc3a94243d9f44af255cec8a39a_jpg_5.pkl
169,172,249,183,171,172,247,172,247,181,171,181,eeeee,brice,0.5046512484550476,0.12362990826368332,0.33404502272605896,/content/outputs/inference/answersheet/model_finetune_640_results/res_a1e58bc3a94243d9f44af255cec8a39a_jpg_6.pkl
102,173,125,182,102,173,124,173,124,181,102,181,ae,the,0.6393182873725891,0.3735644891858101,0.420961182564497,/content/outputs/inference/answersheet/model_finetune_640_results/res_a1e58bc3a94243d9f44af255cec8a39a_jpg_7.pkl
275,19,373,29,275,19,372,19,372,28,275,28,afthddohaeeeeeeeoaeeeea,restrice,0.562096893787384,0.1244089438215546,0.3847365768419372,/content/outputs/inference/answersheet/model_finetune_640_results/res_a1e58bc3a94243d9f44af255cec8a39a_jpg_8.pkl
66,293,90,303,66,293,89,293,89,302,66,302,fffheeeee,the,0.6020097136497498,0.36069604754447937,0.670390672981739,/content/outputs/inference/answersheet/model_finetune_640_results/res_a1e58bc3a94243d9f44af255cec8a39a_jpg_9.pkl
65,315,103,326,65,315,102,315,102,325,65,325,e,from,0.5192607045173645,0.11571288108825684,0.5638616234064102,/content/outputs/inference/answersheet/model_finetune_640_results/res_a1e58bc3a94243d9f44af255cec8a39a_jpg_10.pkl
88,26,120,38,88,26,119,26,119,37,88,37,hteeee,the,0.681419849395752,0.19197367504239082,0.569005124270916,/content/outputs/inference/answersheet/model_finetune_640_results/res_a1e58bc3a94243d9f44af255cec8a39a_jpg_11.pkl
86,19,110,29,86,19,109,19,109,28,86,28,b,bre,0.6207155585289001,0.11719837784767151,0.33362360298633575,/content/outputs/inference/answersheet/model_finetune_640_results/res_a1e58bc3a94243d9f44af255cec8a39a_jpg_12.pkl
110,316,139,326,110,316,138,316,138,325,110,325,ffe,from,0.5675811171531677,0.29956188797950745,0.5896431133151054,/content/outputs/inference/answersheet/model_finetune_640_results/res_a1e58bc3a94243d9f44af255cec8a39a_jpg_13.pkl
292,20,324,29,292,20,323,20,323,28,292,28,ddddodaamaeeeeee,come,0.5792744159698486,0.1422355615068227,0.3324149876832962,/content/outputs/inference/answersheet/model_finetune_640_results/res_a1e58bc3a94243d9f44af255cec8a39a_jpg_14.pkl
59,171,91,183,61,171,90,171,90,182,61,182,d,sender,0.5421990156173706,0.09917587786912918,0.5855671614408493,/content/outputs/inference/answersheet/model_finetune_640_results/res_a1e58bc3a94243d9f44af255cec8a39a_jpg_15.pkl
