297,33,339,44,297,33,338,33,338,43,297,43,ay,from,0.6414438486099243,0.1870713010430336,0.4650573402643204,/content/outputs/inference/answersheet/model_finetune_640_results/res_d7130eb58c7c851b90bacf4b14a82600_jpg_0.pkl
12,6,33,19,14,6,32,6,32,18,14,18,ca,get,0.7026898860931396,0.13886234164237976,0.4193347841501236,/content/outputs/inference/answersheet/model_finetune_640_results/res_d7130eb58c7c851b90bacf4b14a82600_jpg_1.pkl
335,346,352,355,335,346,351,346,351,354,335,354,nttddddde,the,0.6397188901901245,0.13482770572106043,0.5681029744446278,/content/outputs/inference/answersheet/model_finetune_640_results/res_d7130eb58c7c851b90bacf4b14a82600_jpg_2.pkl
116,36,171,47,116,36,170,36,170,46,116,46,etteaeeeeeee,the,0.5466430187225342,0.28923240676522255,0.35742683708667755,/content/outputs/inference/answersheet/model_finetune_640_results/res_d7130eb58c7c851b90bacf4b14a82600_jpg_3.pkl
178,113,266,125,178,113,262,113,262,124,178,124,dttaeoadd,cromed,0.5573346614837646,0.2574852796064483,0.39821164309978485,/content/outputs/inference/answersheet/model_finetune_640_results/res_d7130eb58c7c851b90bacf4b14a82600_jpg_4.pkl
178,339,231,352,178,339,230,339,230,351,178,351,aappggnnneeee,charge,0.5016119480133057,0.17467005894734308,0.42649910279682707,/content/outputs/inference/answersheet/model_finetune_640_results/res_d7130eb58c7c851b90bacf4b14a82600_jpg_5.pkl
159,49,180,58,159,49,179,49,179,57,159,57,laee,and,0.525059700012207,0.11650186963379383,0.3174842931330204,/content/outputs/inference/answersheet/model_finetune_640_results/res_d7130eb58c7c851b90bacf4b14a82600_jpg_6.pkl
36,37,55,47,36,37,54,37,54,46,36,46,bhhhhtooooyyyyyyyy,the,0.7337101101875305,0.20114195802145535,0.6952271610498428,/content/outputs/inference/answersheet/model_finetune_640_results/res_d7130eb58c7c851b90bacf4b14a82600_jpg_7.pkl
289,289,336,300,289,289,334,289,334,298,289,298,teeeeee,from,0.7107657194137573,0.2112841425197465,0.5853530496358872,/content/outputs/inference/answersheet/model_finetune_640_results/res_d7130eb58c7c851b90bacf4b14a82600_jpg_8.pkl
34,5,78,15,34,5,74,5,74,13,34,13,taape,bread,0.5762543082237244,0.18130727410316466,0.3289637118577957,/content/outputs/inference/answersheet/model_finetune_640_results/res_d7130eb58c7c851b90bacf4b14a82600_jpg_9.pkl
36,137,77,150,38,137,76,137,76,149,38,149,aaaeeayaa,sale,0.5667806267738342,0.21221137709087795,0.5252099573612213,/content/outputs/inference/answersheet/model_finetune_640_results/res_d7130eb58c7c851b90bacf4b14a82600_jpg_10.pkl
127,325,188,337,129,325,186,325,186,335,129,335,gadyyaaeaeggggeeete,gread,0.7025756239891052,0.14212653785943985,0.3572412356734276,/content/outputs/inference/answersheet/model_finetune_640_results/res_d7130eb58c7c851b90bacf4b14a82600_jpg_11.pkl
192,316,210,325,192,316,209,316,209,324,192,324,bdooyyyy,the,0.7792010307312012,0.13041138648986816,0.6244616806507111,/content/outputs/inference/answersheet/model_finetune_640_results/res_d7130eb58c7c851b90bacf4b14a82600_jpg_12.pkl
270,36,292,44,270,36,291,36,291,43,270,43,eheeeeee,from,0.6774290800094604,0.24305864330381155,0.6480364516377449,/content/outputs/inference/answersheet/model_finetune_640_results/res_d7130eb58c7c851b90bacf4b14a82600_jpg_13.pkl
264,328,355,344,268,328,354,328,354,343,268,343,oogrooorfroatee,coffee,0.661146879196167,0.14184752653042476,0.4822259247303009,/content/outputs/inference/answersheet/model_finetune_640_results/res_d7130eb58c7c851b90bacf4b14a82600_jpg_14.pkl
167,148,183,155,167,148,182,148,182,154,167,154,ftttttttttttttttthhhhhhh,the,0.5070766806602478,0.2427513354147474,0.7447630763053894,/content/outputs/inference/answersheet/model_finetune_640_results/res_d7130eb58c7c851b90bacf4b14a82600_jpg_15.pkl
178,338,210,348,178,338,209,338,209,347,178,347,egeggggoooahhahhuhhuhuuouoaooaabbaeggoa,chap,0.5232659578323364,0.14395673152727959,0.39896159172058104,/content/outputs/inference/answersheet/model_finetune_640_results/res_d7130eb58c7c851b90bacf4b14a82600_jpg_16.pkl
185,329,209,336,185,329,208,329,208,335,185,335,eeeeaaawassdaaaaeeeeeaas,come,0.5113282203674316,0.12269774234543245,0.32543049156665804,/content/outputs/inference/answersheet/model_finetune_640_results/res_d7130eb58c7c851b90bacf4b14a82600_jpg_17.pkl
38,72,64,82,38,72,63,72,63,81,38,81,ffffffftttteeteeeeeeeteeee,the,0.6455734968185425,0.18810350734453934,0.5469920858740807,/content/outputs/inference/answersheet/model_finetune_640_results/res_d7130eb58c7c851b90bacf4b14a82600_jpg_18.pkl
318,315,335,325,318,315,334,315,334,324,318,324,kkkoodddy,off,0.6262896060943604,0.17488576471805573,0.5273504480719566,/content/outputs/inference/answersheet/model_finetune_640_results/res_d7130eb58c7c851b90bacf4b14a82600_jpg_19.pkl
184,324,238,338,184,326,237,326,237,337,184,337,eassseessssaon,come,0.5559356212615967,0.1337703801691532,0.3237934082746506,/content/outputs/inference/answersheet/model_finetune_640_results/res_d7130eb58c7c851b90bacf4b14a82600_jpg_20.pkl
166,293,189,303,166,293,188,293,188,302,166,302,tdbbety,the,0.5639784932136536,0.12170976187501635,0.5738372057676315,/content/outputs/inference/answersheet/model_finetune_640_results/res_d7130eb58c7c851b90bacf4b14a82600_jpg_21.pkl
72,38,98,46,72,38,97,38,97,45,72,45,eyggtiiiitthttt,date,0.5912463665008545,0.12940764526526133,0.5418418496847153,/content/outputs/inference/answersheet/model_finetune_640_results/res_d7130eb58c7c851b90bacf4b14a82600_jpg_22.pkl
