254,12,314,24,254,12,311,12,311,23,254,23,teefeedttttd,the,0.6827695369720459,0.22927491925656796,0.3996010012924671,/content/outputs/inference/answersheet/model_finetune_1000_results/res_bcb8d0b464a7ffe2b7812c9308c5927a_jpg_0.pkl
197,35,242,48,197,35,241,35,241,47,197,47,peee,becable,0.6074399948120117,0.1592889353632927,0.4446635441854596,/content/outputs/inference/answersheet/model_finetune_1000_results/res_bcb8d0b464a7ffe2b7812c9308c5927a_jpg_1.pkl
344,13,409,24,344,13,408,13,408,23,344,23,taaaaaaeeedddkee,bread,0.5436975359916687,0.26005163230001926,0.3787971685330073,/content/outputs/inference/answersheet/model_finetune_1000_results/res_bcb8d0b464a7ffe2b7812c9308c5927a_jpg_2.pkl
314,33,367,48,314,33,365,33,365,46,314,46,seeeessee,the,0.5807327628135681,0.22932233495844734,0.3668604139238596,/content/outputs/inference/answersheet/model_finetune_1000_results/res_bcb8d0b464a7ffe2b7812c9308c5927a_jpg_3.pkl
84,234,150,248,84,234,147,234,147,247,84,247,dffaeaeedr,restraid,0.6042727828025818,0.15187540873885155,0.404292273024718,/content/outputs/inference/answersheet/model_finetune_1000_results/res_bcb8d0b464a7ffe2b7812c9308c5927a_jpg_4.pkl
164,11,252,23,164,11,251,11,251,22,164,22,deenccsdatttaettsesee,coffee,0.6023783087730408,0.1350601361620994,0.38891748977558954,/content/outputs/inference/answersheet/model_finetune_1000_results/res_bcb8d0b464a7ffe2b7812c9308c5927a_jpg_5.pkl
97,11,155,24,99,11,154,11,154,23,99,23,glaaaaaees,sale,0.5350837707519531,0.22989247888326644,0.4482884585857391,/content/outputs/inference/answersheet/model_finetune_1000_results/res_bcb8d0b464a7ffe2b7812c9308c5927a_jpg_6.pkl
128,34,176,48,128,34,173,34,173,47,128,47,ye,the,0.7597802877426147,0.16160019859671593,0.39344824850559235,/content/outputs/inference/answersheet/model_finetune_1000_results/res_bcb8d0b464a7ffe2b7812c9308c5927a_jpg_7.pkl
107,256,168,270,107,256,167,256,167,269,107,269,attalltittaeett,date,0.5921530723571777,0.1625559315085411,0.5106687769293785,/content/outputs/inference/answersheet/model_finetune_1000_results/res_bcb8d0b464a7ffe2b7812c9308c5927a_jpg_8.pkl
257,36,275,45,257,36,274,36,274,44,257,44,ftttttttoyyyy,to,0.5476252436637878,0.3325371278020052,0.8519452214241028,/content/outputs/inference/answersheet/model_finetune_1000_results/res_bcb8d0b464a7ffe2b7812c9308c5927a_jpg_9.pkl
343,257,408,270,343,257,407,257,407,269,343,269,afgsstassed,sechards,0.5858095288276672,0.17216929928822952,0.4098323881626129,/content/outputs/inference/answersheet/model_finetune_1000_results/res_bcb8d0b464a7ffe2b7812c9308c5927a_jpg_10.pkl
296,256,339,269,296,256,338,256,338,268,296,268,eeeeeeeesesssssss,the,0.6318675875663757,0.25583578690009956,0.5253834463655949,/content/outputs/inference/answersheet/model_finetune_1000_results/res_bcb8d0b464a7ffe2b7812c9308c5927a_jpg_11.pkl
72,259,90,269,72,259,89,259,89,268,72,268,attdsee,the,0.6003455519676208,0.34792296481984003,0.6428068429231644,/content/outputs/inference/answersheet/model_finetune_1000_results/res_bcb8d0b464a7ffe2b7812c9308c5927a_jpg_12.pkl
102,280,128,291,102,280,127,280,127,290,102,290,tteeeeeeeeaaeeeeaaaaaaaaaastttpeeeeeeeeeee,from,0.7277335524559021,0.16822494034256255,0.6648218542337417,/content/outputs/inference/answersheet/model_finetune_1000_results/res_bcb8d0b464a7ffe2b7812c9308c5927a_jpg_13.pkl
153,11,179,21,153,11,178,11,178,20,153,20,ssgsgehhdddyyy,such,0.5652987360954285,0.1430553144642285,0.36840596199035647,/content/outputs/inference/answersheet/model_finetune_1000_results/res_bcb8d0b464a7ffe2b7812c9308c5927a_jpg_14.pkl
369,101,412,113,369,101,411,101,411,112,369,112,eeaaadt,schard,0.5375449061393738,0.15901851334742137,0.4031544327735901,/content/outputs/inference/answersheet/model_finetune_1000_results/res_bcb8d0b464a7ffe2b7812c9308c5927a_jpg_15.pkl
235,190,250,199,235,190,249,190,249,198,235,198,tff2dtfe,the,0.6174737215042114,0.17654832173138857,0.6952495910227299,/content/outputs/inference/answersheet/model_finetune_1000_results/res_bcb8d0b464a7ffe2b7812c9308c5927a_jpg_16.pkl
383,35,408,45,383,35,407,35,407,44,383,44,ffffataaerdddtde,from,0.58844393491745,0.2661798447370529,0.6162956953048706,/content/outputs/inference/answersheet/model_finetune_1000_results/res_bcb8d0b464a7ffe2b7812c9308c5927a_jpg_17.pkl
294,13,311,23,294,13,310,13,310,22,294,22,ettppp,the,0.5097367167472839,0.12492068608601888,0.5700418874621391,/content/outputs/inference/answersheet/model_finetune_1000_results/res_bcb8d0b464a7ffe2b7812c9308c5927a_jpg_18.pkl
340,35,363,46,340,35,362,35,362,45,340,45,heeeeeeee,the,0.6259526610374451,0.3259557634592056,0.5189888384193182,/content/outputs/inference/answersheet/model_finetune_1000_results/res_bcb8d0b464a7ffe2b7812c9308c5927a_jpg_19.pkl
107,55,133,69,106,57,131,54,133,65,107,69,hah,sale,0.7641659379005432,0.11069043229023616,0.47629972696304324,/content/outputs/inference/answersheet/model_finetune_1000_results/res_bcb8d0b464a7ffe2b7812c9308c5927a_jpg_20.pkl
213,15,245,23,213,15,244,15,244,22,213,22,hhheegeegesaaaaaassee,from,0.5908353328704834,0.1316578501746768,0.6318533763289451,/content/outputs/inference/answersheet/model_finetune_1000_results/res_bcb8d0b464a7ffe2b7812c9308c5927a_jpg_21.pkl
258,13,288,22,258,13,287,13,287,21,258,21,teeeeee,the,0.510478675365448,0.28500804730824064,0.5495135337114334,/content/outputs/inference/answersheet/model_finetune_1000_results/res_bcb8d0b464a7ffe2b7812c9308c5927a_jpg_22.pkl
