201,33,263,47,201,33,260,33,260,46,201,46,eeeeeswa,restral,0.8315078616142273,0.23844767920672894,0.47122329380363226,/content/outputs/inference/answersheet/model_finetune_1000_results/res_5772f3aa37b770ae80014e57ca1d1b3a_jpg_0.pkl
108,11,189,24,108,11,188,11,188,23,108,23,tttegeegasssssssetadda,from,0.711977481842041,0.20996100320057434,0.5138309001922607,/content/outputs/inference/answersheet/model_finetune_1000_results/res_5772f3aa37b770ae80014e57ca1d1b3a_jpg_1.pkl
161,50,218,62,161,50,216,50,216,60,161,60,sssafnnfnfnnnnndnannnnoe,sender,0.9041174650192261,0.24158626267065605,0.6413215824535915,/content/outputs/inference/answersheet/model_finetune_1000_results/res_5772f3aa37b770ae80014e57ca1d1b3a_jpg_2.pkl
199,121,296,135,199,121,295,121,295,134,199,134,tffaaaarr,coffeen,0.7507193088531494,0.15232469969325596,0.43395406659692526,/content/outputs/inference/answersheet/model_finetune_1000_results/res_5772f3aa37b770ae80014e57ca1d1b3a_jpg_3.pkl
174,66,229,79,174,66,228,66,228,78,174,78,ttasseeeeees,sale,0.5565295219421387,0.2779921516776085,0.4171675056219101,/content/outputs/inference/answersheet/model_finetune_1000_results/res_5772f3aa37b770ae80014e57ca1d1b3a_jpg_4.pkl
161,35,188,44,161,35,187,35,187,43,161,43,sssmmmddddddahttle,some,0.5635479688644409,0.19553743095861542,0.4543974928557873,/content/outputs/inference/answersheet/model_finetune_1000_results/res_5772f3aa37b770ae80014e57ca1d1b3a_jpg_5.pkl
132,126,155,135,132,126,154,126,154,134,132,134,aaaty,from,0.6332871317863464,0.14417831152677535,0.65832289904356,/content/outputs/inference/answersheet/model_finetune_1000_results/res_5772f3aa37b770ae80014e57ca1d1b3a_jpg_6.pkl
151,34,197,46,151,34,196,34,196,45,151,45,smdelletty,sale,0.8406287431716919,0.2033936321735382,0.5168608099222183,/content/outputs/inference/answersheet/model_finetune_1000_results/res_5772f3aa37b770ae80014e57ca1d1b3a_jpg_7.pkl
179,142,231,154,182,142,230,142,230,153,182,153,eehahhlteeeeee,date,0.5940670967102051,0.14292331731745175,0.5455572351813316,/content/outputs/inference/answersheet/model_finetune_1000_results/res_5772f3aa37b770ae80014e57ca1d1b3a_jpg_8.pkl
159,53,180,63,159,53,179,53,179,62,159,62,ssssayyfpp,say,0.5097363591194153,0.20787278935313225,0.5138202533125877,/content/outputs/inference/answersheet/model_finetune_1000_results/res_5772f3aa37b770ae80014e57ca1d1b3a_jpg_9.pkl
196,49,220,59,196,49,219,49,219,58,196,58,htooooosseeee,for,0.5208043456077576,0.3999819921759459,0.6411768198013306,/content/outputs/inference/answersheet/model_finetune_1000_results/res_5772f3aa37b770ae80014e57ca1d1b3a_jpg_10.pkl
202,11,243,24,202,11,242,11,242,23,202,23,dddllddddd,redic,0.8463132381439209,0.4537730276584625,0.4967901334166527,/content/outputs/inference/answersheet/model_finetune_1000_results/res_5772f3aa37b770ae80014e57ca1d1b3a_jpg_11.pkl
153,35,234,67,153,35,233,35,233,64,153,64,sprndndeeegeoeees,sender,0.5734708905220032,0.29706231460851784,0.5719390277351651,/content/outputs/inference/answersheet/model_finetune_1000_results/res_5772f3aa37b770ae80014e57ca1d1b3a_jpg_12.pkl
