73,18,124,28,73,18,120,18,120,26,73,26,tfsfffffffnne,from,0.7672654390335083,0.21720727934287146,0.4686924323439598,/content/outputs/inference/answersheet/model_finetune_1000_results/res_c92f4340857aa1f35410dd58676eb73d_jpg_0.pkl
178,59,211,71,178,59,210,59,210,70,178,70,4aan,4th,0.8196749091148376,0.16544906608760357,0.49263122864067554,/content/outputs/inference/answersheet/model_finetune_1000_results/res_c92f4340857aa1f35410dd58676eb73d_jpg_1.pkl
353,24,391,36,353,24,390,24,390,35,353,35,ttbrrrraateehellllh,that,0.6028908491134644,0.19547255141170403,0.5096876725554467,/content/outputs/inference/answersheet/model_finetune_1000_results/res_c92f4340857aa1f35410dd58676eb73d_jpg_2.pkl
120,17,205,28,124,17,204,17,204,27,124,27,eaffeedhhseeuoee,the,0.5058848261833191,0.1615072530694306,0.33830299228429794,/content/outputs/inference/answersheet/model_finetune_1000_results/res_c92f4340857aa1f35410dd58676eb73d_jpg_3.pkl
158,17,236,28,160,17,235,17,235,27,160,27,heekeebettt,subject,0.5130448937416077,0.2136745358055288,0.46046913880854845,/content/outputs/inference/answersheet/model_finetune_1000_results/res_c92f4340857aa1f35410dd58676eb73d_jpg_4.pkl
280,174,336,187,280,174,334,174,334,185,280,185,ooadddsenngggdssddsssssnyyy,offer,0.5786921381950378,0.1426067101182761,0.4279959263900916,/content/outputs/inference/answersheet/model_finetune_1000_results/res_c92f4340857aa1f35410dd58676eb73d_jpg_5.pkl
272,100,371,115,278,100,366,100,366,113,278,113,eydodedrs,for,0.7587369084358215,0.27269374165270066,0.3845742456614971,/content/outputs/inference/answersheet/model_finetune_1000_results/res_c92f4340857aa1f35410dd58676eb73d_jpg_6.pkl
229,173,283,188,231,173,279,173,279,186,231,186,kkonuudhaaa,from,0.5712698698043823,0.22811164436015216,0.6488758727908135,/content/outputs/inference/answersheet/model_finetune_1000_results/res_c92f4340857aa1f35410dd58676eb73d_jpg_7.pkl
277,103,298,115,279,103,297,103,297,114,279,114,ttaappppddddyy,for,0.5678141713142395,0.38068471795746256,0.5933868996798992,/content/outputs/inference/answersheet/model_finetune_1000_results/res_c92f4340857aa1f35410dd58676eb73d_jpg_8.pkl
328,24,352,34,328,24,351,24,351,33,328,33,aafaftannnnaneeee,the,0.5773627758026123,0.19371802096857743,0.4852737709879875,/content/outputs/inference/answersheet/model_finetune_1000_results/res_c92f4340857aa1f35410dd58676eb73d_jpg_9.pkl
85,194,109,203,85,194,108,194,108,202,85,202,tehtt,the,0.5309082269668579,0.19855740666389465,0.536105565726757,/content/outputs/inference/answersheet/model_finetune_1000_results/res_c92f4340857aa1f35410dd58676eb73d_jpg_10.pkl
253,81,287,95,255,81,286,81,286,94,255,94,aaaaahttttdddrdddod,from,0.7937178611755371,0.15411006110279182,0.5181207403540611,/content/outputs/inference/answersheet/model_finetune_1000_results/res_c92f4340857aa1f35410dd58676eb73d_jpg_11.pkl
195,84,214,95,195,84,213,84,213,94,195,94,411111tthht,the,0.6148210167884827,0.23763369836590506,0.6428085714578629,/content/outputs/inference/answersheet/model_finetune_1000_results/res_c92f4340857aa1f35410dd58676eb73d_jpg_12.pkl
193,16,244,26,193,16,243,16,243,25,193,25,ebbettt,but,0.5412086248397827,0.24405884742736816,0.23259154334664345,/content/outputs/inference/answersheet/model_finetune_1000_results/res_c92f4340857aa1f35410dd58676eb73d_jpg_13.pkl
285,174,305,185,285,174,304,174,304,184,285,184,ohhaaoe,off,0.656731128692627,0.101436833185809,0.5003113523125648,/content/outputs/inference/answersheet/model_finetune_1000_results/res_c92f4340857aa1f35410dd58676eb73d_jpg_14.pkl
176,103,254,119,179,105,253,105,253,118,179,118,teyykaaddrrde,from,0.5886062383651733,0.16249168377656203,0.576684258878231,/content/outputs/inference/answersheet/model_finetune_1000_results/res_c92f4340857aa1f35410dd58676eb73d_jpg_15.pkl
234,25,345,38,241,25,344,25,344,37,241,37,sstettettteeeseenenen,coffeen,0.5131229758262634,0.19421436815034776,0.5153706381097436,/content/outputs/inference/answersheet/model_finetune_1000_results/res_c92f4340857aa1f35410dd58676eb73d_jpg_16.pkl
159,18,181,27,161,18,180,18,180,26,161,26,httale,the,0.618596076965332,0.1302798849840959,0.40972976945340633,/content/outputs/inference/answersheet/model_finetune_1000_results/res_c92f4340857aa1f35410dd58676eb73d_jpg_17.pkl
354,234,391,248,354,234,390,234,390,247,354,247,aas,for,0.5765351057052612,0.2600940565268199,0.45938300155103207,/content/outputs/inference/answersheet/model_finetune_1000_results/res_c92f4340857aa1f35410dd58676eb73d_jpg_18.pkl
68,17,165,27,68,17,159,17,159,26,68,26,satfttttsfffnmeeed,reference,0.5758606195449829,0.18034244494305718,0.50311399102211,/content/outputs/inference/answersheet/model_finetune_1000_results/res_c92f4340857aa1f35410dd58676eb73d_jpg_19.pkl
306,14,356,24,306,14,354,14,354,22,306,22,ttttteeennneeeee,the,0.5320174098014832,0.16296976897865534,0.5695217587053776,/content/outputs/inference/answersheet/model_finetune_1000_results/res_c92f4340857aa1f35410dd58676eb73d_jpg_20.pkl
76,227,118,241,76,227,117,227,117,240,76,240,aanauuueeyyye,sale,0.5299682021141052,0.2136252298951149,0.42418906688690183,/content/outputs/inference/answersheet/model_finetune_1000_results/res_c92f4340857aa1f35410dd58676eb73d_jpg_21.pkl
118,227,145,238,118,227,144,227,144,237,118,237,fffa,and,0.5851157307624817,0.2438008114695549,0.3876889869570732,/content/outputs/inference/answersheet/model_finetune_1000_results/res_c92f4340857aa1f35410dd58676eb73d_jpg_22.pkl
73,105,164,119,73,105,163,105,163,118,73,118,grrdddddddikeeede,gred,0.7835521101951599,0.3053867295384407,0.45192148387432096,/content/outputs/inference/answersheet/model_finetune_1000_results/res_c92f4340857aa1f35410dd58676eb73d_jpg_23.pkl
133,40,170,50,133,40,169,40,169,49,133,49,aaateeee,collers,0.5939033627510071,0.16334078134968877,0.3926627542823553,/content/outputs/inference/answersheet/model_finetune_1000_results/res_c92f4340857aa1f35410dd58676eb73d_jpg_24.pkl
299,158,317,169,299,158,316,158,316,168,299,168,fffffffftfffffffffe,for,0.723106861114502,0.31430674383514806,0.7500588297843933,/content/outputs/inference/answersheet/model_finetune_1000_results/res_c92f4340857aa1f35410dd58676eb73d_jpg_25.pkl
131,19,162,29,131,19,161,19,161,28,131,28,affeeeaannneeeeeed,from,0.7910308241844177,0.16498994330565134,0.638112136721611,/content/outputs/inference/answersheet/model_finetune_1000_results/res_c92f4340857aa1f35410dd58676eb73d_jpg_26.pkl
169,219,194,227,169,219,193,219,193,226,169,226,e,sale,0.5034164190292358,0.09872958809137344,0.4865838199853897,/content/outputs/inference/answersheet/model_finetune_1000_results/res_c92f4340857aa1f35410dd58676eb73d_jpg_27.pkl
116,84,146,95,116,84,145,84,145,94,116,94,ffffananmnmneeneettttt,from,0.6877662539482117,0.17493913525884802,0.6255555123090744,/content/outputs/inference/answersheet/model_finetune_1000_results/res_c92f4340857aa1f35410dd58676eb73d_jpg_28.pkl
