281,367,332,382,281,367,330,367,330,380,281,380,atteedd,the,0.5410667657852173,0.2788557580539158,0.4873946662992239,/content/outputs/inference/answersheet/model_finetune_1000_results/res_5508bd91c232633a6be3981bcbfff5ad_jpg_0.pkl
283,58,342,71,283,58,341,58,341,70,283,70,sattattoeee,the,0.5200332403182983,0.27517644180492923,0.4691610112786293,/content/outputs/inference/answersheet/model_finetune_1000_results/res_5508bd91c232633a6be3981bcbfff5ad_jpg_1.pkl
288,26,353,38,288,26,352,26,352,37,288,37,sttttneniiias,streption,0.7545056343078613,0.24435189882150063,0.5563014432787895,/content/outputs/inference/answersheet/model_finetune_1000_results/res_5508bd91c232633a6be3981bcbfff5ad_jpg_2.pkl
199,346,241,361,199,346,240,346,240,360,199,360,aitttteede,city,0.723486602306366,0.23876712322235108,0.524062630534172,/content/outputs/inference/answersheet/model_finetune_1000_results/res_5508bd91c232633a6be3981bcbfff5ad_jpg_3.pkl
79,239,124,253,79,239,123,239,123,252,79,252,aaiillaees,sale,0.7204943299293518,0.22151841521263121,0.6286429822444916,/content/outputs/inference/answersheet/model_finetune_1000_results/res_5508bd91c232633a6be3981bcbfff5ad_jpg_4.pkl
81,261,122,276,81,261,121,261,121,275,81,275,aaattttakeed,all,0.6823930144309998,0.318628774334987,0.503402017056942,/content/outputs/inference/answersheet/model_finetune_1000_results/res_5508bd91c232633a6be3981bcbfff5ad_jpg_5.pkl
316,291,355,305,316,291,354,291,354,304,316,304,aaaearttdd,and,0.687398374080658,0.1617802821099758,0.5695192888379097,/content/outputs/inference/answersheet/model_finetune_1000_results/res_5508bd91c232633a6be3981bcbfff5ad_jpg_6.pkl
185,260,209,272,185,260,208,260,208,271,185,271,188583335sssssssss999t,150,0.5911572575569153,0.15392977778207173,0.4403391480445862,/content/outputs/inference/answersheet/model_finetune_1000_results/res_5508bd91c232633a6be3981bcbfff5ad_jpg_7.pkl
51,358,103,374,51,358,102,358,102,373,51,373,ftteead,from,0.7187097668647766,0.26697150830711636,0.5931680113077163,/content/outputs/inference/answersheet/model_finetune_1000_results/res_5508bd91c232633a6be3981bcbfff5ad_jpg_8.pkl
209,293,248,305,209,293,247,293,247,304,209,304,aaaaattkdaaseddd,and,0.6240611672401428,0.19819986540824175,0.5863372907042503,/content/outputs/inference/answersheet/model_finetune_1000_results/res_5508bd91c232633a6be3981bcbfff5ad_jpg_9.pkl
252,316,273,327,252,316,272,316,272,326,252,326,ggoffff,off,0.5425691604614258,0.2428681839789663,0.6007454805076122,/content/outputs/inference/answersheet/model_finetune_1000_results/res_5508bd91c232633a6be3981bcbfff5ad_jpg_10.pkl
224,386,242,397,224,386,241,386,241,396,224,396,444444a4aaaeeeeed9,40,0.568092405796051,0.1677003943671783,0.5380536417166392,/content/outputs/inference/answersheet/model_finetune_1000_results/res_5508bd91c232633a6be3981bcbfff5ad_jpg_11.pkl
18,87,67,102,20,87,66,87,66,101,20,101,ssssyaakd,make,0.5085055828094482,0.16163363969988293,0.3245972439646721,/content/outputs/inference/answersheet/model_finetune_1000_results/res_5508bd91c232633a6be3981bcbfff5ad_jpg_12.pkl
141,216,207,230,141,216,206,216,206,229,141,229,aiaoe,from,0.6959406137466431,0.20680692195892333,0.47294591963291166,/content/outputs/inference/answersheet/model_finetune_1000_results/res_5508bd91c232633a6be3981bcbfff5ad_jpg_13.pkl
135,63,159,74,135,63,158,63,158,73,135,73,ssdeeeee,sender,0.5133141279220581,0.11297358572483063,0.6047173248870032,/content/outputs/inference/answersheet/model_finetune_1000_results/res_5508bd91c232633a6be3981bcbfff5ad_jpg_14.pkl
199,370,220,379,199,370,219,370,219,378,199,378,44ff4f4fffffffff11111111193999999,for,0.6079838275909424,0.39937560305450903,0.6805805787444115,/content/outputs/inference/answersheet/model_finetune_1000_results/res_5508bd91c232633a6be3981bcbfff5ad_jpg_15.pkl
195,241,215,251,195,241,214,241,214,250,195,250,444444488888889883ooo,for,0.5782968997955322,0.2720646613410541,0.6272913254797459,/content/outputs/inference/answersheet/model_finetune_1000_results/res_5508bd91c232633a6be3981bcbfff5ad_jpg_16.pkl
