223,33,244,44,223,33,243,33,243,43,223,43,444aeeeeeppppppppppdpppddddd,apr,0.9028024077415466,0.21121298069400446,0.5985152050852776,/content/outputs/inference/answersheet/model_finetune_1000_results/res_a043a9bf9a26cf418504088496d47bc6_jpg_0.pkl
141,48,198,61,143,48,197,48,197,60,143,60,jjyyyyfeeeeecddyyyy,off,0.531719982624054,0.22354897386149356,0.41893071308732033,/content/outputs/inference/answersheet/model_finetune_1000_results/res_a043a9bf9a26cf418504088496d47bc6_jpg_1.pkl
94,217,154,228,94,217,153,217,153,227,94,227,aeeaaaed,date,0.6478491425514221,0.21393179520964622,0.5356496945023537,/content/outputs/inference/answersheet/model_finetune_1000_results/res_a043a9bf9a26cf418504088496d47bc6_jpg_2.pkl
189,20,212,30,189,20,211,20,211,29,189,29,dbb,off,0.7955636978149414,0.08954868465662003,0.5707534067332745,/content/outputs/inference/answersheet/model_finetune_1000_results/res_a043a9bf9a26cf418504088496d47bc6_jpg_3.pkl
228,295,246,302,228,295,245,295,245,301,228,301,tttttpttn,off,0.8440545797348022,0.18369952340920767,0.6885872706770897,/content/outputs/inference/answersheet/model_finetune_1000_results/res_a043a9bf9a26cf418504088496d47bc6_jpg_4.pkl
177,51,197,62,177,51,196,51,196,61,177,61,ottodoodddyyyyyyy,of,0.5166217088699341,0.29774251624065284,0.4256004641453425,/content/outputs/inference/answersheet/model_finetune_1000_results/res_a043a9bf9a26cf418504088496d47bc6_jpg_5.pkl
208,117,232,127,208,117,231,117,231,126,208,126,ddddpddd22,the,0.7511046528816223,0.24963640198111534,0.5672464426606894,/content/outputs/inference/answersheet/model_finetune_1000_results/res_a043a9bf9a26cf418504088496d47bc6_jpg_6.pkl
242,51,266,60,242,51,265,51,265,59,242,59,ceeeeeedyy,did,0.605991780757904,0.3090024396777153,0.4970926381647587,/content/outputs/inference/answersheet/model_finetune_1000_results/res_a043a9bf9a26cf418504088496d47bc6_jpg_7.pkl
164,36,184,44,164,36,183,36,183,43,164,43,fff4ddeeeeeeeeeyyyyy,from,0.6688043475151062,0.2156158544123173,0.595897090435028,/content/outputs/inference/answersheet/model_finetune_1000_results/res_a043a9bf9a26cf418504088496d47bc6_jpg_8.pkl
256,314,282,323,256,314,281,314,281,322,256,322,ssssssshssheeeeetedddaoaoxxxaynn,off,0.7219505310058594,0.16606458835303783,0.465683177113533,/content/outputs/inference/answersheet/model_finetune_1000_results/res_a043a9bf9a26cf418504088496d47bc6_jpg_9.pkl
283,153,304,162,283,153,303,153,303,161,283,161,kkkkkkkkkkkkcecceeseasssssssssssss,kery,0.656460702419281,0.19236117886269793,0.4019437193870544,/content/outputs/inference/answersheet/model_finetune_1000_results/res_a043a9bf9a26cf418504088496d47bc6_jpg_10.pkl
249,138,272,148,249,138,271,138,271,147,249,147,fffffffffttddddd,of,0.8520153164863586,0.42588895931839943,0.6056050558884939,/content/outputs/inference/answersheet/model_finetune_1000_results/res_a043a9bf9a26cf418504088496d47bc6_jpg_11.pkl
209,51,227,59,209,51,226,51,226,58,209,58,ftddddddy,to,0.5755680203437805,0.22377467900514603,0.5030775666236877,/content/outputs/inference/answersheet/model_finetune_1000_results/res_a043a9bf9a26cf418504088496d47bc6_jpg_12.pkl
