327,12,373,24,327,12,372,12,372,23,327,23,ald,date,0.7112321853637695,0.1444494624932607,0.37212523370981215,/content/outputs/inference/answersheet/model_finetune_1000_results/res_b316d9db1e972658a22394c8a1e249e3_jpg_0.pkl
230,11,307,23,233,11,301,11,301,21,233,21,eeedeeee,restrice,0.5446048378944397,0.10976480506360531,0.3956232112314966,/content/outputs/inference/answersheet/model_finetune_1000_results/res_b316d9db1e972658a22394c8a1e249e3_jpg_1.pkl
317,36,357,57,317,36,354,36,354,56,317,56,tgct33e3s,city,0.7936612963676453,0.23702862527635363,0.5882362455129624,/content/outputs/inference/answersheet/model_finetune_1000_results/res_b316d9db1e972658a22394c8a1e249e3_jpg_2.pkl
45,12,106,25,45,12,105,12,105,24,45,24,adtgdcee,coffee,0.7089841365814209,0.17822229117155075,0.5686748368399483,/content/outputs/inference/answersheet/model_finetune_1000_results/res_b316d9db1e972658a22394c8a1e249e3_jpg_3.pkl
367,277,407,289,367,277,406,277,406,288,367,288,tfaaefffeeeeeeee,the,0.6357744932174683,0.20425219275057316,0.29423579573631287,/content/outputs/inference/answersheet/model_finetune_1000_results/res_b316d9db1e972658a22394c8a1e249e3_jpg_4.pkl
54,101,80,115,54,101,79,101,79,114,54,114,asddda,and,0.742607593536377,0.10723177219430606,0.5820209197700024,/content/outputs/inference/answersheet/model_finetune_1000_results/res_b316d9db1e972658a22394c8a1e249e3_jpg_5.pkl
303,12,328,22,303,12,327,12,327,21,303,21,ee,from,0.7106592059135437,0.16123834252357483,0.6246279358863831,/content/outputs/inference/answersheet/model_finetune_1000_results/res_b316d9db1e972658a22394c8a1e249e3_jpg_6.pkl
109,12,168,22,109,12,167,12,167,21,109,21,ceeeeee,come,0.6042090058326721,0.14649539653744018,0.4140434980392456,/content/outputs/inference/answersheet/model_finetune_1000_results/res_b316d9db1e972658a22394c8a1e249e3_jpg_7.pkl
273,11,301,20,273,11,300,11,300,19,273,19,eedde,come,0.577136218547821,0.10177424401044846,0.3280290275812149,/content/outputs/inference/answersheet/model_finetune_1000_results/res_b316d9db1e972658a22394c8a1e249e3_jpg_8.pkl
312,132,373,145,314,132,372,132,372,144,314,144,rtrteeeedhee,from,0.5950231552124023,0.23024536731342474,0.5762856125831604,/content/outputs/inference/answersheet/model_finetune_1000_results/res_b316d9db1e972658a22394c8a1e249e3_jpg_9.pkl
46,14,76,23,46,14,75,14,75,22,46,22,osadfftttce,come,0.5893888473510742,0.13132144713943655,0.379047891497612,/content/outputs/inference/answersheet/model_finetune_1000_results/res_b316d9db1e972658a22394c8a1e249e3_jpg_10.pkl
276,104,300,113,276,104,299,104,299,112,276,112,fhhhhhtdddddde,the,0.5074334144592285,0.22652306780219078,0.5788481663912535,/content/outputs/inference/answersheet/model_finetune_1000_results/res_b316d9db1e972658a22394c8a1e249e3_jpg_11.pkl
44,23,109,35,46,23,108,23,108,34,46,34,iiadeaeeeeeee,sale,0.504740297794342,0.14394412762843645,0.4257267028093338,/content/outputs/inference/answersheet/model_finetune_1000_results/res_b316d9db1e972658a22394c8a1e249e3_jpg_12.pkl
