310,252,366,263,312,252,365,252,365,262,312,262,dda,breads,0.6531113386154175,0.12131325403849284,0.34214638492890764,/content/outputs/inference/answersheet/model_finetune_1000_results/res_c41aff6fe14f909792373af71b553c7b_jpg_0.pkl
7,6,63,18,7,6,61,6,61,16,7,16,ssssaaaied,sale,0.6166362166404724,0.21269141659140586,0.5290409803390503,/content/outputs/inference/answersheet/model_finetune_1000_results/res_c41aff6fe14f909792373af71b553c7b_jpg_1.pkl
322,275,347,286,322,275,346,275,346,285,322,285,hhahaaahhahhhaeeeheeee,and,0.8405426144599915,0.21185656840151007,0.41612318716943264,/content/outputs/inference/answersheet/model_finetune_1000_results/res_c41aff6fe14f909792373af71b553c7b_jpg_2.pkl
286,273,349,288,290,273,346,273,346,287,290,287,eeeeaa,come,0.6625567078590393,0.20467301333944002,0.3287926077842712,/content/outputs/inference/answersheet/model_finetune_1000_results/res_c41aff6fe14f909792373af71b553c7b_jpg_3.pkl
78,6,147,16,78,6,146,6,146,15,78,15,sessstteeeeeee,the,0.521643877029419,0.17369795005236352,0.42573535814881325,/content/outputs/inference/answersheet/model_finetune_1000_results/res_c41aff6fe14f909792373af71b553c7b_jpg_4.pkl
261,274,290,285,261,274,289,274,289,284,261,284,daeeeeeeeeeeeeeeee,date,0.6077422499656677,0.25248780018753475,0.4947331830859184,/content/outputs/inference/answersheet/model_finetune_1000_results/res_c41aff6fe14f909792373af71b553c7b_jpg_5.pkl
258,18,339,30,262,18,338,18,338,29,262,29,aeaaeteeeeeeeeeeeeeeeeeeeeyyyyy,compers,0.5751544833183289,0.2267547386788553,0.36538842506706715,/content/outputs/inference/answersheet/model_finetune_1000_results/res_c41aff6fe14f909792373af71b553c7b_jpg_6.pkl
85,10,114,18,85,10,113,10,113,17,85,17,ttdeeeeeeeeeeeeeeeeeeeeee,the,0.6704931259155273,0.11282530069351196,0.47066662088036537,/content/outputs/inference/answersheet/model_finetune_1000_results/res_c41aff6fe14f909792373af71b553c7b_jpg_7.pkl
293,275,323,284,293,275,322,275,322,283,293,283,feeegoaagaaaaaaeeeey,come,0.6980769038200378,0.13115026615560055,0.34201559126377107,/content/outputs/inference/answersheet/model_finetune_1000_results/res_c41aff6fe14f909792373af71b553c7b_jpg_8.pkl
189,9,210,18,189,9,209,9,209,17,189,17,tte,the,0.6010013818740845,0.15567994117736816,0.5744599625468254,/content/outputs/inference/answersheet/model_finetune_1000_results/res_c41aff6fe14f909792373af71b553c7b_jpg_9.pkl
142,266,165,274,142,266,164,266,164,273,142,273,eeeaaaaaaaaaaawddwwwwwweeeeeee,were,0.6266021728515625,0.16286195069551468,0.4212268516421318,/content/outputs/inference/answersheet/model_finetune_1000_results/res_c41aff6fe14f909792373af71b553c7b_jpg_10.pkl
234,277,260,286,234,277,259,277,259,285,234,285,llllettnnnteennneae,come,0.591636598110199,0.08347210033159506,0.3365143656730652,/content/outputs/inference/answersheet/model_finetune_1000_results/res_c41aff6fe14f909792373af71b553c7b_jpg_11.pkl
176,254,209,263,176,254,208,254,208,262,176,262,hhhhoeooooomnooeooooooaaaa,from,0.5157447457313538,0.09106579508918983,0.5462386578321456,/content/outputs/inference/answersheet/model_finetune_1000_results/res_c41aff6fe14f909792373af71b553c7b_jpg_12.pkl
