207,99,251,111,207,99,249,99,249,109,207,109,fai,from,0.7153050899505615,0.11987612396478653,0.5180465772747993,/content/outputs/inference/answersheet/model_finetune_1000_results/res_4502fa915954a2aa31c0cb2dc82afcaf_jpg_0.pkl
233,86,253,96,233,86,252,86,252,95,233,95,uuudo3ddy,they,0.8901198506355286,0.12033824622631073,0.6442837148904801,/content/outputs/inference/answersheet/model_finetune_1000_results/res_4502fa915954a2aa31c0cb2dc82afcaf_jpg_1.pkl
93,2,147,13,93,2,146,2,146,12,93,12,saeataeeeeeeeee,the,0.5203025341033936,0.23313217411438625,0.36528386548161507,/content/outputs/inference/answersheet/model_finetune_1000_results/res_4502fa915954a2aa31c0cb2dc82afcaf_jpg_2.pkl
216,67,237,78,216,67,236,67,236,77,216,77,dnyy,don,0.6820664405822754,0.18659427389502525,0.44372183084487915,/content/outputs/inference/answersheet/model_finetune_1000_results/res_4502fa915954a2aa31c0cb2dc82afcaf_jpg_3.pkl
166,53,182,63,166,53,181,53,181,62,166,62,e4yeyyy,4,0.6835649609565735,0.21611609842096055,0.20827728509902954,/content/outputs/inference/answersheet/model_finetune_1000_results/res_4502fa915954a2aa31c0cb2dc82afcaf_jpg_4.pkl
139,55,163,62,139,55,162,55,162,61,139,61,dddddddddddodddtttnne,the,0.5730396509170532,0.11064606975941431,0.5360863599926233,/content/outputs/inference/answersheet/model_finetune_1000_results/res_4502fa915954a2aa31c0cb2dc82afcaf_jpg_5.pkl
173,35,191,43,173,35,190,35,190,42,173,42,ffeefss,for,0.7505045533180237,0.22609714312212809,0.7576310560107231,/content/outputs/inference/answersheet/model_finetune_1000_results/res_4502fa915954a2aa31c0cb2dc82afcaf_jpg_6.pkl
339,290,361,298,339,290,360,290,360,297,339,297,hhthhhhyhyeeee,the,0.5176913142204285,0.12702861268605506,0.5829849392175674,/content/outputs/inference/answersheet/model_finetune_1000_results/res_4502fa915954a2aa31c0cb2dc82afcaf_jpg_7.pkl
190,144,210,153,190,144,209,144,209,152,190,152,teesnnnnnnnn,the,0.5736429691314697,0.2711611830939849,0.5959770157933235,/content/outputs/inference/answersheet/model_finetune_1000_results/res_4502fa915954a2aa31c0cb2dc82afcaf_jpg_8.pkl
110,101,159,114,110,101,157,101,157,112,110,112,jaaaarrtt,marking,0.5348047614097595,0.12384996645980412,0.5058662435039878,/content/outputs/inference/answersheet/model_finetune_1000_results/res_4502fa915954a2aa31c0cb2dc82afcaf_jpg_9.pkl
141,291,183,301,141,291,182,291,182,300,141,300,nha,the,0.6869745254516602,0.1091494510571162,0.4157322160899639,/content/outputs/inference/answersheet/model_finetune_1000_results/res_4502fa915954a2aa31c0cb2dc82afcaf_jpg_10.pkl
124,36,144,43,124,36,143,36,143,42,124,42,fff44f44444444499eehn,for,0.5576791763305664,0.22232059282915934,0.5898158960044384,/content/outputs/inference/answersheet/model_finetune_1000_results/res_4502fa915954a2aa31c0cb2dc82afcaf_jpg_11.pkl
65,3,93,12,65,3,92,3,92,11,65,11,sfaaaaaaahhh,from,0.5411881804466248,0.1498890183866024,0.6266747951507569,/content/outputs/inference/answersheet/model_finetune_1000_results/res_4502fa915954a2aa31c0cb2dc82afcaf_jpg_12.pkl
195,177,261,191,195,177,260,177,260,190,195,190,ooaoarreed,collers,0.6248673796653748,0.1765501916408539,0.449665579944849,/content/outputs/inference/answersheet/model_finetune_1000_results/res_4502fa915954a2aa31c0cb2dc82afcaf_jpg_13.pkl
133,204,154,212,133,204,153,204,153,211,133,211,attttttttt,the,0.5295485854148865,0.23891962468624114,0.4781171455979347,/content/outputs/inference/answersheet/model_finetune_1000_results/res_4502fa915954a2aa31c0cb2dc82afcaf_jpg_14.pkl
