177,379,218,392,177,379,217,379,217,391,177,391,fggkfe,from,0.6131771206855774,0.2547649219632149,0.7461598575115204,/content/outputs/inference/answersheet/model_finetune_1000_results/res_afec1ce1843b3723830fc1cbd5a7fdb4_jpg_0.pkl
149,365,171,374,149,365,170,365,170,373,149,373,sthtthaaaae,the,0.5079183578491211,0.1295796592127193,0.5958714410662651,/content/outputs/inference/answersheet/model_finetune_1000_results/res_afec1ce1843b3723830fc1cbd5a7fdb4_jpg_1.pkl
68,136,87,145,68,136,86,136,86,144,68,144,ddhheyyyyyy,the,0.6254925727844238,0.17220371622930875,0.71786729991436,/content/outputs/inference/answersheet/model_finetune_1000_results/res_afec1ce1843b3723830fc1cbd5a7fdb4_jpg_2.pkl
165,339,185,347,165,339,184,339,184,346,165,346,ttodod,the,0.9083395004272461,0.16186193376779556,0.6255044266581535,/content/outputs/inference/answersheet/model_finetune_1000_results/res_afec1ce1843b3723830fc1cbd5a7fdb4_jpg_3.pkl
167,229,188,238,167,229,187,229,187,237,167,237,ggggggtsysy,the,0.7957996129989624,0.22843907231634314,0.5860130190849304,/content/outputs/inference/answersheet/model_finetune_1000_results/res_afec1ce1843b3723830fc1cbd5a7fdb4_jpg_4.pkl
186,117,207,125,186,117,206,117,206,124,186,124,ffgggg0dd,for,0.5053744316101074,0.2303442797727055,0.6397214904427528,/content/outputs/inference/answersheet/model_finetune_1000_results/res_afec1ce1843b3723830fc1cbd5a7fdb4_jpg_5.pkl
187,206,211,216,187,206,210,206,210,215,187,215,fffaaaaaaaa,for,0.6547763347625732,0.26208889755335724,0.6702451668679714,/content/outputs/inference/answersheet/model_finetune_1000_results/res_afec1ce1843b3723830fc1cbd5a7fdb4_jpg_6.pkl
127,94,149,104,127,94,148,94,148,103,127,103,aaaaaa1o19,for,0.6726124882698059,0.14300715923309326,0.6418736055493355,/content/outputs/inference/answersheet/model_finetune_1000_results/res_afec1ce1843b3723830fc1cbd5a7fdb4_jpg_7.pkl
130,184,151,195,130,184,150,184,150,194,130,194,tbeed9,the,0.5975040793418884,0.12272177264094353,0.5988729484379292,/content/outputs/inference/answersheet/model_finetune_1000_results/res_afec1ce1843b3723830fc1cbd5a7fdb4_jpg_8.pkl
207,358,233,369,207,358,232,358,232,368,207,368,kkkddddddddndye,and,0.5485085844993591,0.22466569741566975,0.6088715642690659,/content/outputs/inference/answersheet/model_finetune_1000_results/res_afec1ce1843b3723830fc1cbd5a7fdb4_jpg_9.pkl
