351,127,407,139,351,127,406,127,406,138,351,138,teoddaeee,from,0.6034614443778992,0.11390073183510038,0.6027846664190293,/content/outputs/inference/answersheet/model_finetune_1000_results/res_89822181cee2aa463d2b2645b9b92b08_jpg_0.pkl
328,250,376,263,330,250,375,250,375,262,330,262,taaaaaaadenee,from,0.5467774271965027,0.1625147032049986,0.5593294441699982,/content/outputs/inference/answersheet/model_finetune_1000_results/res_89822181cee2aa463d2b2645b9b92b08_jpg_1.pkl
64,12,124,25,66,12,123,12,123,24,66,24,ttbbbheaallkkkkkkksea,from,0.5770310163497925,0.1250253372958728,0.45599666237831116,/content/outputs/inference/answersheet/model_finetune_1000_results/res_89822181cee2aa463d2b2645b9b92b08_jpg_2.pkl
336,93,375,106,336,93,374,93,374,105,336,105,fae,the,0.5258124470710754,0.2909146199623744,0.6100563798099756,/content/outputs/inference/answersheet/model_finetune_1000_results/res_89822181cee2aa463d2b2645b9b92b08_jpg_3.pkl
205,13,233,23,205,13,232,13,232,22,205,22,eap,the,0.6937553286552429,0.1403095175822576,0.5841315239667892,/content/outputs/inference/answersheet/model_finetune_1000_results/res_89822181cee2aa463d2b2645b9b92b08_jpg_4.pkl
267,257,315,270,267,257,314,257,314,269,267,269,oeaeeeee,sender,0.519021213054657,0.1956025492399931,0.5896377350602832,/content/outputs/inference/answersheet/model_finetune_1000_results/res_89822181cee2aa463d2b2645b9b92b08_jpg_5.pkl
312,137,391,151,312,139,387,139,387,150,312,150,eoyyee,coffee,0.6176210045814514,0.11444798360268275,0.42481472662517,/content/outputs/inference/answersheet/model_finetune_1000_results/res_89822181cee2aa463d2b2645b9b92b08_jpg_6.pkl
99,264,142,276,101,264,141,264,141,275,101,275,ttyeeeyyeyeddddd,every,0.588820219039917,0.166074737906456,0.5742802247405052,/content/outputs/inference/answersheet/model_finetune_1000_results/res_89822181cee2aa463d2b2645b9b92b08_jpg_7.pkl
321,227,350,238,321,227,349,227,349,237,321,237,e,the,0.5669134259223938,0.15965664386749268,0.5585501305758953,/content/outputs/inference/answersheet/model_finetune_1000_results/res_89822181cee2aa463d2b2645b9b92b08_jpg_8.pkl
286,92,374,105,290,92,373,92,373,104,290,104,aeeaaavee,barking,0.6288853883743286,0.2632949459883902,0.44201062247157097,/content/outputs/inference/answersheet/model_finetune_1000_results/res_89822181cee2aa463d2b2645b9b92b08_jpg_9.pkl
287,16,312,26,287,16,311,16,311,25,287,25,ghhhhseoo,shop,0.5086876749992371,0.10002490546968248,0.43424063324928286,/content/outputs/inference/answersheet/model_finetune_1000_results/res_89822181cee2aa463d2b2645b9b92b08_jpg_10.pkl
164,225,189,234,164,225,188,225,188,233,164,233,eilllammm,sale,0.5691812038421631,0.12882175710466173,0.4157929241657257,/content/outputs/inference/answersheet/model_finetune_1000_results/res_89822181cee2aa463d2b2645b9b92b08_jpg_11.pkl
131,12,159,22,131,12,158,12,158,21,131,21,doessseteeee,come,0.640789806842804,0.11993699024120967,0.3584317773580551,/content/outputs/inference/answersheet/model_finetune_1000_results/res_89822181cee2aa463d2b2645b9b92b08_jpg_12.pkl
