66,332,110,344,66,332,108,332,108,342,66,342,etttte,from,0.6338333487510681,0.17557074129581451,0.5225863695144654,/content/outputs/inference/answersheet/model_finetune_1000_results/res_a30e4ad06a53d1dc9742f4b31ca8a8d9_jpg_0.pkl
71,243,123,254,71,243,122,243,122,253,71,253,sssessnnaaiaae,sender,0.6502043604850769,0.20945805949824198,0.5225229518754142,/content/outputs/inference/answersheet/model_finetune_1000_results/res_a30e4ad06a53d1dc9742f4b31ca8a8d9_jpg_1.pkl
60,12,123,25,62,12,121,12,121,23,62,23,steekknkeesseaaaeoaeeonannnle,soffeen,0.7195004820823669,0.16956197701651474,0.46038622595369816,/content/outputs/inference/answersheet/model_finetune_1000_results/res_a30e4ad06a53d1dc9742f4b31ca8a8d9_jpg_2.pkl
193,207,215,219,193,207,214,207,214,218,193,218,a33333333333s,the,0.6153695583343506,0.16188966654814207,0.5489424429833889,/content/outputs/inference/answersheet/model_finetune_1000_results/res_a30e4ad06a53d1dc9742f4b31ca8a8d9_jpg_3.pkl
296,206,322,218,296,206,321,206,321,217,296,217,tt44eddd3d,for,0.6710866093635559,0.18743264079093933,0.6165295653045177,/content/outputs/inference/answersheet/model_finetune_1000_results/res_a30e4ad06a53d1dc9742f4b31ca8a8d9_jpg_4.pkl
313,326,334,335,313,326,333,326,333,334,313,334,ff4oooo,for,0.5518929362297058,0.15062378346920013,0.6786407753825188,/content/outputs/inference/answersheet/model_finetune_1000_results/res_a30e4ad06a53d1dc9742f4b31ca8a8d9_jpg_5.pkl
91,110,145,124,91,110,144,110,144,123,91,123,falaaeeyyt,from,0.6214558482170105,0.17875749990344048,0.5142130315303802,/content/outputs/inference/answersheet/model_finetune_1000_results/res_a30e4ad06a53d1dc9742f4b31ca8a8d9_jpg_6.pkl
214,88,341,106,219,88,340,91,339,106,218,103,soaaed,comperse,0.645199716091156,0.19617991397778192,0.38758158600992626,/content/outputs/inference/answersheet/model_finetune_1000_results/res_a30e4ad06a53d1dc9742f4b31ca8a8d9_jpg_7.pkl
330,260,353,269,330,260,352,260,352,268,330,268,toeeeeeydyyy,from,0.6484718322753906,0.16206844802945852,0.6517583891749382,/content/outputs/inference/answersheet/model_finetune_1000_results/res_a30e4ad06a53d1dc9742f4b31ca8a8d9_jpg_8.pkl
300,291,352,306,300,291,351,291,351,305,300,305,aaggaaredds,off,0.7362226247787476,0.1782543591477654,0.4139400068670511,/content/outputs/inference/answersheet/model_finetune_1000_results/res_a30e4ad06a53d1dc9742f4b31ca8a8d9_jpg_9.pkl
62,16,103,28,64,16,102,16,102,27,64,27,ssfffebaaaeannprpepppae,sale,0.5540585517883301,0.11632877037577007,0.31223883628845217,/content/outputs/inference/answersheet/model_finetune_1000_results/res_a30e4ad06a53d1dc9742f4b31ca8a8d9_jpg_10.pkl
159,280,182,290,159,280,181,280,181,289,159,289,gggggaeeeeeeeeaa,for,0.6463409662246704,0.1896051773801446,0.6209516227245331,/content/outputs/inference/answersheet/model_finetune_1000_results/res_a30e4ad06a53d1dc9742f4b31ca8a8d9_jpg_11.pkl
241,168,264,178,241,168,263,168,263,177,241,177,gddo,the,0.7231588363647461,0.12768216244876385,0.5526883043348789,/content/outputs/inference/answersheet/model_finetune_1000_results/res_a30e4ad06a53d1dc9742f4b31ca8a8d9_jpg_12.pkl
212,150,233,159,212,150,232,150,232,158,212,158,ttdkkeeese,the,0.5859917402267456,0.13374742418527602,0.4352113138884306,/content/outputs/inference/answersheet/model_finetune_1000_results/res_a30e4ad06a53d1dc9742f4b31ca8a8d9_jpg_13.pkl
331,345,349,353,331,345,348,345,348,352,331,352,etsyyy,the,0.8327417969703674,0.1505509726703167,0.67643903195858,/content/outputs/inference/answersheet/model_finetune_1000_results/res_a30e4ad06a53d1dc9742f4b31ca8a8d9_jpg_14.pkl
215,189,237,198,215,189,236,189,236,197,215,197,draaaaasss,for,0.6916396617889404,0.1208372712135315,0.5771218445152044,/content/outputs/inference/answersheet/model_finetune_1000_results/res_a30e4ad06a53d1dc9742f4b31ca8a8d9_jpg_15.pkl
199,13,224,21,199,13,223,13,223,20,199,20,aaaeayyeeeee,the,0.6351065635681152,0.19825159261624017,0.6433366201817989,/content/outputs/inference/answersheet/model_finetune_1000_results/res_a30e4ad06a53d1dc9742f4b31ca8a8d9_jpg_16.pkl
347,361,373,373,347,361,372,361,372,372,347,372,444eeeeeeeeeed,did,0.5904120206832886,0.23827843900237763,0.47722814977169037,/content/outputs/inference/answersheet/model_finetune_1000_results/res_a30e4ad06a53d1dc9742f4b31ca8a8d9_jpg_17.pkl
310,246,333,256,310,246,332,246,332,255,310,255,aaaaaaaa3eo99,for,0.7000612020492554,0.12859082594513893,0.6112285200506449,/content/outputs/inference/answersheet/model_finetune_1000_results/res_a30e4ad06a53d1dc9742f4b31ca8a8d9_jpg_18.pkl
126,13,155,22,126,13,154,13,154,21,126,21,fddsseeeeoooaaneeeeee,sender,0.7325201034545898,0.13282179016442525,0.5486392080783844,/content/outputs/inference/answersheet/model_finetune_1000_results/res_a30e4ad06a53d1dc9742f4b31ca8a8d9_jpg_19.pkl
312,278,332,286,312,278,331,278,331,285,312,285,ef,for,0.5619534850120544,0.17324424535036087,0.6359310299158096,/content/outputs/inference/answersheet/model_finetune_1000_results/res_a30e4ad06a53d1dc9742f4b31ca8a8d9_jpg_20.pkl
159,12,179,23,159,12,178,12,178,22,159,22,aeeeee,the,0.6158812642097473,0.12383738532662392,0.6794550605118275,/content/outputs/inference/answersheet/model_finetune_1000_results/res_a30e4ad06a53d1dc9742f4b31ca8a8d9_jpg_21.pkl
184,133,208,143,184,133,207,133,207,142,184,142,aaattteeeeoddd99,for,0.5838763117790222,0.16395963169634342,0.5764876278117299,/content/outputs/inference/answersheet/model_finetune_1000_results/res_a30e4ad06a53d1dc9742f4b31ca8a8d9_jpg_22.pkl
245,208,269,216,245,208,268,208,268,215,245,215,aeeeeeaahy,the,0.689105749130249,0.26806229203939436,0.5482055954635143,/content/outputs/inference/answersheet/model_finetune_1000_results/res_a30e4ad06a53d1dc9742f4b31ca8a8d9_jpg_23.pkl
195,168,218,180,195,168,217,168,217,179,195,179,fesnnssgaf,for,0.5722401738166809,0.13969069868326187,0.7149586826562881,/content/outputs/inference/answersheet/model_finetune_1000_results/res_a30e4ad06a53d1dc9742f4b31ca8a8d9_jpg_24.pkl
272,186,296,199,272,186,295,186,295,198,272,198,aaaaaasdoo,for,0.6023663282394409,0.11758661717176437,0.5848517324775457,/content/outputs/inference/answersheet/model_finetune_1000_results/res_a30e4ad06a53d1dc9742f4b31ca8a8d9_jpg_25.pkl
119,388,142,401,119,388,141,388,141,400,119,400,yoeeee,the,0.5814762115478516,0.07653941151996453,0.5912306699901819,/content/outputs/inference/answersheet/model_finetune_1000_results/res_a30e4ad06a53d1dc9742f4b31ca8a8d9_jpg_26.pkl
149,353,175,364,149,353,174,353,174,363,149,363,t4eeeees,off,0.7497043609619141,0.10892508085817099,0.42019059881567955,/content/outputs/inference/answersheet/model_finetune_1000_results/res_a30e4ad06a53d1dc9742f4b31ca8a8d9_jpg_27.pkl
