28,175,59,196,29,174,60,179,56,196,26,189,1dddd,19,0.9058430790901184,0.460101330280304,0.5696514447530111,/content/outputs/inference/answersheet/model_finetune_1000_results/res_DM21339_pdf_1_jpg_0.pkl
212,240,294,253,214,240,293,240,293,252,214,252,eeeettteeeaeta,besters,0.5926777720451355,0.22323185790862357,0.5531339822337031,/content/outputs/inference/answersheet/model_finetune_1000_results/res_DM21339_pdf_1_jpg_1.pkl
227,220,268,232,227,220,267,220,267,231,227,231,ese,the,0.7813096046447754,0.15233508249123892,0.5029176697134972,/content/outputs/inference/answersheet/model_finetune_1000_results/res_DM21339_pdf_1_jpg_2.pkl
223,189,328,203,223,189,326,189,326,201,223,201,radaaaaatoaaaaae,coffeen,0.7751103043556213,0.21444336557760835,0.45219764951616526,/content/outputs/inference/answersheet/model_finetune_1000_results/res_DM21339_pdf_1_jpg_3.pkl
139,221,185,233,139,221,184,221,184,232,139,232,dddaeaatee,from,0.5245487093925476,0.13713011667132377,0.5699576288461685,/content/outputs/inference/answersheet/model_finetune_1000_results/res_DM21339_pdf_1_jpg_4.pkl
176,279,276,294,176,279,274,279,274,292,176,292,aeeepeeeppeeell,from,0.5645561218261719,0.19287672142187753,0.3725468382239342,/content/outputs/inference/answersheet/model_finetune_1000_results/res_DM21339_pdf_1_jpg_5.pkl
147,302,166,313,147,302,165,302,165,312,147,312,attettedddd,and,0.7089359760284424,0.1926745264367624,0.6913097314536572,/content/outputs/inference/answersheet/model_finetune_1000_results/res_DM21339_pdf_1_jpg_6.pkl
100,319,126,331,100,319,125,319,125,330,100,330,fftfaaaaaaassassddadaaaaannnt,from,0.6446147561073303,0.11720977852056766,0.6161533996462822,/content/outputs/inference/answersheet/model_finetune_1000_results/res_DM21339_pdf_1_jpg_7.pkl
156,193,216,203,156,193,214,193,214,201,156,201,ssgeoeee,from,0.6657460331916809,0.1344161331653595,0.5516395583748818,/content/outputs/inference/answersheet/model_finetune_1000_results/res_DM21339_pdf_1_jpg_8.pkl
140,203,168,212,140,203,167,203,167,211,140,211,ooot,from,0.6852868795394897,0.14950702339410782,0.6299922123551369,/content/outputs/inference/answersheet/model_finetune_1000_results/res_DM21339_pdf_1_jpg_9.pkl
212,261,234,272,212,261,233,261,233,271,212,271,aaeeeeeeeeee,the,0.6150519251823425,0.38370457539955777,0.6431439518928528,/content/outputs/inference/answersheet/model_finetune_1000_results/res_DM21339_pdf_1_jpg_10.pkl
27,63,56,75,27,63,55,63,55,74,27,74,apdd,and,0.6195378303527832,0.2881869822740555,0.659475103020668,/content/outputs/inference/answersheet/model_finetune_1000_results/res_DM21339_pdf_1_jpg_11.pkl
209,46,239,57,209,46,238,46,238,56,209,56,ftteaaae,come,0.6909419298171997,0.1233775420114398,0.4391027793288231,/content/outputs/inference/answersheet/model_finetune_1000_results/res_DM21339_pdf_1_jpg_12.pkl
