47,144,97,159,47,143,96,147,95,160,46,155,snnnapeee,shaper,0.7103566527366638,0.3396688136789534,0.6072053228105817,/content/outputs/inference/answersheet/model_finetune_1000_results/res_b4da1688e881a2006f8337dae95b481e_jpg_0.pkl
77,156,101,168,77,156,100,156,100,167,77,167,ykf4aaaarddddddddddddd,you,0.6117455363273621,0.34164881909435446,0.640235535800457,/content/outputs/inference/answersheet/model_finetune_1000_results/res_b4da1688e881a2006f8337dae95b481e_jpg_1.pkl
118,3,159,13,118,3,158,3,158,12,118,12,ddettttteee,that,0.6356936097145081,0.3319753726774996,0.5742827773094177,/content/outputs/inference/answersheet/model_finetune_1000_results/res_b4da1688e881a2006f8337dae95b481e_jpg_2.pkl
191,69,211,78,191,69,210,69,210,77,191,77,tttdteeeeddddod3dyyyy,for,0.6372826099395752,0.20374166468779245,0.6473748870193958,/content/outputs/inference/answersheet/model_finetune_1000_results/res_b4da1688e881a2006f8337dae95b481e_jpg_3.pkl
57,121,110,134,57,121,108,121,108,132,57,132,ttaaatee,the,0.9257320761680603,0.3124032346531749,0.39634231477975845,/content/outputs/inference/answersheet/model_finetune_1000_results/res_b4da1688e881a2006f8337dae95b481e_jpg_4.pkl
167,224,188,234,167,224,187,224,187,233,167,233,ofs,from,0.642779529094696,0.08047821621100108,0.6744125127792359,/content/outputs/inference/answersheet/model_finetune_1000_results/res_b4da1688e881a2006f8337dae95b481e_jpg_5.pkl
49,121,149,136,57,121,144,121,144,135,57,135,tlateaaedff,the,0.6945028305053711,0.27501375431364233,0.35381871461868286,/content/outputs/inference/answersheet/model_finetune_1000_results/res_b4da1688e881a2006f8337dae95b481e_jpg_6.pkl
182,313,209,324,182,313,208,313,208,323,182,323,64att1112ooo9dd9d9dd9ddooyy,420,0.6946799755096436,0.15172156719145952,0.4361732117831707,/content/outputs/inference/answersheet/model_finetune_1000_results/res_b4da1688e881a2006f8337dae95b481e_jpg_7.pkl
168,26,194,36,168,26,193,26,193,35,168,35,4444aaaaa1dnnnn,did,0.7741468548774719,0.22509664297103882,0.48748738318681717,/content/outputs/inference/answersheet/model_finetune_1000_results/res_b4da1688e881a2006f8337dae95b481e_jpg_8.pkl
200,48,218,56,200,48,217,48,217,55,200,55,tsssssss49119911111,to,0.8237348198890686,0.130559582851435,0.4763646125793457,/content/outputs/inference/answersheet/model_finetune_1000_results/res_b4da1688e881a2006f8337dae95b481e_jpg_9.pkl
226,69,247,79,226,69,246,69,246,78,226,78,ttttttttttttttttttttttdoo,the,0.777122437953949,0.316675283908844,0.6749796494841576,/content/outputs/inference/answersheet/model_finetune_1000_results/res_b4da1688e881a2006f8337dae95b481e_jpg_10.pkl
114,114,137,125,114,114,136,114,136,124,114,124,aeatttd,the,0.6834298372268677,0.14312321692705154,0.5768463127315044,/content/outputs/inference/answersheet/model_finetune_1000_results/res_b4da1688e881a2006f8337dae95b481e_jpg_11.pkl
314,161,338,170,314,161,337,161,337,169,314,169,41ttiteedddddd,did,0.7005438208580017,0.3996239315186228,0.6202327385544777,/content/outputs/inference/answersheet/model_finetune_1000_results/res_b4da1688e881a2006f8337dae95b481e_jpg_12.pkl
72,244,87,253,72,244,86,244,86,252,72,252,tdddddddddddddddd,to,0.6373364925384521,0.2554514675455935,0.6487298707167307,/content/outputs/inference/answersheet/model_finetune_1000_results/res_b4da1688e881a2006f8337dae95b481e_jpg_13.pkl
182,158,203,167,182,158,202,158,202,166,182,166,ffggggggeeeeeddddddddddddddddd9,get,0.6331433057785034,0.29415924318375125,0.4543149992823601,/content/outputs/inference/answersheet/model_finetune_1000_results/res_b4da1688e881a2006f8337dae95b481e_jpg_14.pkl
207,4,259,15,207,4,258,4,258,14,207,14,daaaaaaaeea,from,0.7568781971931458,0.20437429980798202,0.6081436619162559,/content/outputs/inference/answersheet/model_finetune_1000_results/res_b4da1688e881a2006f8337dae95b481e_jpg_15.pkl
159,69,181,80,159,69,180,69,180,79,159,79,ooeeeoooooooy,of,0.5446488261222839,0.3207056705768292,0.5124250451723734,/content/outputs/inference/answersheet/model_finetune_1000_results/res_b4da1688e881a2006f8337dae95b481e_jpg_16.pkl
38,220,67,234,38,220,66,220,66,233,38,233,kkdfedodd,you,0.660929262638092,0.19087541103363037,0.5857122354209423,/content/outputs/inference/answersheet/model_finetune_1000_results/res_b4da1688e881a2006f8337dae95b481e_jpg_17.pkl
170,3,198,11,170,3,197,3,197,10,170,10,teee,the,0.5188429951667786,0.3551822453737259,0.6203912124037743,/content/outputs/inference/answersheet/model_finetune_1000_results/res_b4da1688e881a2006f8337dae95b481e_jpg_18.pkl
253,360,276,369,253,360,275,360,275,368,253,368,aatossdsdddd9,and,0.7734339833259583,0.19066769285843924,0.6804044544696808,/content/outputs/inference/answersheet/model_finetune_1000_results/res_b4da1688e881a2006f8337dae95b481e_jpg_19.pkl
220,339,247,351,220,339,246,339,246,350,220,350,ffdhsee,the,0.6327498555183411,0.18762707923139846,0.5880429074168205,/content/outputs/inference/answersheet/model_finetune_1000_results/res_b4da1688e881a2006f8337dae95b481e_jpg_20.pkl
277,5,301,13,277,5,300,5,300,12,277,12,oaaalaaaaeeeeeee,and,0.5318666100502014,0.20451275259256363,0.549826018512249,/content/outputs/inference/answersheet/model_finetune_1000_results/res_b4da1688e881a2006f8337dae95b481e_jpg_21.pkl
