187,48,228,62,187,48,227,48,227,61,187,61,eeedd,for,0.8165241479873657,0.29801843166351316,0.5426754727959633,/content/outputs/inference/answersheet/model_finetune_1000_results/res_831e6a0e0f552f61b696b88d0d26f53c_jpg_0.pkl
231,282,256,295,231,282,255,282,255,294,231,294,ttkeeilholhoyt,for,0.5904593467712402,0.26009693316050936,0.6163088381290436,/content/outputs/inference/answersheet/model_finetune_1000_results/res_831e6a0e0f552f61b696b88d0d26f53c_jpg_1.pkl
321,226,378,239,321,226,377,226,377,238,321,238,egceatt,recome,0.5962625741958618,0.22271064243146352,0.3612631538084575,/content/outputs/inference/answersheet/model_finetune_1000_results/res_831e6a0e0f552f61b696b88d0d26f53c_jpg_2.pkl
269,361,333,375,269,361,331,361,331,373,269,373,akkkeeaeaeea,recafe,0.6161441206932068,0.23457525049646696,0.44023105608565466,/content/outputs/inference/answersheet/model_finetune_1000_results/res_831e6a0e0f552f61b696b88d0d26f53c_jpg_3.pkl
249,15,298,27,252,15,297,15,297,26,252,26,fffakkkeftttd,for,0.6403524875640869,0.2749039370280046,0.445478230714798,/content/outputs/inference/answersheet/model_finetune_1000_results/res_831e6a0e0f552f61b696b88d0d26f53c_jpg_4.pkl
220,360,262,374,220,360,261,360,261,373,220,373,dedadd,chool,0.6528244614601135,0.22343091542522112,0.3926987300316493,/content/outputs/inference/answersheet/model_finetune_1000_results/res_831e6a0e0f552f61b696b88d0d26f53c_jpg_5.pkl
186,171,246,183,186,171,245,171,245,182,186,182,fffafet,from,0.7044488787651062,0.21701171142714365,0.4646070718765259,/content/outputs/inference/answersheet/model_finetune_1000_results/res_831e6a0e0f552f61b696b88d0d26f53c_jpg_6.pkl
69,194,122,206,72,194,121,194,121,205,72,205,eaeeeyn,for,0.6789641976356506,0.09947741138083595,0.3021070584654808,/content/outputs/inference/answersheet/model_finetune_1000_results/res_831e6a0e0f552f61b696b88d0d26f53c_jpg_7.pkl
277,18,298,27,277,18,297,18,297,26,277,26,ttddaaaaaaa,to,0.7180694937705994,0.36516774513504724,0.5909483830134074,/content/outputs/inference/answersheet/model_finetune_1000_results/res_831e6a0e0f552f61b696b88d0d26f53c_jpg_8.pkl
124,17,211,27,124,17,210,17,210,26,124,26,awwaakcssgddeffffde,marking,0.5457807779312134,0.22132346034049988,0.5136783290654421,/content/outputs/inference/answersheet/model_finetune_1000_results/res_831e6a0e0f552f61b696b88d0d26f53c_jpg_9.pkl
167,302,193,314,167,302,192,302,192,313,167,313,oee,did,0.665109395980835,0.18878627816836038,0.5142772160470486,/content/outputs/inference/answersheet/model_finetune_1000_results/res_831e6a0e0f552f61b696b88d0d26f53c_jpg_10.pkl
360,15,406,27,360,15,405,15,405,26,360,26,dotggeeeaaftktfhooey4e,from,0.5488576889038086,0.170025823129849,0.5768850386142731,/content/outputs/inference/answersheet/model_finetune_1000_results/res_831e6a0e0f552f61b696b88d0d26f53c_jpg_11.pkl
73,194,103,204,73,194,102,194,102,203,73,203,ffffeefceaee,from,0.5028525590896606,0.14562105077008405,0.5199890911579133,/content/outputs/inference/answersheet/model_finetune_1000_results/res_831e6a0e0f552f61b696b88d0d26f53c_jpg_12.pkl
308,17,327,25,308,17,326,17,326,24,308,24,fttffffftfaaaaii,for,0.6261507272720337,0.26992099918425083,0.6323557645082474,/content/outputs/inference/answersheet/model_finetune_1000_results/res_831e6a0e0f552f61b696b88d0d26f53c_jpg_13.pkl
293,154,335,168,293,154,333,154,333,166,293,166,het,the,0.734749972820282,0.324698602159818,0.47005271539092064,/content/outputs/inference/answersheet/model_finetune_1000_results/res_831e6a0e0f552f61b696b88d0d26f53c_jpg_14.pkl
285,173,311,183,285,173,310,173,310,182,285,182,ttttlllaaeeeteet,can,0.7712975740432739,0.21973697748035192,0.27265358343720436,/content/outputs/inference/answersheet/model_finetune_1000_results/res_831e6a0e0f552f61b696b88d0d26f53c_jpg_15.pkl
342,171,405,183,345,171,404,171,404,182,345,182,yeeaeddddddbeeee,date,0.5118260979652405,0.2059622397646308,0.46199537366628646,/content/outputs/inference/answersheet/model_finetune_1000_results/res_831e6a0e0f552f61b696b88d0d26f53c_jpg_16.pkl
99,183,157,195,102,183,156,183,156,194,102,194,essessssee,parken,0.5187332630157471,0.25313734337687493,0.41061587418828693,/content/outputs/inference/answersheet/model_finetune_1000_results/res_831e6a0e0f552f61b696b88d0d26f53c_jpg_17.pkl
262,67,298,80,264,67,297,67,297,79,264,79,eeaesbbd,and,0.5438203811645508,0.15691913943737745,0.5392681136727333,/content/outputs/inference/answersheet/model_finetune_1000_results/res_831e6a0e0f552f61b696b88d0d26f53c_jpg_18.pkl
161,194,211,206,163,194,210,194,210,205,163,205,eete,coffee,0.63182532787323,0.16312377899885178,0.609187656215259,/content/outputs/inference/answersheet/model_finetune_1000_results/res_831e6a0e0f552f61b696b88d0d26f53c_jpg_19.pkl
389,16,410,26,389,16,409,16,409,25,389,25,ffkkkhooaaaaeuuy4uu,from,0.5113363862037659,0.23029467620347677,0.6902493953704834,/content/outputs/inference/answersheet/model_finetune_1000_results/res_831e6a0e0f552f61b696b88d0d26f53c_jpg_20.pkl
148,158,176,169,148,158,175,158,175,168,148,168,ffffffffffhhhthhhhhaadt,that,0.5601373314857483,0.22372538013302762,0.6815097510814667,/content/outputs/inference/answersheet/model_finetune_1000_results/res_831e6a0e0f552f61b696b88d0d26f53c_jpg_21.pkl
276,33,315,45,276,33,314,33,314,44,276,44,eeaaammeee,from,0.6293772459030151,0.1912239149212837,0.6497667998075485,/content/outputs/inference/answersheet/model_finetune_1000_results/res_831e6a0e0f552f61b696b88d0d26f53c_jpg_22.pkl
223,196,246,205,223,196,245,196,245,204,223,204,aaaaaaadddeeee,from,0.5791060924530029,0.15849296855075018,0.627721756696701,/content/outputs/inference/answersheet/model_finetune_1000_results/res_831e6a0e0f552f61b696b88d0d26f53c_jpg_23.pkl
254,17,279,26,254,17,278,17,278,25,254,25,ffaiieekkkeeeeeeefff,for,0.7056710720062256,0.25711787939071656,0.4513675086200237,/content/outputs/inference/answersheet/model_finetune_1000_results/res_831e6a0e0f552f61b696b88d0d26f53c_jpg_24.pkl
322,174,349,184,322,174,348,174,348,183,322,183,ee,and,0.5022552013397217,0.18275060504674911,0.5598901621997356,/content/outputs/inference/answersheet/model_finetune_1000_results/res_831e6a0e0f552f61b696b88d0d26f53c_jpg_25.pkl
72,15,258,29,72,15,257,15,257,28,72,28,sbteaeeiedne,from,0.5139585137367249,0.18115044571459293,0.44754944890737536,/content/outputs/inference/answersheet/model_finetune_1000_results/res_831e6a0e0f552f61b696b88d0d26f53c_jpg_26.pkl
176,18,203,27,176,18,202,18,202,26,176,26,ttffffffffffff4ffffihhdddddddaae,for,0.5423577427864075,0.2812484195455909,0.5230316296219826,/content/outputs/inference/answersheet/model_finetune_1000_results/res_831e6a0e0f552f61b696b88d0d26f53c_jpg_27.pkl
304,15,361,26,304,15,360,15,360,25,304,25,saeanedl,coffee,0.5675644278526306,0.13813501130789518,0.5226811128003257,/content/outputs/inference/answersheet/model_finetune_1000_results/res_831e6a0e0f552f61b696b88d0d26f53c_jpg_28.pkl
214,18,254,26,214,18,253,18,253,25,214,25,fdddeeaeeeeeeeeee,for,0.7224866151809692,0.2659190766075078,0.3796561136841774,/content/outputs/inference/answersheet/model_finetune_1000_results/res_831e6a0e0f552f61b696b88d0d26f53c_jpg_29.pkl
226,157,276,167,226,157,275,157,275,166,226,166,deallsetttttte,date,0.5089897513389587,0.2354448890047414,0.49871436059474944,/content/outputs/inference/answersheet/model_finetune_1000_results/res_831e6a0e0f552f61b696b88d0d26f53c_jpg_30.pkl
248,260,274,271,248,260,273,260,273,270,248,270,ttohhaahooteee,the,0.5302414894104004,0.22565625022564614,0.5442027430981398,/content/outputs/inference/answersheet/model_finetune_1000_results/res_831e6a0e0f552f61b696b88d0d26f53c_jpg_31.pkl
259,158,286,168,259,158,285,158,285,167,259,167,atttttttttaaa,that,0.5324656963348389,0.3745399575967055,0.628727275133133,/content/outputs/inference/answersheet/model_finetune_1000_results/res_831e6a0e0f552f61b696b88d0d26f53c_jpg_32.pkl
296,105,333,118,296,105,332,105,332,117,296,117,gfgguuuduuce,from,0.5235267281532288,0.14410343021154404,0.5339635476469994,/content/outputs/inference/answersheet/model_finetune_1000_results/res_831e6a0e0f552f61b696b88d0d26f53c_jpg_33.pkl
123,70,152,86,123,70,151,70,151,85,123,85,gggggeeep,apr,0.7015566825866699,0.35063264187839294,0.598318301141262,/content/outputs/inference/answersheet/model_finetune_1000_results/res_831e6a0e0f552f61b696b88d0d26f53c_jpg_34.pkl
