122,49,187,63,127,49,185,49,185,61,127,61,sssyyyyyyye,aster,0.556903600692749,0.3629199984398755,0.560382587214311,/content/outputs/inference/answersheet/model_finetune_1000_results/res_2661d4a0d6b745931887e96a4589b9b3_jpg_0.pkl
141,19,165,30,141,19,164,19,164,29,141,29,faiiirerrerrooao,for,0.8721390962600708,0.140080401673913,0.7722025290131569,/content/outputs/inference/answersheet/model_finetune_1000_results/res_2661d4a0d6b745931887e96a4589b9b3_jpg_1.pkl
211,50,230,59,211,50,229,50,229,58,211,58,feetteeeeeeeaaaaaasass3aai,for,0.8526579141616821,0.15084344349228418,0.6301858946681023,/content/outputs/inference/answersheet/model_finetune_1000_results/res_2661d4a0d6b745931887e96a4589b9b3_jpg_2.pkl
172,307,196,318,172,307,195,307,195,317,172,317,gggg11eeeeeeedddddddeddddddd,for,0.7454619407653809,0.25235567800700665,0.5397845767438412,/content/outputs/inference/answersheet/model_finetune_1000_results/res_2661d4a0d6b745931887e96a4589b9b3_jpg_3.pkl
116,326,142,340,116,328,141,328,141,339,116,339,oooooooaoaaoaasaaaaxxoe,ox,0.5045884251594543,0.21731588374013486,0.4779217417041461,/content/outputs/inference/answersheet/model_finetune_1000_results/res_2661d4a0d6b745931887e96a4589b9b3_jpg_4.pkl
171,37,197,47,171,37,196,37,196,46,171,46,fdeeee,for,0.7500549554824829,0.1822505034506321,0.6300369650125504,/content/outputs/inference/answersheet/model_finetune_1000_results/res_2661d4a0d6b745931887e96a4589b9b3_jpg_5.pkl
183,62,206,71,183,62,205,62,205,70,183,70,aiidy,and,0.7126585245132446,0.1839685246348381,0.6106523834168911,/content/outputs/inference/answersheet/model_finetune_1000_results/res_2661d4a0d6b745931887e96a4589b9b3_jpg_6.pkl
322,238,370,249,322,238,368,238,368,247,322,247,aaaaeee,the,0.5574213862419128,0.10254918145281929,0.48050534911453724,/content/outputs/inference/answersheet/model_finetune_1000_results/res_2661d4a0d6b745931887e96a4589b9b3_jpg_7.pkl
218,350,241,362,218,350,240,350,240,361,218,361,faas,for,0.6580567955970764,0.3001999147236347,0.5393048487603664,/content/outputs/inference/answersheet/model_finetune_1000_results/res_2661d4a0d6b745931887e96a4589b9b3_jpg_8.pkl
157,238,178,247,157,238,177,238,177,246,157,246,sseeefdatt,from,0.6216237545013428,0.09891567379236221,0.6504431188106536,/content/outputs/inference/answersheet/model_finetune_1000_results/res_2661d4a0d6b745931887e96a4589b9b3_jpg_9.pkl
117,41,140,52,119,41,139,41,139,51,119,51,bbbbfeeeeee,for,0.6133394241333008,0.16273301704363388,0.6093809008598328,/content/outputs/inference/answersheet/model_finetune_1000_results/res_2661d4a0d6b745931887e96a4589b9b3_jpg_10.pkl
198,238,221,248,198,238,220,238,220,247,198,247,ssssaaaaaaaaaii,sale,0.5241836905479431,0.12937844147284824,0.49888539761304856,/content/outputs/inference/answersheet/model_finetune_1000_results/res_2661d4a0d6b745931887e96a4589b9b3_jpg_11.pkl
260,184,281,193,260,184,280,184,280,192,260,192,g808833333809909999999,20,0.5817711353302002,0.20230991596525366,0.49238165219624835,/content/outputs/inference/answersheet/model_finetune_1000_results/res_2661d4a0d6b745931887e96a4589b9b3_jpg_12.pkl
