149,121,167,131,149,121,166,121,166,130,149,130,fgooooddaa,for,0.5828270316123962,0.24432521611452102,0.6993209607899189,/content/outputs/inference/answersheet/model_finetune_1000_results/res_DM21346_pdf_5_jpg_0.pkl
88,349,141,361,88,349,138,349,138,360,88,360,tdaaaeeneaaaeeeeees,from,0.6685137152671814,0.14175537503079363,0.5546216934919357,/content/outputs/inference/answersheet/model_finetune_1000_results/res_DM21346_pdf_5_jpg_1.pkl
137,140,220,153,137,140,219,140,219,152,137,152,ffadoe,from,0.5218680500984192,0.1629803255200386,0.5313019573688507,/content/outputs/inference/answersheet/model_finetune_1000_results/res_DM21346_pdf_5_jpg_2.pkl
278,262,303,272,278,262,302,262,302,271,278,271,oooe,sale,0.6011505722999573,0.2062022089958191,0.5734799653291702,/content/outputs/inference/answersheet/model_finetune_1000_results/res_DM21346_pdf_5_jpg_3.pkl
320,190,343,200,320,190,342,190,342,199,320,199,hhreaaaae,the,0.5994098782539368,0.1944833058449957,0.7116759270429611,/content/outputs/inference/answersheet/model_finetune_1000_results/res_DM21346_pdf_5_jpg_4.pkl
201,262,215,271,201,262,214,262,214,270,201,270,seeee,the,0.5262055993080139,0.2538995906710625,0.6740410262718797,/content/outputs/inference/answersheet/model_finetune_1000_results/res_DM21346_pdf_5_jpg_5.pkl
306,241,330,250,306,241,329,241,329,249,306,249,ttssssttttssgtst4tt,the,0.7993825078010559,0.16008694352287994,0.6980550661683083,/content/outputs/inference/answersheet/model_finetune_1000_results/res_DM21346_pdf_5_jpg_6.pkl
221,223,235,231,221,223,234,223,234,230,221,230,aa,the,0.5599858164787292,0.17243418842554092,0.6551487650722265,/content/outputs/inference/answersheet/model_finetune_1000_results/res_DM21346_pdf_5_jpg_7.pkl
306,240,378,254,306,240,374,242,373,254,306,251,ttthtaase,the,0.5377282500267029,0.1916609207789103,0.44357313960790634,/content/outputs/inference/answersheet/model_finetune_1000_results/res_DM21346_pdf_5_jpg_8.pkl
200,114,217,127,200,114,216,114,216,126,200,126,oo,a,0.53413987159729,0.19411476701498032,0.46131499856710434,/content/outputs/inference/answersheet/model_finetune_1000_results/res_DM21346_pdf_5_jpg_9.pkl
325,139,355,151,325,139,354,139,354,150,325,150,ttee,the,0.6410601735115051,0.32043006643652916,0.7306576743721962,/content/outputs/inference/answersheet/model_finetune_1000_results/res_DM21346_pdf_5_jpg_10.pkl
