248,12,330,24,248,12,329,12,329,23,248,23,oettteete,offee,0.6861932873725891,0.20459421475728354,0.5922312413652738,/content/outputs/inference/answersheet/model_finetune_1000_results/res_b5f569273d75f287c85a2ddab98b8c5d_jpg_0.pkl
29,204,84,219,31,204,83,204,83,218,31,218,gpteddd,offee,0.8480665683746338,0.2980195017797606,0.6108030130465826,/content/outputs/inference/answersheet/model_finetune_1000_results/res_b5f569273d75f287c85a2ddab98b8c5d_jpg_1.pkl
215,123,291,137,215,123,290,123,290,136,215,136,tosseeeaae,from,0.6761896014213562,0.17997418642044066,0.5648683920502663,/content/outputs/inference/answersheet/model_finetune_1000_results/res_b5f569273d75f287c85a2ddab98b8c5d_jpg_2.pkl
179,15,229,25,179,15,228,15,228,24,179,24,sshoodheedd,and,0.6660058498382568,0.11566482890735973,0.5949610359966755,/content/outputs/inference/answersheet/model_finetune_1000_results/res_b5f569273d75f287c85a2ddab98b8c5d_jpg_3.pkl
277,201,379,215,277,201,377,201,377,213,277,213,tfaerroere,from,0.5506734848022461,0.153407970815897,0.5237376406788826,/content/outputs/inference/answersheet/model_finetune_1000_results/res_b5f569273d75f287c85a2ddab98b8c5d_jpg_4.pkl
92,281,137,295,92,281,136,281,136,294,92,294,annnnnnnnnaeeeeeeeed,news,0.5193220376968384,0.2776752278208733,0.41796271577477456,/content/outputs/inference/answersheet/model_finetune_1000_results/res_b5f569273d75f287c85a2ddab98b8c5d_jpg_5.pkl
161,34,277,48,161,34,276,34,276,47,161,47,dtdeteesf,coffee,0.6334519386291504,0.17727123780383003,0.45008923539093565,/content/outputs/inference/answersheet/model_finetune_1000_results/res_b5f569273d75f287c85a2ddab98b8c5d_jpg_6.pkl
219,78,293,90,219,78,292,78,292,89,219,89,aasee,sale,0.5932820439338684,0.2367105722427368,0.45388109385967257,/content/outputs/inference/answersheet/model_finetune_1000_results/res_b5f569273d75f287c85a2ddab98b8c5d_jpg_7.pkl
301,367,354,379,301,367,353,367,353,378,301,378,eeeeeeaay,from,0.513008177280426,0.21082401192850536,0.631676909327507,/content/outputs/inference/answersheet/model_finetune_1000_results/res_b5f569273d75f287c85a2ddab98b8c5d_jpg_8.pkl
138,281,179,293,138,281,178,281,178,292,138,292,teesseeeaaaa,sale,0.5923261642456055,0.1783069639156262,0.4716155603528023,/content/outputs/inference/answersheet/model_finetune_1000_results/res_b5f569273d75f287c85a2ddab98b8c5d_jpg_9.pkl
235,57,305,69,237,57,304,57,304,68,237,68,ssoeeeeaeaaaaaa,sale,0.6950172781944275,0.21638238430023193,0.4240186378359795,/content/outputs/inference/answersheet/model_finetune_1000_results/res_b5f569273d75f287c85a2ddab98b8c5d_jpg_10.pkl
87,239,114,248,87,239,113,239,113,247,87,247,eeeeesssstmffttttttt,some,0.5549750328063965,0.2109751097857952,0.41658280193805697,/content/outputs/inference/answersheet/model_finetune_1000_results/res_b5f569273d75f287c85a2ddab98b8c5d_jpg_11.pkl
249,371,273,378,249,371,272,371,272,377,249,377,ttttteeeeteetheee,the,0.5236943960189819,0.15588770215125644,0.5482874736189842,/content/outputs/inference/answersheet/model_finetune_1000_results/res_b5f569273d75f287c85a2ddab98b8c5d_jpg_12.pkl
199,91,252,102,199,91,251,91,251,101,199,101,taeeeeaeeete,the,0.5361064672470093,0.19022749302287897,0.40609506145119667,/content/outputs/inference/answersheet/model_finetune_1000_results/res_b5f569273d75f287c85a2ddab98b8c5d_jpg_13.pkl
323,367,352,376,323,367,351,367,351,375,323,375,ffdaaaaaaaaeeeeey,sale,0.7789515852928162,0.1495451015584609,0.5695470124483109,/content/outputs/inference/answersheet/model_finetune_1000_results/res_b5f569273d75f287c85a2ddab98b8c5d_jpg_14.pkl
