191,156,213,167,191,156,210,156,210,166,191,166,aaeee,from,0.7771895527839661,0.22220245450735093,0.5682881474494934,/content/outputs/inference/answersheet/model_finetune_1000_results/res_b9b48cbd0407f490f92de7539e0bceb9_jpg_0.pkl
201,168,219,180,201,167,219,172,216,181,199,175,tteeeeeeett,for,0.7245542407035828,0.21890649470415982,0.5742521248757839,/content/outputs/inference/answersheet/model_finetune_1000_results/res_b9b48cbd0407f490f92de7539e0bceb9_jpg_1.pkl
234,197,255,208,234,197,254,197,254,207,234,207,ooooannneeee,sender,0.7113580107688904,0.11841960437595844,0.5144478252955845,/content/outputs/inference/answersheet/model_finetune_1000_results/res_b9b48cbd0407f490f92de7539e0bceb9_jpg_2.pkl
170,248,195,262,170,248,194,248,194,261,170,261,gggonnn,gre,0.588341236114502,0.2784601151943207,0.41571835428476334,/content/outputs/inference/answersheet/model_finetune_1000_results/res_b9b48cbd0407f490f92de7539e0bceb9_jpg_3.pkl
214,180,239,192,214,180,238,180,238,191,214,191,ttttttalaaaakeoo,the,0.7008705735206604,0.268442140892148,0.5651517957448959,/content/outputs/inference/answersheet/model_finetune_1000_results/res_b9b48cbd0407f490f92de7539e0bceb9_jpg_4.pkl
181,38,201,49,181,38,200,38,200,48,181,48,ffffcgcgcfcceeeeeooy,for,0.5172646641731262,0.22140057533979415,0.7733817100524902,/content/outputs/inference/answersheet/model_finetune_1000_results/res_b9b48cbd0407f490f92de7539e0bceb9_jpg_5.pkl
276,228,294,238,276,228,293,228,293,237,276,237,4ddyyy,and,0.5649455189704895,0.1226670282582442,0.6355372220277786,/content/outputs/inference/answersheet/model_finetune_1000_results/res_b9b48cbd0407f490f92de7539e0bceb9_jpg_6.pkl
52,361,137,371,54,361,136,361,136,370,54,370,hhaaaattaaaaaanm,from,0.5782839059829712,0.208788120187819,0.5851853631436825,/content/outputs/inference/answersheet/model_finetune_1000_results/res_b9b48cbd0407f490f92de7539e0bceb9_jpg_7.pkl
192,267,215,279,192,267,214,267,214,278,192,278,arrteeeee,from,0.6042889356613159,0.10232817961110009,0.5774072587490082,/content/outputs/inference/answersheet/model_finetune_1000_results/res_b9b48cbd0407f490f92de7539e0bceb9_jpg_8.pkl
213,281,235,290,213,281,234,281,234,289,213,289,ye,and,0.5379183292388916,0.09812042862176895,0.5978937577456236,/content/outputs/inference/answersheet/model_finetune_1000_results/res_b9b48cbd0407f490f92de7539e0bceb9_jpg_9.pkl
204,74,226,83,204,74,225,74,225,82,204,82,sssssssssssssos,sale,0.5238078236579895,0.4410154784719149,0.6164961904287338,/content/outputs/inference/answersheet/model_finetune_1000_results/res_b9b48cbd0407f490f92de7539e0bceb9_jpg_10.pkl
300,267,329,279,300,267,328,267,328,278,300,278,e,for,0.5787572264671326,0.1055508479475975,0.5670454651117325,/content/outputs/inference/answersheet/model_finetune_1000_results/res_b9b48cbd0407f490f92de7539e0bceb9_jpg_11.pkl
314,313,335,322,314,313,334,313,334,321,314,321,dee,the,0.6723081469535828,0.09970315049091975,0.6685502789914608,/content/outputs/inference/answersheet/model_finetune_1000_results/res_b9b48cbd0407f490f92de7539e0bceb9_jpg_12.pkl
