332,8,375,25,332,8,374,8,374,24,332,24,ialaiaie,the,0.6951788067817688,0.1470560571178794,0.6775677353143692,/content/outputs/inference/answersheet/model_finetune_1000_results/res_12703b690916d2e0d56ca4f32788b109_jpg_0.pkl
273,12,327,24,273,12,326,12,326,23,273,23,sdgeoeeeee,coffee,0.693023681640625,0.2898697040975094,0.5671438681227821,/content/outputs/inference/answersheet/model_finetune_1000_results/res_12703b690916d2e0d56ca4f32788b109_jpg_1.pkl
95,91,142,104,95,90,141,93,140,104,95,100,hhha,from,0.626349151134491,0.17089522816240788,0.5254675701260567,/content/outputs/inference/answersheet/model_finetune_1000_results/res_12703b690916d2e0d56ca4f32788b109_jpg_2.pkl
158,92,184,101,158,92,183,92,183,100,158,100,addd,but,0.6997861266136169,0.0978628620505333,0.24720874428749084,/content/outputs/inference/answersheet/model_finetune_1000_results/res_12703b690916d2e0d56ca4f32788b109_jpg_3.pkl
238,91,285,103,238,91,284,91,284,102,238,102,daeeeeeeeeeeeeeee,from,0.5363584160804749,0.1482928728356081,0.49502273797988894,/content/outputs/inference/answersheet/model_finetune_1000_results/res_12703b690916d2e0d56ca4f32788b109_jpg_4.pkl
247,146,269,157,247,146,268,146,268,156,247,156,tdddddceeeeeeeeee,for,0.5512886643409729,0.255843658657635,0.5805969797074795,/content/outputs/inference/answersheet/model_finetune_1000_results/res_12703b690916d2e0d56ca4f32788b109_jpg_5.pkl
156,378,204,390,156,378,203,378,203,389,156,389,eeeeesseeee,coffee,0.5341345071792603,0.1300685778260231,0.5503748846905572,/content/outputs/inference/answersheet/model_finetune_1000_results/res_12703b690916d2e0d56ca4f32788b109_jpg_6.pkl
90,349,119,358,90,349,118,349,118,357,90,357,ffttttttttahahhhhaaaass,from,0.5975832939147949,0.18193076680535855,0.5794001579284668,/content/outputs/inference/answersheet/model_finetune_1000_results/res_12703b690916d2e0d56ca4f32788b109_jpg_7.pkl
185,101,205,111,185,101,204,101,204,110,185,110,ttttttteeeeeeeeltttt,from,0.6689977645874023,0.20247322227805853,0.5847146049141884,/content/outputs/inference/answersheet/model_finetune_1000_results/res_12703b690916d2e0d56ca4f32788b109_jpg_8.pkl
41,15,69,26,41,15,68,15,68,25,41,25,taaaeme,from,0.6282018423080444,0.0828967062490327,0.6440758615732193,/content/outputs/inference/answersheet/model_finetune_1000_results/res_12703b690916d2e0d56ca4f32788b109_jpg_9.pkl
64,12,139,24,68,14,138,14,138,23,68,23,cceytaldneeeenn,coffeen,0.5266543030738831,0.12306417177120844,0.5276424139738083,/content/outputs/inference/answersheet/model_finetune_1000_results/res_12703b690916d2e0d56ca4f32788b109_jpg_10.pkl
246,379,271,388,246,379,270,379,270,387,246,387,deeedeeeeeeeeeeee,come,0.5222498178482056,0.22235803700545254,0.40688826739788053,/content/outputs/inference/answersheet/model_finetune_1000_results/res_12703b690916d2e0d56ca4f32788b109_jpg_11.pkl
332,333,371,345,332,333,370,333,370,344,332,344,tgaeeee,the,0.6082199215888977,0.176028810441494,0.4968714714050293,/content/outputs/inference/answersheet/model_finetune_1000_results/res_12703b690916d2e0d56ca4f32788b109_jpg_12.pkl
84,259,115,268,84,259,114,259,114,267,84,267,swwwwwwwwwewwssssfttee,from,0.5669529438018799,0.09392222220247443,0.5995430648326874,/content/outputs/inference/answersheet/model_finetune_1000_results/res_12703b690916d2e0d56ca4f32788b109_jpg_13.pkl
281,114,314,124,281,114,313,114,313,123,281,123,ssaeeee,school,0.519015371799469,0.1377211617571967,0.3784445588077818,/content/outputs/inference/answersheet/model_finetune_1000_results/res_12703b690916d2e0d56ca4f32788b109_jpg_14.pkl
336,370,356,380,336,370,355,370,355,379,336,379,ssssee,sender,0.5701804757118225,0.1071491576731205,0.4879344680479595,/content/outputs/inference/answersheet/model_finetune_1000_results/res_12703b690916d2e0d56ca4f32788b109_jpg_15.pkl
263,356,287,367,263,356,286,356,286,366,263,366,a,come,0.6334997415542603,0.10863055288791656,0.35584706366062163,/content/outputs/inference/answersheet/model_finetune_1000_results/res_12703b690916d2e0d56ca4f32788b109_jpg_16.pkl
253,93,415,114,253,93,408,93,408,113,253,113,edeseeeseeieee,comperice,0.5136993527412415,0.18495627120137215,0.35707652419805525,/content/outputs/inference/answersheet/model_finetune_1000_results/res_12703b690916d2e0d56ca4f32788b109_jpg_17.pkl
