136,132,181,145,136,132,180,132,180,144,136,144,eaee,from,0.8175584077835083,0.15955546498298645,0.6228809580206871,/content/outputs/inference/answersheet/model_finetune_1000_results/res_DM21338_pdf_3_jpg_0.pkl
73,201,127,214,73,201,124,201,124,213,73,213,tadeeee,thanking,0.6607974171638489,0.3659172845738275,0.5639575007889006,/content/outputs/inference/answersheet/model_finetune_1000_results/res_DM21338_pdf_3_jpg_1.pkl
279,385,328,396,279,385,327,385,327,395,279,395,da,subject,0.5985679030418396,0.11064249277114868,0.4606809038668871,/content/outputs/inference/answersheet/model_finetune_1000_results/res_DM21338_pdf_3_jpg_2.pkl
135,151,189,162,135,151,186,151,186,161,135,161,decyaate,restay,0.5616071224212646,0.16303948126733303,0.4033455454877445,/content/outputs/inference/answersheet/model_finetune_1000_results/res_DM21338_pdf_3_jpg_3.pkl
86,298,108,308,86,298,107,298,107,307,86,307,hhahh,apr,0.7894092202186584,0.21876365393400193,0.35835936665534973,/content/outputs/inference/answersheet/model_finetune_1000_results/res_DM21338_pdf_3_jpg_4.pkl
48,285,67,295,48,285,66,285,66,294,48,294,aaaaed,the,0.5082153677940369,0.13498755171895027,0.46343688666820526,/content/outputs/inference/answersheet/model_finetune_1000_results/res_DM21338_pdf_3_jpg_5.pkl
77,118,124,131,77,118,123,118,123,130,77,130,ed,marking,0.6772222518920898,0.12104330584406853,0.5262319268658757,/content/outputs/inference/answersheet/model_finetune_1000_results/res_DM21338_pdf_3_jpg_6.pkl
191,154,217,164,191,154,216,154,216,163,191,163,tahaeeea,for,0.6786306500434875,0.26783575117588043,0.5906788781285286,/content/outputs/inference/answersheet/model_finetune_1000_results/res_DM21338_pdf_3_jpg_7.pkl
153,236,175,244,153,236,174,236,174,243,153,243,o444ohtyyyyyyyyyy,off,0.7698907256126404,0.2331277890240445,0.5308531243354082,/content/outputs/inference/answersheet/model_finetune_1000_results/res_DM21338_pdf_3_jpg_8.pkl
97,374,162,387,99,374,161,374,161,386,99,386,ddppanneee,greater,0.5539171695709229,0.14275485835969448,0.45548178162425756,/content/outputs/inference/answersheet/model_finetune_1000_results/res_DM21338_pdf_3_jpg_9.pkl
332,394,360,405,332,394,359,394,359,404,332,404,sae,can,0.5044437050819397,0.1765719229976336,0.4141382575035095,/content/outputs/inference/answersheet/model_finetune_1000_results/res_DM21338_pdf_3_jpg_10.pkl
168,152,188,161,168,152,187,152,187,160,168,160,atttae,and,0.6361488103866577,0.23275612046321234,0.524884756654501,/content/outputs/inference/answersheet/model_finetune_1000_results/res_DM21338_pdf_3_jpg_11.pkl
99,364,131,376,99,364,130,364,130,375,99,375,eetdtiee,from,0.5965039730072021,0.15531053394079208,0.5245545506477356,/content/outputs/inference/answersheet/model_finetune_1000_results/res_DM21338_pdf_3_jpg_12.pkl
339,388,360,396,339,388,359,388,359,395,339,395,ite,it,0.6016058325767517,0.32004591325918835,0.4632079799969991,/content/outputs/inference/answersheet/model_finetune_1000_results/res_DM21338_pdf_3_jpg_13.pkl
209,220,239,233,209,220,238,220,238,232,209,232,ffdddfddtppeeeee,for,0.6354560852050781,0.26685413625091314,0.5583502054214478,/content/outputs/inference/answersheet/model_finetune_1000_results/res_DM21338_pdf_3_jpg_14.pkl
