35,258,71,273,35,258,70,258,70,272,35,272,raarrrre,are,0.9118792414665222,0.3654601685702801,0.8047329187393188,/content/outputs/inference/answersheet/model_finetune_1000_results/res_b1187b42b1639552b410344b9aa088da_jpg_0.pkl
42,211,100,230,41,212,98,210,99,226,42,230,ggaaffffrakkkkka,from,0.5725712180137634,0.18502968130633235,0.5880543977022171,/content/outputs/inference/answersheet/model_finetune_1000_results/res_b1187b42b1639552b410344b9aa088da_jpg_1.pkl
65,197,84,208,65,197,83,197,83,207,65,207,fffffffffffoaesaeaoeaeeo,for,0.8284431099891663,0.35267340174565714,0.5314510837197304,/content/outputs/inference/answersheet/model_finetune_1000_results/res_b1187b42b1639552b410344b9aa088da_jpg_2.pkl
48,136,87,153,50,138,86,138,86,152,50,152,lttte,the,0.8200495839118958,0.2283684253692627,0.6601500399410725,/content/outputs/inference/answersheet/model_finetune_1000_results/res_b1187b42b1639552b410344b9aa088da_jpg_3.pkl
270,3,311,15,270,3,310,3,310,14,270,14,aattttittttoddo,and,0.6666066646575928,0.34672606935103734,0.5253319628536701,/content/outputs/inference/answersheet/model_finetune_1000_results/res_b1187b42b1639552b410344b9aa088da_jpg_4.pkl
79,174,123,189,79,174,122,174,122,188,79,188,gyaaaaee,grafe,0.7489716410636902,0.2495665643364191,0.39831671367088956,/content/outputs/inference/answersheet/model_finetune_1000_results/res_b1187b42b1639552b410344b9aa088da_jpg_5.pkl
249,336,271,348,249,336,270,336,270,347,249,347,gfrriposssss,go,0.6935141682624817,0.17112456262111664,0.4940815170605977,/content/outputs/inference/answersheet/model_finetune_1000_results/res_b1187b42b1639552b410344b9aa088da_jpg_6.pkl
66,3,107,16,66,3,106,3,106,15,66,15,ttnntttttttte,the,0.5106785297393799,0.29466717460980785,0.7067277953028679,/content/outputs/inference/answersheet/model_finetune_1000_results/res_b1187b42b1639552b410344b9aa088da_jpg_7.pkl
78,92,101,104,78,92,100,92,100,103,78,103,ffffesssyyy,for,0.5595691204071045,0.22950862551277335,0.5495906956493855,/content/outputs/inference/answersheet/model_finetune_1000_results/res_b1187b42b1639552b410344b9aa088da_jpg_8.pkl
213,258,255,272,215,260,254,260,254,271,215,271,atttllpe,the,0.5869115591049194,0.16600725799798965,0.5198556985706091,/content/outputs/inference/answersheet/model_finetune_1000_results/res_b1187b42b1639552b410344b9aa088da_jpg_9.pkl
50,334,95,352,50,339,93,334,95,347,52,353,seeeaee,come,0.6426088213920593,0.2395544626883098,0.41394620537757876,/content/outputs/inference/answersheet/model_finetune_1000_results/res_b1187b42b1639552b410344b9aa088da_jpg_10.pkl
126,176,148,188,126,176,147,176,147,187,126,187,poaeos,can,0.7415341734886169,0.1304807811975479,0.36518505960702896,/content/outputs/inference/answersheet/model_finetune_1000_results/res_b1187b42b1639552b410344b9aa088da_jpg_11.pkl
230,136,267,153,230,138,266,138,266,152,230,152,41l1tiieo,10,0.7483225464820862,0.21923873987462786,0.32667147119839984,/content/outputs/inference/answersheet/model_finetune_1000_results/res_b1187b42b1639552b410344b9aa088da_jpg_12.pkl
100,159,121,168,100,159,120,159,120,167,100,167,fttttttttttteeeeeeepoooo,the,0.7943800687789917,0.18199008516967297,0.6085486821830273,/content/outputs/inference/answersheet/model_finetune_1000_results/res_b1187b42b1639552b410344b9aa088da_jpg_13.pkl
300,47,326,59,300,47,325,47,325,58,300,58,ttgdttftttttteeo,the,0.5090720653533936,0.27182520274072886,0.5009881444275379,/content/outputs/inference/answersheet/model_finetune_1000_results/res_b1187b42b1639552b410344b9aa088da_jpg_14.pkl
265,96,283,105,265,96,282,96,282,104,265,104,kkkk6kkssssseccceeoooooo99ee,for,0.742001473903656,0.13389746445630277,0.6704011894762516,/content/outputs/inference/answersheet/model_finetune_1000_results/res_b1187b42b1639552b410344b9aa088da_jpg_15.pkl
42,214,75,233,42,214,74,214,74,232,42,232,kgoaaa,from,0.5872625112533569,0.20830248047908148,0.5684815585613251,/content/outputs/inference/answersheet/model_finetune_1000_results/res_b1187b42b1639552b410344b9aa088da_jpg_16.pkl
271,314,294,327,271,314,293,314,293,326,271,326,egahpa,can,0.5616244673728943,0.10794224838415782,0.3157901056110859,/content/outputs/inference/answersheet/model_finetune_1000_results/res_b1187b42b1639552b410344b9aa088da_jpg_17.pkl
52,340,75,351,52,340,74,340,74,350,52,350,sssssaanhppp,can,0.5955770611763,0.14544411934912205,0.35271792858839035,/content/outputs/inference/answersheet/model_finetune_1000_results/res_b1187b42b1639552b410344b9aa088da_jpg_18.pkl
334,195,355,204,334,195,354,195,354,203,334,203,tttdaah,the,0.6502082347869873,0.1793830618262291,0.6775269322097301,/content/outputs/inference/answersheet/model_finetune_1000_results/res_b1187b42b1639552b410344b9aa088da_jpg_19.pkl
340,223,372,239,340,223,371,223,371,238,340,238,yyyffgeeeeaayyyyyyy,from,0.6231986284255981,0.39068033506995753,0.6115888297557831,/content/outputs/inference/answersheet/model_finetune_1000_results/res_b1187b42b1639552b410344b9aa088da_jpg_20.pkl
119,47,145,58,119,47,144,47,144,57,119,57,fttttttttteeeed,from,0.7171955704689026,0.20577125052611034,0.5569466322660446,/content/outputs/inference/answersheet/model_finetune_1000_results/res_b1187b42b1639552b410344b9aa088da_jpg_21.pkl
258,229,278,240,258,229,277,229,277,239,258,239,ggggssssoooooooooo,go,0.6512155532836914,0.2805897903939088,0.5014167030652364,/content/outputs/inference/answersheet/model_finetune_1000_results/res_b1187b42b1639552b410344b9aa088da_jpg_22.pkl
296,291,318,303,296,291,317,291,317,302,296,302,faooooddddddd,from,0.8453289866447449,0.18933297980290192,0.6293148189783097,/content/outputs/inference/answersheet/model_finetune_1000_results/res_b1187b42b1639552b410344b9aa088da_jpg_23.pkl
361,212,381,222,361,212,378,212,378,221,361,221,odlly,only,0.6532415747642517,0.11404960155487061,0.5722377896308899,/content/outputs/inference/answersheet/model_finetune_1000_results/res_b1187b42b1639552b410344b9aa088da_jpg_24.pkl
138,315,161,326,138,315,160,315,160,325,138,325,toyyy,from,0.6571696996688843,0.13775147646665573,0.6567041873931885,/content/outputs/inference/answersheet/model_finetune_1000_results/res_b1187b42b1639552b410344b9aa088da_jpg_25.pkl
81,177,106,189,81,177,105,177,105,188,81,188,gyyyyyyy,gour,0.6802904605865479,0.5823209602385759,0.3952092319726944,/content/outputs/inference/answersheet/model_finetune_1000_results/res_b1187b42b1639552b410344b9aa088da_jpg_26.pkl
301,178,325,191,301,178,324,178,324,190,301,190,ffftnnnnoodddddddoo,for,0.6645885109901428,0.25043448884236186,0.5588002651929855,/content/outputs/inference/answersheet/model_finetune_1000_results/res_b1187b42b1639552b410344b9aa088da_jpg_27.pkl
