329,82,375,96,329,84,374,84,374,95,329,95,eteaaeeeee,exity,0.7623202800750732,0.1373837932944298,0.49441946546236676,/content/outputs/inference/answersheet/model_finetune_1000_results/res_753b1d6c9d8ae03f8f368c26aa4e01a8_jpg_0.pkl
329,43,355,54,329,43,354,43,354,53,329,53,11ieeeee1eeeeeedd7dy7dh7hte,100,0.6882027983665466,0.2587461722669778,0.5296325907111168,/content/outputs/inference/answersheet/model_finetune_1000_results/res_753b1d6c9d8ae03f8f368c26aa4e01a8_jpg_1.pkl
360,65,379,74,360,65,378,65,378,73,360,73,attt,sale,0.8544740080833435,0.12832670100033283,0.5613798409700393,/content/outputs/inference/answersheet/model_finetune_1000_results/res_753b1d6c9d8ae03f8f368c26aa4e01a8_jpg_2.pkl
73,134,110,146,73,134,109,134,109,145,73,145,aaaiitheaaeaae,off,0.5892043113708496,0.145181876208101,0.504319878295064,/content/outputs/inference/answersheet/model_finetune_1000_results/res_753b1d6c9d8ae03f8f368c26aa4e01a8_jpg_3.pkl
381,85,400,94,381,85,399,85,399,93,381,93,ttdttee88osy,to,0.5283207893371582,0.11334567454953988,0.47989774247010547,/content/outputs/inference/answersheet/model_finetune_1000_results/res_753b1d6c9d8ae03f8f368c26aa4e01a8_jpg_4.pkl
243,256,283,266,243,256,282,256,282,265,243,265,heaseeeeeeee,from,0.5305341482162476,0.21207921237995228,0.5753389477729798,/content/outputs/inference/answersheet/model_finetune_1000_results/res_753b1d6c9d8ae03f8f368c26aa4e01a8_jpg_5.pkl
194,187,215,197,194,187,214,187,214,196,194,196,tttgosooo0ooooyyy,of,0.5981055498123169,0.20331442136974895,0.41529308756192523,/content/outputs/inference/answersheet/model_finetune_1000_results/res_753b1d6c9d8ae03f8f368c26aa4e01a8_jpg_6.pkl
234,166,258,175,234,166,257,166,257,174,234,174,tttta11111eedddddddddd,the,0.5513303279876709,0.351789097555659,0.535564161837101,/content/outputs/inference/answersheet/model_finetune_1000_results/res_753b1d6c9d8ae03f8f368c26aa4e01a8_jpg_7.pkl
199,146,226,158,199,146,225,146,225,157,199,157,ffaaaddddddady,from,0.5882402062416077,0.14757738741380827,0.6928153455257415,/content/outputs/inference/answersheet/model_finetune_1000_results/res_753b1d6c9d8ae03f8f368c26aa4e01a8_jpg_8.pkl
147,268,169,276,147,268,168,268,168,275,147,275,faatttttttttttttee,from,0.5513063669204712,0.1476017389860418,0.6559546500444412,/content/outputs/inference/answersheet/model_finetune_1000_results/res_753b1d6c9d8ae03f8f368c26aa4e01a8_jpg_9.pkl
