3,10,47,25,3,10,46,10,46,24,3,24,didihieoaaaase,does,0.8243951201438904,0.20670483580657414,0.45208594501018523,/content/outputs/inference/answersheet/model_finetune_1000_results/res_a7c47748f7ab97de2f992378f73fbb75_jpg_0.pkl
333,189,380,201,333,189,379,189,379,200,333,200,aeeeyll,from,0.7194592952728271,0.11797381405319486,0.558237349241972,/content/outputs/inference/answersheet/model_finetune_1000_results/res_a7c47748f7ab97de2f992378f73fbb75_jpg_1.pkl
248,12,290,23,248,12,289,12,289,22,248,22,s,shople,0.627207338809967,0.07505903393030167,0.38508435019424986,/content/outputs/inference/answersheet/model_finetune_1000_results/res_a7c47748f7ab97de2f992378f73fbb75_jpg_2.pkl
362,90,411,103,362,90,407,90,407,101,362,101,sfh,the,0.6118499040603638,0.10858407616615295,0.3999115079641342,/content/outputs/inference/answersheet/model_finetune_1000_results/res_a7c47748f7ab97de2f992378f73fbb75_jpg_3.pkl
263,268,325,281,265,270,322,270,322,280,265,280,gada,subjaching,0.6001619696617126,0.1251582521945238,0.48863196169788187,/content/outputs/inference/answersheet/model_finetune_1000_results/res_a7c47748f7ab97de2f992378f73fbb75_jpg_4.pkl
323,13,384,23,323,13,383,13,383,22,323,22,eeennneeeneee,from,0.5064290761947632,0.21417884815197724,0.5927713572978973,/content/outputs/inference/answersheet/model_finetune_1000_results/res_a7c47748f7ab97de2f992378f73fbb75_jpg_5.pkl
52,12,102,24,52,12,98,12,98,23,52,23,asssd,coffee,0.5989087224006653,0.18334005773067474,0.3807874619960785,/content/outputs/inference/answersheet/model_finetune_1000_results/res_a7c47748f7ab97de2f992378f73fbb75_jpg_6.pkl
202,249,248,262,202,249,247,249,247,261,202,261,ahhhhhaew,should,0.6557044386863708,0.13228851556777954,0.38132864023957935,/content/outputs/inference/answersheet/model_finetune_1000_results/res_a7c47748f7ab97de2f992378f73fbb75_jpg_7.pkl
98,13,149,24,98,13,147,13,147,22,98,22,eeeefeee,from,0.5011380910873413,0.21117848996073008,0.547905319929123,/content/outputs/inference/answersheet/model_finetune_1000_results/res_a7c47748f7ab97de2f992378f73fbb75_jpg_8.pkl
349,114,373,123,349,114,372,114,372,122,349,122,tde,the,0.5474573969841003,0.10391796380281448,0.48427390307188034,/content/outputs/inference/answersheet/model_finetune_1000_results/res_a7c47748f7ab97de2f992378f73fbb75_jpg_9.pkl
353,35,398,46,353,35,395,35,395,45,353,45,dgydd,ressageid,0.5460390448570251,0.33754832446575167,0.6201671935617924,/content/outputs/inference/answersheet/model_finetune_1000_results/res_a7c47748f7ab97de2f992378f73fbb75_jpg_10.pkl
65,14,95,23,65,14,94,14,94,22,65,22,add,date,0.5633006691932678,0.1317700818181038,0.3662498712539673,/content/outputs/inference/answersheet/model_finetune_1000_results/res_a7c47748f7ab97de2f992378f73fbb75_jpg_11.pkl
104,26,133,33,104,26,132,26,132,32,104,32,ahhhhhhhhhwwgggegggg,shople,0.7621711492538452,0.13155617099255323,0.4024988498006548,/content/outputs/inference/answersheet/model_finetune_1000_results/res_a7c47748f7ab97de2f992378f73fbb75_jpg_12.pkl
331,16,350,23,331,16,349,16,349,22,331,22,bbbbhhhnnnhnhneheeeeeeeeee,bre,0.5439687371253967,0.2841864377260208,0.33459974080324173,/content/outputs/inference/answersheet/model_finetune_1000_results/res_a7c47748f7ab97de2f992378f73fbb75_jpg_13.pkl
305,58,325,66,305,58,324,58,324,65,305,65,aeeeee,the,0.686464250087738,0.11872734501957893,0.6037829965353012,/content/outputs/inference/answersheet/model_finetune_1000_results/res_a7c47748f7ab97de2f992378f73fbb75_jpg_14.pkl
341,269,371,279,341,269,370,269,370,278,341,278,ah,the,0.6222628355026245,0.09774842485785484,0.5654423013329506,/content/outputs/inference/answersheet/model_finetune_1000_results/res_a7c47748f7ab97de2f992378f73fbb75_jpg_15.pkl
298,13,321,23,298,13,320,13,320,22,298,22,ol,sale,0.6387882232666016,0.10736291483044624,0.50566486120224,/content/outputs/inference/answersheet/model_finetune_1000_results/res_a7c47748f7ab97de2f992378f73fbb75_jpg_16.pkl
175,231,196,240,175,231,195,231,195,239,175,239,hhhhhee,the,0.5728835463523865,0.14038388963256562,0.6695934310555458,/content/outputs/inference/answersheet/model_finetune_1000_results/res_a7c47748f7ab97de2f992378f73fbb75_jpg_17.pkl
215,37,238,45,215,37,237,37,237,44,215,44,dddhahatddddeee,the,0.5470888614654541,0.16565968741973242,0.5214233696460724,/content/outputs/inference/answersheet/model_finetune_1000_results/res_a7c47748f7ab97de2f992378f73fbb75_jpg_18.pkl
186,14,208,22,186,14,207,14,207,21,186,21,anneee,re,0.5949681401252747,0.17946033055583635,0.2655741944909096,/content/outputs/inference/answersheet/model_finetune_1000_results/res_a7c47748f7ab97de2f992378f73fbb75_jpg_19.pkl
360,14,379,23,360,14,378,14,378,22,360,22,reeeeeeeeeee,the,0.5881421566009521,0.3499719041089217,0.7535781562328339,/content/outputs/inference/answersheet/model_finetune_1000_results/res_a7c47748f7ab97de2f992378f73fbb75_jpg_20.pkl
