73,129,121,144,73,129,120,129,120,143,73,143,seppe,ske,0.6434357166290283,0.2313709244132042,0.6769818067550659,/content/outputs/inference/answersheet/model_finetune_1000_results/res_ac29f196f88cc055627e722aa5c1fe36_jpg_0.pkl
174,75,218,87,174,75,216,75,216,85,174,85,heetttd,from,0.5555028915405273,0.2383132055401802,0.47258525639772414,/content/outputs/inference/answersheet/model_finetune_1000_results/res_ac29f196f88cc055627e722aa5c1fe36_jpg_1.pkl
187,195,227,209,187,197,226,197,226,208,187,208,areedddd,and,0.7073116302490234,0.20981192030012608,0.5789859443902969,/content/outputs/inference/answersheet/model_finetune_1000_results/res_ac29f196f88cc055627e722aa5c1fe36_jpg_2.pkl
327,333,371,345,327,333,369,333,369,343,327,343,aoasaaddddepe,for,0.7036445140838623,0.20817183531247652,0.5826276782900095,/content/outputs/inference/answersheet/model_finetune_1000_results/res_ac29f196f88cc055627e722aa5c1fe36_jpg_3.pkl
215,299,239,310,215,299,238,299,238,309,215,309,atel,and,0.603599488735199,0.1956506222486496,0.4532592184841633,/content/outputs/inference/answersheet/model_finetune_1000_results/res_ac29f196f88cc055627e722aa5c1fe36_jpg_4.pkl
131,175,176,189,131,175,173,175,173,188,131,188,geseeeeeeeeeee,great,0.5519228577613831,0.18826748909694807,0.4144005551934242,/content/outputs/inference/answersheet/model_finetune_1000_results/res_ac29f196f88cc055627e722aa5c1fe36_jpg_5.pkl
138,216,157,225,138,216,156,216,156,224,138,224,dadddddddddddd,and,0.6372588872909546,0.2354113401046821,0.7076224274933338,/content/outputs/inference/answersheet/model_finetune_1000_results/res_ac29f196f88cc055627e722aa5c1fe36_jpg_6.pkl
345,345,394,359,345,345,393,345,393,358,345,358,thhritalaar,the,0.7124338150024414,0.15300741317597302,0.48948831856250763,/content/outputs/inference/answersheet/model_finetune_1000_results/res_ac29f196f88cc055627e722aa5c1fe36_jpg_7.pkl
168,97,212,109,168,97,211,97,211,108,168,108,gggeeccedtteddddddddddddyeeeeee,city,0.5999397039413452,0.22741665931478625,0.5390349060297013,/content/outputs/inference/answersheet/model_finetune_1000_results/res_ac29f196f88cc055627e722aa5c1fe36_jpg_8.pkl
116,44,144,56,116,44,143,44,143,55,116,55,fgggggggiiioeeeeeeeey,for,0.5992767810821533,0.2368917465209961,0.5644046440720558,/content/outputs/inference/answersheet/model_finetune_1000_results/res_ac29f196f88cc055627e722aa5c1fe36_jpg_9.pkl
80,299,134,311,80,299,132,299,132,309,80,309,ddleedntfteeeeseee,coffee,0.5790495872497559,0.15313019872539574,0.615621200629643,/content/outputs/inference/answersheet/model_finetune_1000_results/res_ac29f196f88cc055627e722aa5c1fe36_jpg_10.pkl
158,45,183,54,158,45,182,45,182,53,158,53,fittetf,the,0.5216059684753418,0.18716462807995932,0.5292427837848663,/content/outputs/inference/answersheet/model_finetune_1000_results/res_ac29f196f88cc055627e722aa5c1fe36_jpg_11.pkl
164,298,193,311,164,298,190,298,190,310,164,310,atttthhsyy,the,0.6121549606323242,0.17581491991877557,0.579923078417778,/content/outputs/inference/answersheet/model_finetune_1000_results/res_ac29f196f88cc055627e722aa5c1fe36_jpg_12.pkl
85,79,148,95,87,79,146,79,146,93,87,93,eeeeeeeeoyyeeeeeeeeeeeed,export,0.6733896732330322,0.3698453813170393,0.36713396864277975,/content/outputs/inference/answersheet/model_finetune_1000_results/res_ac29f196f88cc055627e722aa5c1fe36_jpg_13.pkl
95,344,114,354,95,344,113,344,113,353,95,353,aaaaaaae,the,0.6536555290222168,0.12805801490321755,0.5740646403282881,/content/outputs/inference/answersheet/model_finetune_1000_results/res_ac29f196f88cc055627e722aa5c1fe36_jpg_14.pkl
139,345,161,353,139,345,160,345,160,352,139,352,ssdtdddeaoaaaeeeeeeeeeeeet,sale,0.5111152529716492,0.1312233845774944,0.3940041109919548,/content/outputs/inference/answersheet/model_finetune_1000_results/res_ac29f196f88cc055627e722aa5c1fe36_jpg_15.pkl
98,287,162,299,98,287,161,287,161,298,98,298,yftsttsskkel,from,0.6718276739120483,0.22829540198047957,0.47597121000289916,/content/outputs/inference/answersheet/model_finetune_1000_results/res_ac29f196f88cc055627e722aa5c1fe36_jpg_16.pkl
102,321,170,333,102,321,167,321,167,332,102,332,tauuooksssdtttt,taking,0.58620685338974,0.21977830479542415,0.40788387613637106,/content/outputs/inference/answersheet/model_finetune_1000_results/res_ac29f196f88cc055627e722aa5c1fe36_jpg_17.pkl
199,197,225,207,199,197,224,197,224,206,199,206,adttddddddddddddd,did,0.7719205617904663,0.2878454231164035,0.5427356995642185,/content/outputs/inference/answersheet/model_finetune_1000_results/res_ac29f196f88cc055627e722aa5c1fe36_jpg_18.pkl
77,8,151,25,77,8,148,8,148,24,77,24,eagygeeeel,sale,0.5782434344291687,0.25856831669807434,0.38011532723903657,/content/outputs/inference/answersheet/model_finetune_1000_results/res_ac29f196f88cc055627e722aa5c1fe36_jpg_19.pkl
136,24,162,34,136,24,161,24,161,33,136,33,ee44eddeeeeddd,and,0.5860856771469116,0.20297896595937864,0.5944175161421299,/content/outputs/inference/answersheet/model_finetune_1000_results/res_ac29f196f88cc055627e722aa5c1fe36_jpg_20.pkl
189,321,231,333,189,321,230,321,230,332,189,332,aaaaaheeattttt,and,0.5725838541984558,0.2956322335771152,0.4217626191675663,/content/outputs/inference/answersheet/model_finetune_1000_results/res_ac29f196f88cc055627e722aa5c1fe36_jpg_21.pkl
175,177,208,188,175,177,207,177,207,187,175,187,eggecefdddddddy,coffee,0.8376443982124329,0.23545159250497819,0.5044453995568412,/content/outputs/inference/answersheet/model_finetune_1000_results/res_ac29f196f88cc055627e722aa5c1fe36_jpg_22.pkl
77,9,113,22,77,9,112,9,112,21,77,21,aaaaagggy,sale,0.6976605653762817,0.36445362038082546,0.6235581487417221,/content/outputs/inference/answersheet/model_finetune_1000_results/res_ac29f196f88cc055627e722aa5c1fe36_jpg_23.pkl
159,347,179,357,159,347,178,347,178,356,159,356,hteeeeeeeeeeeeee,the,0.5846863985061646,0.2173030194826424,0.5349885895848274,/content/outputs/inference/answersheet/model_finetune_1000_results/res_ac29f196f88cc055627e722aa5c1fe36_jpg_24.pkl
95,339,119,349,95,339,118,339,118,348,95,348,tttssdee,the,0.5170573592185974,0.14221859071403742,0.6334159765392542,/content/outputs/inference/answersheet/model_finetune_1000_results/res_ac29f196f88cc055627e722aa5c1fe36_jpg_25.pkl
155,364,195,377,155,364,194,364,194,376,155,376,tyyyye,the,0.5199072360992432,0.27649769683678943,0.6335783265531063,/content/outputs/inference/answersheet/model_finetune_1000_results/res_ac29f196f88cc055627e722aa5c1fe36_jpg_26.pkl
95,348,112,357,95,348,111,348,111,356,95,356,ee,you,0.5333493947982788,0.16160868853330612,0.6560379518195987,/content/outputs/inference/answersheet/model_finetune_1000_results/res_ac29f196f88cc055627e722aa5c1fe36_jpg_27.pkl
67,274,100,289,67,274,99,274,99,288,67,288,oddtte,the,0.586089551448822,0.16194306313991547,0.636090699583292,/content/outputs/inference/answersheet/model_finetune_1000_results/res_ac29f196f88cc055627e722aa5c1fe36_jpg_28.pkl
239,300,267,310,239,300,266,300,266,309,239,309,anf,from,0.6769011616706848,0.09766659140586853,0.609642070531845,/content/outputs/inference/answersheet/model_finetune_1000_results/res_ac29f196f88cc055627e722aa5c1fe36_jpg_29.pkl
271,324,285,333,271,324,284,324,284,332,271,332,ttssssssssfssssfsffssssfs,for,0.7112677693367004,0.21020636469125747,0.6646644435822964,/content/outputs/inference/answersheet/model_finetune_1000_results/res_ac29f196f88cc055627e722aa5c1fe36_jpg_30.pkl
182,287,227,299,182,287,226,287,226,298,182,298,atlyashhhhhhhh,from,0.7858267426490784,0.21659611750926291,0.5637723177671432,/content/outputs/inference/answersheet/model_finetune_1000_results/res_ac29f196f88cc055627e722aa5c1fe36_jpg_31.pkl
190,324,219,335,190,324,218,324,218,332,190,332,aaaahheeee,and,0.5604720115661621,0.25743782371282575,0.4902633726596832,/content/outputs/inference/answersheet/model_finetune_1000_results/res_ac29f196f88cc055627e722aa5c1fe36_jpg_32.pkl
103,66,127,73,103,66,126,66,126,72,103,72,eeeeeeeeeeeessssssssssssssssssseeeeeedeoonnn,for,0.7794479727745056,0.24540248868817632,0.5514561217278242,/content/outputs/inference/answersheet/model_finetune_1000_results/res_ac29f196f88cc055627e722aa5c1fe36_jpg_33.pkl
57,367,77,382,57,367,76,367,76,381,57,381,aaaeeeeeeeeeeeeeeeo,for,0.5443081855773926,0.2858541945093556,0.663897892460227,/content/outputs/inference/answersheet/model_finetune_1000_results/res_ac29f196f88cc055627e722aa5c1fe36_jpg_34.pkl
321,325,343,334,321,325,342,325,342,333,321,333,bsssssssseeeeeeaeaaae,been,0.619216799736023,0.13840728324084056,0.42152674198150636,/content/outputs/inference/answersheet/model_finetune_1000_results/res_ac29f196f88cc055627e722aa5c1fe36_jpg_35.pkl
97,333,122,342,99,333,121,333,121,341,99,341,attttttttaaaaaaeaaaaayyy,and,0.5597292184829712,0.2114250436425209,0.5805767998099327,/content/outputs/inference/answersheet/model_finetune_1000_results/res_ac29f196f88cc055627e722aa5c1fe36_jpg_36.pkl
