122,51,168,64,122,51,165,51,165,63,122,63,bohhhcccarrpee,the,0.6449049115180969,0.15465194519077027,0.39064853824675083,/content/outputs/inference/answersheet/model_finetune_1000_results/res_390778cc5b553286ffe891c60b86a434_jpg_0.pkl
294,276,334,287,294,276,333,276,333,286,294,286,tttahte,from,0.76468425989151,0.23988270972456252,0.5093224868178368,/content/outputs/inference/answersheet/model_finetune_1000_results/res_390778cc5b553286ffe891c60b86a434_jpg_1.pkl
342,244,373,255,342,244,372,244,372,254,342,254,dee,from,0.7937589287757874,0.12378246337175369,0.7161611869931221,/content/outputs/inference/answersheet/model_finetune_1000_results/res_390778cc5b553286ffe891c60b86a434_jpg_2.pkl
115,185,164,200,115,185,161,185,161,199,115,199,ullulyywwdddld,subject,0.6188753843307495,0.16237932816147804,0.4588252045214176,/content/outputs/inference/answersheet/model_finetune_1000_results/res_390778cc5b553286ffe891c60b86a434_jpg_3.pkl
134,218,170,231,134,218,169,218,169,230,134,230,e,from,0.5907279253005981,0.11274253576993942,0.6335131764411926,/content/outputs/inference/answersheet/model_finetune_1000_results/res_390778cc5b553286ffe891c60b86a434_jpg_4.pkl
116,274,145,285,116,274,144,274,144,284,116,284,twpre,the,0.7636799216270447,0.2596174985170364,0.5410130433738232,/content/outputs/inference/answersheet/model_finetune_1000_results/res_390778cc5b553286ffe891c60b86a434_jpg_5.pkl
297,87,342,99,297,87,341,87,341,98,297,98,latdltllttll,from,0.5561737418174744,0.17427893603841463,0.5389836952090263,/content/outputs/inference/answersheet/model_finetune_1000_results/res_390778cc5b553286ffe891c60b86a434_jpg_6.pkl
305,219,324,231,305,219,323,219,323,230,305,230,aeaetattee,cace,0.6423906683921814,0.13544890731573106,0.36101086884737016,/content/outputs/inference/answersheet/model_finetune_1000_results/res_390778cc5b553286ffe891c60b86a434_jpg_7.pkl
298,87,322,96,298,87,321,87,321,95,298,95,yppppoooaatoaaieeneeeeffddht,from,0.6309629082679749,0.1386438991342272,0.5809062734246254,/content/outputs/inference/answersheet/model_finetune_1000_results/res_390778cc5b553286ffe891c60b86a434_jpg_8.pkl
247,52,278,64,247,52,277,52,277,63,247,63,bbattt,the,0.7159789800643921,0.14426356802384058,0.42235644068568945,/content/outputs/inference/answersheet/model_finetune_1000_results/res_390778cc5b553286ffe891c60b86a434_jpg_9.pkl
294,53,312,62,294,53,311,53,311,61,294,61,tbaaaeaeeeeeeeaeenene,from,0.7420294880867004,0.12593657594351543,0.5546038404107094,/content/outputs/inference/answersheet/model_finetune_1000_results/res_390778cc5b553286ffe891c60b86a434_jpg_10.pkl
235,20,261,30,235,20,260,20,260,29,235,29,ssdtrrreeeretd,from,0.7666426301002502,0.14164420004401887,0.6604439049959183,/content/outputs/inference/answersheet/model_finetune_1000_results/res_390778cc5b553286ffe891c60b86a434_jpg_11.pkl
211,28,233,39,213,28,232,28,232,38,213,38,ppppeeaaaaeettt,from,0.5997822880744934,0.26074604243040084,0.5532674044370651,/content/outputs/inference/answersheet/model_finetune_1000_results/res_390778cc5b553286ffe891c60b86a434_jpg_12.pkl
246,175,292,187,246,175,291,175,291,186,246,186,dfepeh,right,0.655121386051178,0.08032565377652645,0.5066337523361047,/content/outputs/inference/answersheet/model_finetune_1000_results/res_390778cc5b553286ffe891c60b86a434_jpg_13.pkl
174,20,200,30,174,20,199,20,199,29,174,29,feannnaaal,from,0.6197134256362915,0.16532243117690087,0.6490941286087036,/content/outputs/inference/answersheet/model_finetune_1000_results/res_390778cc5b553286ffe891c60b86a434_jpg_14.pkl
303,19,333,30,303,19,332,19,332,29,303,29,ssllllhhoothf,shople,0.773892879486084,0.24515804591087195,0.5304685235023499,/content/outputs/inference/answersheet/model_finetune_1000_results/res_390778cc5b553286ffe891c60b86a434_jpg_15.pkl
170,209,201,220,170,209,200,209,200,219,170,219,yyysaaaaaaektllkk,space,0.5028564929962158,0.20127139810253591,0.31840051462252933,/content/outputs/inference/answersheet/model_finetune_1000_results/res_390778cc5b553286ffe891c60b86a434_jpg_16.pkl
172,18,215,29,172,18,212,18,212,28,172,28,aillddd,from,0.755517840385437,0.20141025419746125,0.6218322664499283,/content/outputs/inference/answersheet/model_finetune_1000_results/res_390778cc5b553286ffe891c60b86a434_jpg_17.pkl
261,19,305,32,261,19,304,19,304,31,261,31,aeeemmnndseee,the,0.6565907001495361,0.18764488055155829,0.46718411799520254,/content/outputs/inference/answersheet/model_finetune_1000_results/res_390778cc5b553286ffe891c60b86a434_jpg_18.pkl
234,85,258,95,234,85,257,85,257,94,234,94,ffteeeet,from,0.580278754234314,0.1582977995276451,0.534067252278328,/content/outputs/inference/answersheet/model_finetune_1000_results/res_390778cc5b553286ffe891c60b86a434_jpg_19.pkl
153,41,175,48,153,41,174,41,174,47,153,47,dssslltlt,from,0.8284900784492493,0.16097656223509046,0.6145619362592697,/content/outputs/inference/answersheet/model_finetune_1000_results/res_390778cc5b553286ffe891c60b86a434_jpg_20.pkl
324,217,372,231,324,217,371,217,371,230,324,230,ssssstteee,aster,0.6020318269729614,0.4796677902340889,0.4867311691244443,/content/outputs/inference/answersheet/model_finetune_1000_results/res_390778cc5b553286ffe891c60b86a434_jpg_21.pkl
81,8,99,19,81,8,98,8,98,18,81,18,oooodddd,of,0.5233144164085388,0.33627837151288986,0.5569008886814117,/content/outputs/inference/answersheet/model_finetune_1000_results/res_390778cc5b553286ffe891c60b86a434_jpg_22.pkl
300,186,349,199,300,186,348,186,348,198,300,198,ffffeaee,from,0.7625494003295898,0.1835910938680172,0.6132826894521713,/content/outputs/inference/answersheet/model_finetune_1000_results/res_390778cc5b553286ffe891c60b86a434_jpg_23.pkl
347,280,372,288,347,280,371,280,371,287,347,287,aahheeeeee,and,0.6341728568077087,0.2371886543929577,0.6451732032001019,/content/outputs/inference/answersheet/model_finetune_1000_results/res_390778cc5b553286ffe891c60b86a434_jpg_24.pkl
359,97,378,107,359,97,377,97,377,106,359,106,bbaatfkkk,but,0.5275110006332397,0.2155076844824685,0.6134689785540104,/content/outputs/inference/answersheet/model_finetune_1000_results/res_390778cc5b553286ffe891c60b86a434_jpg_25.pkl
212,131,225,142,212,131,224,131,224,141,212,141,1tttayyyyyyyyy,to,0.5643813014030457,0.21068135861839568,0.5165111919244131,/content/outputs/inference/answersheet/model_finetune_1000_results/res_390778cc5b553286ffe891c60b86a434_jpg_26.pkl
208,50,230,60,208,50,229,50,229,59,208,59,tfauutlttllllt,the,0.7189844846725464,0.21207737124391965,0.5388665944337845,/content/outputs/inference/answersheet/model_finetune_1000_results/res_390778cc5b553286ffe891c60b86a434_jpg_27.pkl
262,289,288,300,262,289,287,289,287,299,262,299,yyart,from,0.6144202947616577,0.11183255314826965,0.603631791472435,/content/outputs/inference/answersheet/model_finetune_1000_results/res_390778cc5b553286ffe891c60b86a434_jpg_28.pkl
178,76,199,86,178,76,198,76,198,85,178,85,gttttttt,from,0.5572960376739502,0.13315511215478182,0.5474371030926705,/content/outputs/inference/answersheet/model_finetune_1000_results/res_390778cc5b553286ffe891c60b86a434_jpg_29.pkl
258,30,289,42,258,30,288,30,288,41,258,41,yyeeeeeeeeeeaaaaaananaaeeedgdgddd,you,0.5214245319366455,0.1979611044128736,0.5457852948457003,/content/outputs/inference/answersheet/model_finetune_1000_results/res_390778cc5b553286ffe891c60b86a434_jpg_30.pkl
183,274,211,284,183,274,208,274,208,283,183,283,hththtthoooeeeeeeeddddddd,from,0.6086007952690125,0.16198787435889245,0.5610143765807152,/content/outputs/inference/answersheet/model_finetune_1000_results/res_390778cc5b553286ffe891c60b86a434_jpg_31.pkl
328,52,362,64,328,52,361,52,361,63,328,63,tfbhhhhtttetttteed,from,0.8405658006668091,0.2641942914989259,0.6416158467531204,/content/outputs/inference/answersheet/model_finetune_1000_results/res_390778cc5b553286ffe891c60b86a434_jpg_32.pkl
346,285,371,296,346,285,370,285,370,295,346,295,aaannannnnnnnnnnee,and,0.7510359287261963,0.13738036445445484,0.5881780236959457,/content/outputs/inference/answersheet/model_finetune_1000_results/res_390778cc5b553286ffe891c60b86a434_jpg_33.pkl
269,21,296,31,269,21,295,21,295,30,269,30,admeeeeeeeeefbbbbhhhhhhne,the,0.6121117472648621,0.20347118318080903,0.46557217091321945,/content/outputs/inference/answersheet/model_finetune_1000_results/res_390778cc5b553286ffe891c60b86a434_jpg_34.pkl
334,307,360,314,334,307,359,307,359,313,334,313,fftttttttt,from,0.5097519755363464,0.36128306984901426,0.5933172449469566,/content/outputs/inference/answersheet/model_finetune_1000_results/res_390778cc5b553286ffe891c60b86a434_jpg_35.pkl
