68,27,118,38,68,27,117,27,117,37,68,37,sedy,sale,0.7656221389770508,0.2842937782406807,0.51759682148695,/content/outputs/inference/answersheet/model_finetune_1000_results/res_975701027e78b69faf3c9db6013818c4_jpg_0.pkl
0,15,34,27,0,15,33,15,33,26,0,26,ttgaee,gree,0.7303771376609802,0.21203892678022385,0.3404879033565521,/content/outputs/inference/answersheet/model_finetune_1000_results/res_975701027e78b69faf3c9db6013818c4_jpg_1.pkl
236,28,281,39,236,28,280,28,280,38,236,38,toe,bread,0.6839227676391602,0.10778700560331345,0.3664455624918143,/content/outputs/inference/answersheet/model_finetune_1000_results/res_975701027e78b69faf3c9db6013818c4_jpg_2.pkl
302,46,381,60,304,46,379,46,379,58,304,58,eeeese,compers,0.5081413984298706,0.1582485375305017,0.44002124946564436,/content/outputs/inference/answersheet/model_finetune_1000_results/res_975701027e78b69faf3c9db6013818c4_jpg_3.pkl
158,27,215,39,158,27,214,27,214,38,158,38,teaatrer,repards,0.580950140953064,0.16055941488593817,0.44026564713567495,/content/outputs/inference/answersheet/model_finetune_1000_results/res_975701027e78b69faf3c9db6013818c4_jpg_4.pkl
42,315,132,328,42,315,130,315,130,326,42,326,aaaaeoee,sape,0.6468372344970703,0.24754213821142912,0.41416367292404177,/content/outputs/inference/answersheet/model_finetune_1000_results/res_975701027e78b69faf3c9db6013818c4_jpg_5.pkl
46,16,71,28,46,16,70,16,70,27,46,27,ttfffoao,for,0.6347808241844177,0.33393607661128044,0.6272169426083565,/content/outputs/inference/answersheet/model_finetune_1000_results/res_975701027e78b69faf3c9db6013818c4_jpg_6.pkl
235,34,291,46,237,34,290,34,290,45,237,45,esaaaasrraaaeeeeeeee,bread,0.5005242228507996,0.17941183745861053,0.37325873722632724,/content/outputs/inference/answersheet/model_finetune_1000_results/res_975701027e78b69faf3c9db6013818c4_jpg_7.pkl
118,28,139,38,118,28,138,28,138,37,118,37,eee,the,0.6752086877822876,0.18370005985101065,0.6315882876515388,/content/outputs/inference/answersheet/model_finetune_1000_results/res_975701027e78b69faf3c9db6013818c4_jpg_8.pkl
372,161,402,171,372,161,401,161,401,170,372,170,lha,date,0.6500262022018433,0.1354360729455948,0.41426460146903993,/content/outputs/inference/answersheet/model_finetune_1000_results/res_975701027e78b69faf3c9db6013818c4_jpg_9.pkl
308,26,362,37,308,26,360,26,360,35,308,35,efsaaaae,from,0.5153606534004211,0.1667206883430481,0.6186873629689217,/content/outputs/inference/answersheet/model_finetune_1000_results/res_975701027e78b69faf3c9db6013818c4_jpg_10.pkl
307,300,338,313,307,300,337,300,337,312,307,312,aaet,from,0.5385387539863586,0.2431727908551693,0.5775096386671066,/content/outputs/inference/answersheet/model_finetune_1000_results/res_975701027e78b69faf3c9db6013818c4_jpg_11.pkl
41,316,79,327,41,316,78,316,78,326,41,326,aabbp,sape,0.52540123462677,0.17944443523883818,0.49674378633499144,/content/outputs/inference/answersheet/model_finetune_1000_results/res_975701027e78b69faf3c9db6013818c4_jpg_12.pkl
