276,206,334,216,278,206,333,206,333,215,278,215,sdeeeeeeeae,come,0.6656468510627747,0.16278600895946677,0.2930600792169571,/content/outputs/inference/answersheet/model_finetune_1000_results/res_a8e741e7b0b7f39c1ecaeb51ff6d1f9a_jpg_0.pkl
261,385,356,398,261,385,355,385,355,397,261,397,eessiddannee,refersity,0.6718916893005371,0.192915894712011,0.5164476796984673,/content/outputs/inference/answersheet/model_finetune_1000_results/res_a8e741e7b0b7f39c1ecaeb51ff6d1f9a_jpg_1.pkl
224,330,258,344,224,330,257,330,257,343,224,343,ttttkegegegeatdddyyy,this,0.6615560054779053,0.3045929342508316,0.5284867972135544,/content/outputs/inference/answersheet/model_finetune_1000_results/res_a8e741e7b0b7f39c1ecaeb51ff6d1f9a_jpg_2.pkl
220,354,240,363,220,354,239,354,239,362,220,362,fddeeeeeeeeeeoeooooyyyyyy,for,0.6075894832611084,0.16156990170478822,0.6768210642039776,/content/outputs/inference/answersheet/model_finetune_1000_results/res_a8e741e7b0b7f39c1ecaeb51ff6d1f9a_jpg_3.pkl
192,41,249,52,192,41,248,41,248,51,192,51,aanaaaaaaaaaayyttde,from,0.6087570786476135,0.21355643907659932,0.4941538944840431,/content/outputs/inference/answersheet/model_finetune_1000_results/res_a8e741e7b0b7f39c1ecaeb51ff6d1f9a_jpg_4.pkl
145,329,171,340,145,329,170,329,170,339,145,339,taaaaot,the,0.5560612082481384,0.13407452191625321,0.520876094698906,/content/outputs/inference/answersheet/model_finetune_1000_results/res_a8e741e7b0b7f39c1ecaeb51ff6d1f9a_jpg_5.pkl
255,354,281,364,255,354,280,354,280,363,255,363,4444eddddddoooooyyy,and,0.7996206879615784,0.2984686203693089,0.6680021584033966,/content/outputs/inference/answersheet/model_finetune_1000_results/res_a8e741e7b0b7f39c1ecaeb51ff6d1f9a_jpg_6.pkl
215,128,252,139,217,128,251,128,251,138,217,138,ti,from,0.6084274053573608,0.09196434542536736,0.5786345422267913,/content/outputs/inference/answersheet/model_finetune_1000_results/res_a8e741e7b0b7f39c1ecaeb51ff6d1f9a_jpg_7.pkl
72,73,117,88,72,73,116,73,116,87,72,87,aaaaaaioe,sale,0.5472766757011414,0.16767888847324583,0.36858274340629577,/content/outputs/inference/answersheet/model_finetune_1000_results/res_a8e741e7b0b7f39c1ecaeb51ff6d1f9a_jpg_8.pkl
70,261,122,273,70,261,120,261,120,271,70,271,ottaeennnaaaa,sender,0.5304536819458008,0.13560833323460358,0.5804196851594108,/content/outputs/inference/answersheet/model_finetune_1000_results/res_a8e741e7b0b7f39c1ecaeb51ff6d1f9a_jpg_9.pkl
263,376,361,387,263,376,359,376,359,385,263,385,ttttteaeseiae,from,0.5945249795913696,0.2082173967590699,0.53609349578619,/content/outputs/inference/answersheet/model_finetune_1000_results/res_a8e741e7b0b7f39c1ecaeb51ff6d1f9a_jpg_10.pkl
191,21,229,35,191,21,228,21,228,34,191,34,sssssssastyfyffee,you,0.6076392531394958,0.16084485939320395,0.6342542339116335,/content/outputs/inference/answersheet/model_finetune_1000_results/res_a8e741e7b0b7f39c1ecaeb51ff6d1f9a_jpg_11.pkl
154,83,191,96,154,83,190,83,190,95,154,95,eetee,the,0.676733672618866,0.23102470934391023,0.563749685883522,/content/outputs/inference/answersheet/model_finetune_1000_results/res_a8e741e7b0b7f39c1ecaeb51ff6d1f9a_jpg_12.pkl
138,26,172,39,138,26,171,26,171,38,138,38,tooooeee,the,0.5276411771774292,0.26494516991078854,0.6168130896985531,/content/outputs/inference/answersheet/model_finetune_1000_results/res_a8e741e7b0b7f39c1ecaeb51ff6d1f9a_jpg_13.pkl
121,306,160,318,124,306,159,306,159,317,124,317,tdesytt,off,0.6665729284286499,0.21756971095289504,0.42857667058706284,/content/outputs/inference/answersheet/model_finetune_1000_results/res_a8e741e7b0b7f39c1ecaeb51ff6d1f9a_jpg_14.pkl
182,350,254,364,182,350,253,350,253,363,182,363,deedddyyyyytseorerrneeaae,coffee,0.5789837837219238,0.20737948328256606,0.4947179726191929,/content/outputs/inference/answersheet/model_finetune_1000_results/res_a8e741e7b0b7f39c1ecaeb51ff6d1f9a_jpg_15.pkl
104,328,129,339,106,328,126,328,126,338,106,338,o,do,0.6171601414680481,0.23782505095005035,0.5330416758855184,/content/outputs/inference/answersheet/model_finetune_1000_results/res_a8e741e7b0b7f39c1ecaeb51ff6d1f9a_jpg_16.pkl
215,374,260,385,215,374,258,374,258,383,215,383,ldffeaeeeeeddddddtyy,from,0.5914710164070129,0.19756199531257151,0.6010443985462188,/content/outputs/inference/answersheet/model_finetune_1000_results/res_a8e741e7b0b7f39c1ecaeb51ff6d1f9a_jpg_17.pkl
147,284,194,298,147,284,193,284,193,297,147,297,eddnadddy,date,0.5631297826766968,0.14597995827595392,0.5330867081880569,/content/outputs/inference/answersheet/model_finetune_1000_results/res_a8e741e7b0b7f39c1ecaeb51ff6d1f9a_jpg_18.pkl
188,308,218,318,188,308,217,308,217,317,188,317,fgoodyahy,from,0.7150737047195435,0.21079104228152168,0.6583525836467743,/content/outputs/inference/answersheet/model_finetune_1000_results/res_a8e741e7b0b7f39c1ecaeb51ff6d1f9a_jpg_19.pkl
103,327,152,339,106,327,147,327,147,337,106,337,oat,for,0.5071858167648315,0.2999710887670517,0.54318624176085,/content/outputs/inference/answersheet/model_finetune_1000_results/res_a8e741e7b0b7f39c1ecaeb51ff6d1f9a_jpg_20.pkl
237,265,263,276,237,265,262,265,262,275,237,275,ernnnneneneee,and,0.5587618947029114,0.18391990948181886,0.47899030335247517,/content/outputs/inference/answersheet/model_finetune_1000_results/res_a8e741e7b0b7f39c1ecaeb51ff6d1f9a_jpg_21.pkl
144,329,199,341,146,329,198,329,198,340,146,340,taayteeo,from,0.7988673448562622,0.25801060255616903,0.6457192927598954,/content/outputs/inference/answersheet/model_finetune_1000_results/res_a8e741e7b0b7f39c1ecaeb51ff6d1f9a_jpg_22.pkl
