279,307,341,319,279,307,338,307,338,318,279,318,fftuuue,staring,0.706689178943634,0.18525225988456182,0.3492826335132122,/content/outputs/inference/answersheet/model_finetune_1000_results/res_0916aa51b295a617fa10cbc18b6c444e_jpg_0.pkl
85,11,135,24,87,11,132,11,132,23,87,23,saatallaeppeedlt,sender,0.5532416105270386,0.11191473319195211,0.47096502568040577,/content/outputs/inference/answersheet/model_finetune_1000_results/res_0916aa51b295a617fa10cbc18b6c444e_jpg_1.pkl
294,362,309,370,294,362,308,362,308,369,294,369,ttttttttttttttt0999t9uuuuuu,to,0.706765353679657,0.321223560306761,0.6295346220334371,/content/outputs/inference/answersheet/model_finetune_1000_results/res_0916aa51b295a617fa10cbc18b6c444e_jpg_2.pkl
166,251,190,262,166,251,189,251,189,261,166,261,4aaddne,apr,0.6773366928100586,0.16056929315839494,0.6482302322983742,/content/outputs/inference/answersheet/model_finetune_1000_results/res_0916aa51b295a617fa10cbc18b6c444e_jpg_3.pkl
84,6,137,19,86,6,136,6,136,18,86,18,nannnntlttfkfaaaooeepetttt,date,0.546489417552948,0.11151385106719457,0.47031251043081285,/content/outputs/inference/answersheet/model_finetune_1000_results/res_0916aa51b295a617fa10cbc18b6c444e_jpg_4.pkl
240,380,294,394,242,380,291,380,291,393,242,393,oeeeeedw,from,0.7037582397460938,0.20749092660844326,0.6211527779698371,/content/outputs/inference/answersheet/model_finetune_1000_results/res_0916aa51b295a617fa10cbc18b6c444e_jpg_5.pkl
125,207,147,216,125,207,146,207,146,215,125,215,tahhhthhtte,the,0.7409687638282776,0.10460615090348503,0.6314517483115196,/content/outputs/inference/answersheet/model_finetune_1000_results/res_0916aa51b295a617fa10cbc18b6c444e_jpg_6.pkl
142,274,163,284,142,274,162,274,162,283,142,283,ffaaaasyy,for,0.565282940864563,0.18222340610292223,0.5683542732149363,/content/outputs/inference/answersheet/model_finetune_1000_results/res_0916aa51b295a617fa10cbc18b6c444e_jpg_7.pkl
192,275,209,284,192,275,208,275,208,283,192,283,taaaaaaaaaatss,to,0.6350054740905762,0.14000108997736657,0.57028196255366,/content/outputs/inference/answersheet/model_finetune_1000_results/res_0916aa51b295a617fa10cbc18b6c444e_jpg_8.pkl
150,315,170,325,150,315,169,315,169,324,150,324,ffftftggeeeeeeeeeeeeeaa9a99a99999999yyy,for,0.664044976234436,0.19239743588826594,0.5832798294723034,/content/outputs/inference/answersheet/model_finetune_1000_results/res_0916aa51b295a617fa10cbc18b6c444e_jpg_9.pkl
180,362,197,370,180,362,196,362,196,369,180,369,teeeeeeeeeeeeeeeeeeodyyy,for,0.5733482837677002,0.22159569586316744,0.6902610696852207,/content/outputs/inference/answersheet/model_finetune_1000_results/res_0916aa51b295a617fa10cbc18b6c444e_jpg_10.pkl
152,380,171,391,152,380,170,380,170,390,152,390,ttdoyy,for,0.5981349945068359,0.23319804295897484,0.7153132669627666,/content/outputs/inference/answersheet/model_finetune_1000_results/res_0916aa51b295a617fa10cbc18b6c444e_jpg_11.pkl
192,317,210,325,192,317,209,317,209,324,192,324,11039,to,0.6162015199661255,0.2262360244989395,0.7685758471488953,/content/outputs/inference/answersheet/model_finetune_1000_results/res_0916aa51b295a617fa10cbc18b6c444e_jpg_12.pkl
387,310,407,319,387,310,406,310,406,318,387,318,atny,from,0.5493927001953125,0.1265382021665573,0.6332630082964897,/content/outputs/inference/answersheet/model_finetune_1000_results/res_0916aa51b295a617fa10cbc18b6c444e_jpg_13.pkl
361,8,398,26,361,8,397,8,397,25,361,25,yllkkle,lines,0.5355662703514099,0.1679136934024947,0.6317375848690668,/content/outputs/inference/answersheet/model_finetune_1000_results/res_0916aa51b295a617fa10cbc18b6c444e_jpg_14.pkl
