319,82,383,98,319,82,382,82,382,97,319,97,ttttraees,from,0.717907190322876,0.2006725693742434,0.4137240260839462,/content/outputs/inference/answersheet/model_finetune_1000_results/res_4509ca9c8064aff15c35e06f65687aca_jpg_0.pkl
285,38,374,51,285,38,373,38,373,50,285,50,sendppeaa,sender,0.6755678057670593,0.17652259767055511,0.42651734607560293,/content/outputs/inference/answersheet/model_finetune_1000_results/res_4509ca9c8064aff15c35e06f65687aca_jpg_1.pkl
236,64,275,75,236,64,274,64,274,74,236,74,ddddddddddddldddfdyttddaaa,from,0.7103000283241272,0.31961121754004407,0.48140486478805544,/content/outputs/inference/answersheet/model_finetune_1000_results/res_4509ca9c8064aff15c35e06f65687aca_jpg_2.pkl
173,87,230,101,175,87,229,87,229,100,175,100,tpuoehaea,superato,0.6537984609603882,0.16533063352108002,0.47182146377033657,/content/outputs/inference/answersheet/model_finetune_1000_results/res_4509ca9c8064aff15c35e06f65687aca_jpg_3.pkl
303,27,372,40,303,27,370,27,370,38,303,38,leeeyppypaaaettkee,compank,0.6609237194061279,0.22522040373749203,0.35876146145164967,/content/outputs/inference/answersheet/model_finetune_1000_results/res_4509ca9c8064aff15c35e06f65687aca_jpg_4.pkl
87,42,131,57,89,42,130,42,130,56,89,56,ffeaaaaeee,from,0.658172070980072,0.17960854172706603,0.6156827598810196,/content/outputs/inference/answersheet/model_finetune_1000_results/res_4509ca9c8064aff15c35e06f65687aca_jpg_5.pkl
181,131,237,146,181,131,236,131,236,145,181,145,yddesssdsysee,subject,0.5037598609924316,0.18336274646795714,0.5586673356592655,/content/outputs/inference/answersheet/model_finetune_1000_results/res_4509ca9c8064aff15c35e06f65687aca_jpg_6.pkl
109,4,134,15,109,4,133,4,133,14,109,14,aaaaaaaanttttlllaase,date,0.579886794090271,0.12203127108514308,0.539360235631466,/content/outputs/inference/answersheet/model_finetune_1000_results/res_4509ca9c8064aff15c35e06f65687aca_jpg_7.pkl
277,84,320,98,277,84,319,84,319,97,277,97,theee,the,0.6251844763755798,0.19930503368377686,0.5532212406396866,/content/outputs/inference/answersheet/model_finetune_1000_results/res_4509ca9c8064aff15c35e06f65687aca_jpg_8.pkl
81,133,178,149,83,133,177,133,177,148,83,148,toaaaaeeeeast,tadave,0.5328170657157898,0.31048633272831255,0.46637238774980816,/content/outputs/inference/answersheet/model_finetune_1000_results/res_4509ca9c8064aff15c35e06f65687aca_jpg_9.pkl
153,65,211,79,153,65,210,65,210,78,153,78,shhhee,from,0.5842864513397217,0.19100380192200342,0.5361533135175705,/content/outputs/inference/answersheet/model_finetune_1000_results/res_4509ca9c8064aff15c35e06f65687aca_jpg_10.pkl
39,135,58,148,39,135,57,135,57,147,39,147,aaaaaee,and,0.5668815970420837,0.21680803916284017,0.6310967952013016,/content/outputs/inference/answersheet/model_finetune_1000_results/res_4509ca9c8064aff15c35e06f65687aca_jpg_11.pkl
167,13,198,21,167,13,197,13,197,20,167,20,tttggppppgddtdd,from,0.7308233380317688,0.15571839561065037,0.5794046744704247,/content/outputs/inference/answersheet/model_finetune_1000_results/res_4509ca9c8064aff15c35e06f65687aca_jpg_12.pkl
125,90,171,103,125,90,170,90,170,102,125,102,sdaaaeeeeeeeeeee,sale,0.6304069757461548,0.28399955620989203,0.4756151795387268,/content/outputs/inference/answersheet/model_finetune_1000_results/res_4509ca9c8064aff15c35e06f65687aca_jpg_13.pkl
179,166,203,177,179,166,202,166,202,176,179,176,lltllaaaaaa,the,0.6575283408164978,0.15701411867683585,0.5457155182957649,/content/outputs/inference/answersheet/model_finetune_1000_results/res_4509ca9c8064aff15c35e06f65687aca_jpg_14.pkl
129,46,166,57,131,46,163,46,163,56,131,56,gwaaeeeee,sender,0.5135713219642639,0.16241582400268978,0.5099461653402874,/content/outputs/inference/answersheet/model_finetune_1000_results/res_4509ca9c8064aff15c35e06f65687aca_jpg_15.pkl
88,24,111,35,88,24,110,24,110,34,88,34,tttaaaadddhhhtttee,the,0.5506757497787476,0.24350758724742466,0.4416083097457886,/content/outputs/inference/answersheet/model_finetune_1000_results/res_4509ca9c8064aff15c35e06f65687aca_jpg_16.pkl
78,70,101,79,78,70,100,70,100,78,78,78,ssssttt,the,0.5507681965827942,0.2788897859198706,0.6773486100137234,/content/outputs/inference/answersheet/model_finetune_1000_results/res_4509ca9c8064aff15c35e06f65687aca_jpg_17.pkl
279,19,306,28,279,19,305,19,305,27,279,27,dtttdahnhhhhttttt,the,0.8242373466491699,0.23543319982640884,0.5884782522916794,/content/outputs/inference/answersheet/model_finetune_1000_results/res_4509ca9c8064aff15c35e06f65687aca_jpg_18.pkl
132,14,156,23,132,14,155,14,155,22,132,22,dtsgghh,come,0.5938798189163208,0.08599733987024852,0.35938580632209777,/content/outputs/inference/answersheet/model_finetune_1000_results/res_4509ca9c8064aff15c35e06f65687aca_jpg_19.pkl
328,6,348,15,328,6,347,6,347,14,328,14,rrrptrpgpgpggpeeeeeeeeeeeeeeeeeeeeeeeeeeaded,the,0.5501077771186829,0.15553390514105558,0.521172184497118,/content/outputs/inference/answersheet/model_finetune_1000_results/res_4509ca9c8064aff15c35e06f65687aca_jpg_20.pkl
51,68,70,80,51,68,69,68,69,79,51,79,aaaaaaa,one,0.6930546760559082,0.16606482224805014,0.527326587587595,/content/outputs/inference/answersheet/model_finetune_1000_results/res_4509ca9c8064aff15c35e06f65687aca_jpg_21.pkl
135,11,167,20,135,11,166,11,166,19,135,19,ssseegsgssgssgssggsggheeeeeeees,come,0.513221800327301,0.1363746980505605,0.37636878490448,/content/outputs/inference/answersheet/model_finetune_1000_results/res_4509ca9c8064aff15c35e06f65687aca_jpg_22.pkl
288,275,314,285,288,275,313,275,313,284,288,284,toaattll,from,0.6687360405921936,0.19530458841472864,0.6619512341916561,/content/outputs/inference/answersheet/model_finetune_1000_results/res_4509ca9c8064aff15c35e06f65687aca_jpg_23.pkl
226,129,291,143,226,129,290,129,290,142,226,142,ssssseeaennne,from,0.5366318821907043,0.21715418020120034,0.5524257764220237,/content/outputs/inference/answersheet/model_finetune_1000_results/res_4509ca9c8064aff15c35e06f65687aca_jpg_24.pkl
154,67,178,78,154,67,177,67,177,77,154,77,ffffsamaaaaaaaaaak,from,0.5260096192359924,0.15089419194393688,0.5340321823954582,/content/outputs/inference/answersheet/model_finetune_1000_results/res_4509ca9c8064aff15c35e06f65687aca_jpg_25.pkl
220,12,251,21,220,12,250,12,250,20,220,20,dbdeoeeeee,date,0.7380667328834534,0.2293083094060421,0.45773563385009763,/content/outputs/inference/answersheet/model_finetune_1000_results/res_4509ca9c8064aff15c35e06f65687aca_jpg_26.pkl
82,91,116,101,82,91,115,91,115,100,82,100,ttgseeeeee,from,0.5699657797813416,0.21391292065382003,0.564892190694809,/content/outputs/inference/answersheet/model_finetune_1000_results/res_4509ca9c8064aff15c35e06f65687aca_jpg_27.pkl
129,34,155,42,129,34,154,34,154,41,129,41,ssssssosdyvvt,say,0.6467198133468628,0.15435950744610566,0.34515533596277237,/content/outputs/inference/answersheet/model_finetune_1000_results/res_4509ca9c8064aff15c35e06f65687aca_jpg_28.pkl
319,22,347,30,319,22,346,22,346,29,319,29,ddlllllllllllllllnae,the,0.7512320876121521,0.22605034224689008,0.5414552465081215,/content/outputs/inference/answersheet/model_finetune_1000_results/res_4509ca9c8064aff15c35e06f65687aca_jpg_29.pkl
164,25,195,34,164,25,194,25,194,33,164,33,fssscsooseelelllllfflfft,from,0.6592286229133606,0.12043575756251812,0.6254348695278168,/content/outputs/inference/answersheet/model_finetune_1000_results/res_4509ca9c8064aff15c35e06f65687aca_jpg_30.pkl
326,2,350,12,326,2,349,2,349,11,326,11,pphtopeeeeeeeeeeeeeeeeeeeeeeeeeeeedttttttt,the,0.6600976586341858,0.19446879634190173,0.5610058419406414,/content/outputs/inference/answersheet/model_finetune_1000_results/res_4509ca9c8064aff15c35e06f65687aca_jpg_31.pkl
114,67,135,77,114,67,134,67,134,76,114,76,ttgoahhhtttee,that,0.5775625109672546,0.22687016312892622,0.5806254237890244,/content/outputs/inference/answersheet/model_finetune_1000_results/res_4509ca9c8064aff15c35e06f65687aca_jpg_32.pkl
195,35,227,45,195,35,226,35,226,44,195,44,ssdaiwiiwitdtt,date,0.5162306427955627,0.19404821736471994,0.5506344616413117,/content/outputs/inference/answersheet/model_finetune_1000_results/res_4509ca9c8064aff15c35e06f65687aca_jpg_33.pkl
356,293,379,303,356,293,378,293,378,302,356,302,ttteee,the,0.7495511174201965,0.40052291254202527,0.8019460737705231,/content/outputs/inference/answersheet/model_finetune_1000_results/res_4509ca9c8064aff15c35e06f65687aca_jpg_34.pkl
169,129,291,145,176,129,289,129,289,143,176,143,ttsstdeelaen,subjectrent,0.657686173915863,0.22703256085515022,0.6056248632570108,/content/outputs/inference/answersheet/model_finetune_1000_results/res_4509ca9c8064aff15c35e06f65687aca_jpg_35.pkl
