286,346,341,358,286,346,340,346,340,357,286,357,daaaaaaattte,data,0.7998010516166687,0.3518532123416662,0.39129672944545746,/content/outputs/inference/answersheet/model_finetune_1000_results/res_5581c46a81890d4b126fb236b2497649_jpg_0.pkl
318,35,368,49,318,35,366,35,366,47,318,47,dtffkffetttttttttt,from,0.6145874857902527,0.34133265912532806,0.5565753117203712,/content/outputs/inference/answersheet/model_finetune_1000_results/res_5581c46a81890d4b126fb236b2497649_jpg_1.pkl
98,130,121,139,98,130,120,130,120,138,98,138,taaaaaaaaaaaaase,talk,0.6988925933837891,0.31499577406793833,0.6159205436706543,/content/outputs/inference/answersheet/model_finetune_1000_results/res_5581c46a81890d4b126fb236b2497649_jpg_2.pkl
328,236,377,248,328,236,376,236,376,247,328,247,aaeee,thank,0.5582429766654968,0.21502614468336106,0.37355185238023597,/content/outputs/inference/answersheet/model_finetune_1000_results/res_5581c46a81890d4b126fb236b2497649_jpg_3.pkl
331,57,379,71,333,57,378,57,378,70,333,70,atteaeed,and,0.5557371377944946,0.2102557085454464,0.45354555547237396,/content/outputs/inference/answersheet/model_finetune_1000_results/res_5581c46a81890d4b126fb236b2497649_jpg_4.pkl
197,41,216,49,197,41,215,41,215,48,197,48,ffhffhhfhththtthhhhhhhhhhhhhhheea,from,0.8558679819107056,0.21165867511070136,0.6357271790504455,/content/outputs/inference/answersheet/model_finetune_1000_results/res_5581c46a81890d4b126fb236b2497649_jpg_5.pkl
229,70,269,84,229,70,268,70,268,83,229,83,sssssaa,spe,0.5522966384887695,0.21042309701442719,0.2816789969801903,/content/outputs/inference/answersheet/model_finetune_1000_results/res_5581c46a81890d4b126fb236b2497649_jpg_6.pkl
97,18,140,29,97,18,139,18,139,28,97,28,tddanaadmmedldee,date,0.7522236108779907,0.19930684799328446,0.6048424780368805,/content/outputs/inference/answersheet/model_finetune_1000_results/res_5581c46a81890d4b126fb236b2497649_jpg_7.pkl
202,104,250,118,202,104,249,104,249,117,202,117,sysadoywe,sale,0.56553053855896,0.28448063300715554,0.3402704447507858,/content/outputs/inference/answersheet/model_finetune_1000_results/res_5581c46a81890d4b126fb236b2497649_jpg_8.pkl
114,240,151,251,114,240,150,240,150,250,114,250,ttetaaaaaaeeeeeeee,the,0.6184753179550171,0.202844661143091,0.39508212730288506,/content/outputs/inference/answersheet/model_finetune_1000_results/res_5581c46a81890d4b126fb236b2497649_jpg_9.pkl
153,18,174,28,153,18,173,18,173,27,153,27,saaaattllhlhhhlhllaaaannannnnevyywyy,from,0.5693171620368958,0.17954234778881073,0.5897171631455421,/content/outputs/inference/answersheet/model_finetune_1000_results/res_5581c46a81890d4b126fb236b2497649_jpg_10.pkl
274,39,304,48,274,39,303,39,303,47,274,47,aaaaaaaaaaaaaaaaaaaaaaaaaasaauuaauaaaaoedn,come,0.6816611886024475,0.11161297133990697,0.3463869899511337,/content/outputs/inference/answersheet/model_finetune_1000_results/res_5581c46a81890d4b126fb236b2497649_jpg_11.pkl
76,241,96,252,76,241,95,241,95,251,76,251,ttttttttoon,the,0.5467928051948547,0.20075406405058774,0.6939157843589783,/content/outputs/inference/answersheet/model_finetune_1000_results/res_5581c46a81890d4b126fb236b2497649_jpg_12.pkl
169,74,185,82,169,74,184,74,184,81,169,81,bbbbbbbbbbbhh,but,0.5249716639518738,0.28846824169158936,0.43653423711657524,/content/outputs/inference/answersheet/model_finetune_1000_results/res_5581c46a81890d4b126fb236b2497649_jpg_13.pkl
110,278,135,290,110,278,134,278,134,289,110,289,yyytaaeapaa,sale,0.5203325152397156,0.1228614713657986,0.4334876716136932,/content/outputs/inference/answersheet/model_finetune_1000_results/res_5581c46a81890d4b126fb236b2497649_jpg_14.pkl
228,39,247,49,228,39,246,39,246,48,228,48,teee,the,0.7253255248069763,0.2566951625049114,0.47875452041625977,/content/outputs/inference/answersheet/model_finetune_1000_results/res_5581c46a81890d4b126fb236b2497649_jpg_15.pkl
159,41,182,49,159,41,181,41,181,48,159,48,ccceoaahaahhhhhhhhhhhhhhhhhhhhhhhhffeeeee,the,0.546217143535614,0.1628975088639957,0.5438141906633973,/content/outputs/inference/answersheet/model_finetune_1000_results/res_5581c46a81890d4b126fb236b2497649_jpg_16.pkl
165,107,188,115,165,107,187,107,187,114,165,114,ftftfffffftfttttteeeeeegssssssssssseemmmmamieeeeeeeepeeeeeenneee,from,0.576111376285553,0.11763802636414766,0.5517937183380127,/content/outputs/inference/answersheet/model_finetune_1000_results/res_5581c46a81890d4b126fb236b2497649_jpg_17.pkl
215,141,234,148,215,141,233,141,233,147,215,147,bbbaadadddddeee,the,0.5478242635726929,0.2034129763642947,0.5314214378595352,/content/outputs/inference/answersheet/model_finetune_1000_results/res_5581c46a81890d4b126fb236b2497649_jpg_18.pkl
318,36,340,47,318,36,339,36,339,46,318,46,atttftftftfkkkkkk,the,0.6194716691970825,0.3103880032020457,0.5954077355563641,/content/outputs/inference/answersheet/model_finetune_1000_results/res_5581c46a81890d4b126fb236b2497649_jpg_19.pkl
125,40,152,51,125,40,151,40,151,50,125,50,se,sale,0.6326814293861389,0.25762563943862915,0.5924860835075378,/content/outputs/inference/answersheet/model_finetune_1000_results/res_5581c46a81890d4b126fb236b2497649_jpg_20.pkl
