187,279,244,290,187,279,243,279,243,289,187,289,eaaaaayyyyres,the,0.7381147146224976,0.1806760493379373,0.2928434703499079,/content/outputs/inference/answersheet/model_finetune_1000_results/res_6139ce4f78097400214da1744d93734d_jpg_0.pkl
147,163,168,171,147,163,167,163,167,170,147,170,odsddyyyy,do,0.6829627156257629,0.16889794833130306,0.33105899890263873,/content/outputs/inference/answersheet/model_finetune_1000_results/res_6139ce4f78097400214da1744d93734d_jpg_1.pkl
189,229,212,238,189,229,211,229,211,237,189,237,44ahhhhhhhrptttetteeeeeeeeet,apr,0.658862292766571,0.1237314867654017,0.5570522546768188,/content/outputs/inference/answersheet/model_finetune_1000_results/res_6139ce4f78097400214da1744d93734d_jpg_2.pkl
135,128,158,138,135,128,157,128,157,137,135,137,ssffffsss,from,0.5729336738586426,0.29630446020099854,0.6551250234246254,/content/outputs/inference/answersheet/model_finetune_1000_results/res_6139ce4f78097400214da1744d93734d_jpg_3.pkl
178,127,203,136,178,127,202,127,202,135,178,135,eooettk,off,0.567139208316803,0.16068655252456665,0.6619436927139759,/content/outputs/inference/answersheet/model_finetune_1000_results/res_6139ce4f78097400214da1744d93734d_jpg_4.pkl
182,37,207,47,182,37,206,37,206,46,182,46,ggggeeeddepppppe,can,0.8433926701545715,0.2536466410383582,0.30611563101410866,/content/outputs/inference/answersheet/model_finetune_1000_results/res_6139ce4f78097400214da1744d93734d_jpg_5.pkl
150,109,178,120,150,109,177,109,177,119,150,119,e,sale,0.7123286128044128,0.11531835794448853,0.5545540779829026,/content/outputs/inference/answersheet/model_finetune_1000_results/res_6139ce4f78097400214da1744d93734d_jpg_6.pkl
135,40,158,48,135,40,157,40,157,47,135,47,ffgeoododdduduuuuuele,from,0.5374788045883179,0.13321440241166524,0.6382337152957916,/content/outputs/inference/answersheet/model_finetune_1000_results/res_6139ce4f78097400214da1744d93734d_jpg_7.pkl
148,20,183,29,150,20,182,20,182,28,150,28,fffkkkkgg4eseeeeettwe,for,0.773170530796051,0.21183179851089204,0.4639229252934456,/content/outputs/inference/answersheet/model_finetune_1000_results/res_6139ce4f78097400214da1744d93734d_jpg_8.pkl
171,72,204,84,171,72,203,72,203,83,171,83,kkeeeaaaaa,for,0.7717657089233398,0.20390773564577103,0.488911185413599,/content/outputs/inference/answersheet/model_finetune_1000_results/res_6139ce4f78097400214da1744d93734d_jpg_9.pkl
136,229,156,238,136,229,155,229,155,237,136,237,st,stop,0.6538315415382385,0.160873644053936,0.5134782791137695,/content/outputs/inference/answersheet/model_finetune_1000_results/res_6139ce4f78097400214da1744d93734d_jpg_10.pkl
