8,250,55,264,8,250,54,250,54,263,8,263,aaoy,and,0.5704832077026367,0.2694820165634155,0.4308479093015194,/content/outputs/inference/answersheet/model_finetune_1000_results/res_9406657aa34b2bb395095fcfcd66397f_jpg_0.pkl
153,36,198,49,153,36,197,36,197,48,153,48,gdopan,come,0.5759426355361938,0.14641032616297403,0.4897515833377838,/content/outputs/inference/answersheet/model_finetune_1000_results/res_9406657aa34b2bb395095fcfcd66397f_jpg_1.pkl
338,373,359,382,338,373,358,373,358,381,338,381,tddd,the,0.6738654375076294,0.32637501507997513,0.5882217809557915,/content/outputs/inference/answersheet/model_finetune_1000_results/res_9406657aa34b2bb395095fcfcd66397f_jpg_2.pkl
226,273,267,282,226,273,266,273,266,281,226,281,sssssgse,from,0.7715559601783752,0.24499381985515356,0.5313096955418587,/content/outputs/inference/answersheet/model_finetune_1000_results/res_9406657aa34b2bb395095fcfcd66397f_jpg_3.pkl
212,53,235,64,212,53,234,53,234,63,212,63,fffttgtgtt4eeeees,for,0.5573107600212097,0.131500202943297,0.6986048892140388,/content/outputs/inference/answersheet/model_finetune_1000_results/res_9406657aa34b2bb395095fcfcd66397f_jpg_4.pkl
313,274,371,284,313,274,367,274,367,282,313,282,aeeeeeeeeeeeeeeeeeayaaae,breadia,0.510633111000061,0.19715568547447523,0.4564057756215334,/content/outputs/inference/answersheet/model_finetune_1000_results/res_9406657aa34b2bb395095fcfcd66397f_jpg_5.pkl
216,36,245,48,216,36,244,36,244,47,216,47,gggddkd,of,0.9223805069923401,0.22456648307187216,0.47836244106292725,/content/outputs/inference/answersheet/model_finetune_1000_results/res_9406657aa34b2bb395095fcfcd66397f_jpg_6.pkl
181,18,212,31,183,18,211,18,211,30,183,30,g441eed,for,0.749313473701477,0.25909157948834555,0.6219586692750454,/content/outputs/inference/answersheet/model_finetune_1000_results/res_9406657aa34b2bb395095fcfcd66397f_jpg_7.pkl
200,283,238,294,200,283,237,283,237,293,200,293,aaaaaff,sender,0.5562853217124939,0.21115980723074504,0.45307659677096773,/content/outputs/inference/answersheet/model_finetune_1000_results/res_9406657aa34b2bb395095fcfcd66397f_jpg_8.pkl
105,313,145,325,105,313,144,313,144,324,105,324,taffffre,the,0.51813805103302,0.1442682472988963,0.4387682266533375,/content/outputs/inference/answersheet/model_finetune_1000_results/res_9406657aa34b2bb395095fcfcd66397f_jpg_9.pkl
290,341,316,351,290,341,315,341,315,350,290,350,nyyteee,you,0.6699768900871277,0.35389738210609983,0.5550621030852199,/content/outputs/inference/answersheet/model_finetune_1000_results/res_9406657aa34b2bb395095fcfcd66397f_jpg_10.pkl
320,305,369,316,320,305,368,305,368,315,320,315,ddaa,bread,0.5377277731895447,0.15456368029117584,0.4780765896042188,/content/outputs/inference/answersheet/model_finetune_1000_results/res_9406657aa34b2bb395095fcfcd66397f_jpg_11.pkl
170,55,193,63,170,55,192,55,192,62,170,62,fdddddddddddd,for,0.6146066188812256,0.13465741677926138,0.5981903485953808,/content/outputs/inference/answersheet/model_finetune_1000_results/res_9406657aa34b2bb395095fcfcd66397f_jpg_12.pkl
271,390,328,404,271,390,326,390,326,402,271,402,edeeeeeeeoy,get,0.5410518646240234,0.1998631859367544,0.37750760838389397,/content/outputs/inference/answersheet/model_finetune_1000_results/res_9406657aa34b2bb395095fcfcd66397f_jpg_13.pkl
253,55,279,68,253,55,278,55,278,67,253,67,4444441eebebeee3bee3d,415,0.6628894805908203,0.2675165924287978,0.4566495046019554,/content/outputs/inference/answersheet/model_finetune_1000_results/res_9406657aa34b2bb395095fcfcd66397f_jpg_14.pkl
310,361,334,371,312,361,333,361,333,370,312,370,gaedyh,for,0.5745442509651184,0.13557992378870645,0.5778197459876537,/content/outputs/inference/answersheet/model_finetune_1000_results/res_9406657aa34b2bb395095fcfcd66397f_jpg_15.pkl
