1,39,40,57,1,37,40,42,38,58,0,52,sars,sale,0.8268059492111206,0.21252069622278214,0.6141839981079101,/content/outputs/inference/answersheet/model_finetune_1000_results/res_b63047d79767cb3e5b6a9b98be8e5346_jpg_0.pkl
58,18,102,31,58,18,101,18,101,30,58,30,asabbbggget,sale,0.746008038520813,0.18727182325991718,0.5022911012172699,/content/outputs/inference/answersheet/model_finetune_1000_results/res_b63047d79767cb3e5b6a9b98be8e5346_jpg_1.pkl
270,162,315,178,270,162,313,162,313,176,270,176,ddeeaastsatrrrnrrnnneed,date,0.5090047717094421,0.15995538267104523,0.5097621247172356,/content/outputs/inference/answersheet/model_finetune_1000_results/res_b63047d79767cb3e5b6a9b98be8e5346_jpg_2.pkl
326,94,370,108,326,94,369,94,369,107,326,107,hhhneaaae,from,0.5783193111419678,0.17883275780412886,0.553577084094286,/content/outputs/inference/answersheet/model_finetune_1000_results/res_b63047d79767cb3e5b6a9b98be8e5346_jpg_3.pkl
114,17,192,29,114,17,191,17,191,28,114,28,ffeaaaeeeeaaaae,breat,0.6641162037849426,0.23691330353418985,0.44048085312048596,/content/outputs/inference/answersheet/model_finetune_1000_results/res_b63047d79767cb3e5b6a9b98be8e5346_jpg_4.pkl
350,51,403,65,350,51,401,51,401,63,350,63,tpaa,subject,0.5491035580635071,0.15620746836066246,0.4776232950389385,/content/outputs/inference/answersheet/model_finetune_1000_results/res_b63047d79767cb3e5b6a9b98be8e5346_jpg_5.pkl
165,161,226,175,165,161,225,161,225,174,165,174,pbhsedtee,persity,0.5107244253158569,0.1416529127293163,0.4389679227024317,/content/outputs/inference/answersheet/model_finetune_1000_results/res_b63047d79767cb3e5b6a9b98be8e5346_jpg_6.pkl
60,50,114,62,62,50,113,50,113,61,62,61,ppppaeaaaaee,from,0.7073934078216553,0.17279912531375885,0.5465604797005653,/content/outputs/inference/answersheet/model_finetune_1000_results/res_b63047d79767cb3e5b6a9b98be8e5346_jpg_7.pkl
332,186,379,199,332,186,378,186,378,198,332,198,thhaee,the,0.7970795035362244,0.2132645125190417,0.36333920806646347,/content/outputs/inference/answersheet/model_finetune_1000_results/res_b63047d79767cb3e5b6a9b98be8e5346_jpg_8.pkl
313,127,361,139,313,127,360,127,360,138,313,138,eaennna,sale,0.6186584234237671,0.13849505675690515,0.4694629043340683,/content/outputs/inference/answersheet/model_finetune_1000_results/res_b63047d79767cb3e5b6a9b98be8e5346_jpg_9.pkl
260,48,344,64,264,48,343,48,343,63,264,63,eeeeeamaaaaa,sender,0.7157858610153198,0.1668896016975244,0.4580364631755011,/content/outputs/inference/answersheet/model_finetune_1000_results/res_b63047d79767cb3e5b6a9b98be8e5346_jpg_10.pkl
72,162,162,175,75,162,161,162,161,174,75,174,aaabeaaeeeeee,come,0.6056545972824097,0.29398105350824505,0.3080206036567688,/content/outputs/inference/answersheet/model_finetune_1000_results/res_b63047d79767cb3e5b6a9b98be8e5346_jpg_11.pkl
100,18,119,26,100,18,118,18,118,25,100,25,ppppeeeeeeeeeefffffffffffffffff,and,0.6199783682823181,0.349140239338721,0.5446855388581753,/content/outputs/inference/answersheet/model_finetune_1000_results/res_b63047d79767cb3e5b6a9b98be8e5346_jpg_12.pkl
298,275,355,286,300,275,354,275,354,285,300,285,yaswnaaaaeee,come,0.597152829170227,0.16434010677039623,0.3193416386842728,/content/outputs/inference/answersheet/model_finetune_1000_results/res_b63047d79767cb3e5b6a9b98be8e5346_jpg_13.pkl
282,72,305,85,282,72,304,72,304,84,282,84,tttees,the,0.5381699800491333,0.2536683976650238,0.7107045873999596,/content/outputs/inference/answersheet/model_finetune_1000_results/res_b63047d79767cb3e5b6a9b98be8e5346_jpg_14.pkl
289,186,308,196,289,186,307,186,307,195,289,195,aaayyygggggag,bestion,0.5539004802703857,0.0973595088491073,0.422590596601367,/content/outputs/inference/answersheet/model_finetune_1000_results/res_b63047d79767cb3e5b6a9b98be8e5346_jpg_15.pkl
327,191,368,204,330,191,367,191,367,203,330,203,etbbaaeaeaaaaannreeee,the,0.551590621471405,0.163693263062409,0.34931628964841366,/content/outputs/inference/answersheet/model_finetune_1000_results/res_b63047d79767cb3e5b6a9b98be8e5346_jpg_16.pkl
