141,395,182,408,143,395,181,395,181,407,143,407,ddedsdsyyy,the,0.6457290649414062,0.1942990593612194,0.5407063970342278,/content/outputs/inference/answersheet/model_finetune_1000_results/res_1875ebe9f91197f50834868a3bdb0558_jpg_0.pkl
247,155,266,164,247,155,265,155,265,163,247,163,411111tpp22oooonn,for,0.6092618107795715,0.2375695832511958,0.5690678115934134,/content/outputs/inference/answersheet/model_finetune_1000_results/res_1875ebe9f91197f50834868a3bdb0558_jpg_1.pkl
267,174,284,185,267,174,283,174,283,184,267,184,ttffkkkk992323233290,to,0.9229589700698853,0.22225857004523278,0.6229971845944723,/content/outputs/inference/answersheet/model_finetune_1000_results/res_1875ebe9f91197f50834868a3bdb0558_jpg_2.pkl
87,30,144,43,91,30,143,30,143,42,91,42,dpdttse,date,0.6968947052955627,0.2006320846932275,0.5272503286600113,/content/outputs/inference/answersheet/model_finetune_1000_results/res_1875ebe9f91197f50834868a3bdb0558_jpg_3.pkl
219,172,241,184,219,172,240,172,240,183,219,183,4118232223aaa,43,0.7934685349464417,0.2928653393800442,0.6084542175134023,/content/outputs/inference/answersheet/model_finetune_1000_results/res_1875ebe9f91197f50834868a3bdb0558_jpg_4.pkl
86,9,154,24,86,9,153,9,153,23,86,23,aaaaaaadnbe,aptional,0.5662240982055664,0.34840997647155414,0.6191728214422861,/content/outputs/inference/answersheet/model_finetune_1000_results/res_1875ebe9f91197f50834868a3bdb0558_jpg_5.pkl
173,173,193,183,173,173,192,173,192,182,173,182,ttaaaaatgyyyy,they,0.7083524465560913,0.16271452204539225,0.5839052021503448,/content/outputs/inference/answersheet/model_finetune_1000_results/res_1875ebe9f91197f50834868a3bdb0558_jpg_6.pkl
119,52,139,65,119,52,138,52,138,64,119,64,eeeyyeee,from,0.6469561457633972,0.14826287142932415,0.6241443932056427,/content/outputs/inference/answersheet/model_finetune_1000_results/res_1875ebe9f91197f50834868a3bdb0558_jpg_7.pkl
224,317,273,334,224,317,272,317,272,333,224,333,eessfe,deal,0.7593356370925903,0.256330872575442,0.40318332612514496,/content/outputs/inference/answersheet/model_finetune_1000_results/res_1875ebe9f91197f50834868a3bdb0558_jpg_8.pkl
176,52,212,65,176,52,211,52,211,64,176,64,fssssseeeemmetttttthhre,the,0.6291707754135132,0.22714449594850125,0.5665057562291622,/content/outputs/inference/answersheet/model_finetune_1000_results/res_1875ebe9f91197f50834868a3bdb0558_jpg_9.pkl
156,153,172,165,156,153,171,153,171,164,156,164,4444444fffeeef7777f7777777mmmmnnn,for,0.5045983195304871,0.21650831378770596,0.6384471356868744,/content/outputs/inference/answersheet/model_finetune_1000_results/res_1875ebe9f91197f50834868a3bdb0558_jpg_10.pkl
140,213,156,222,140,213,155,213,155,221,140,221,fffff8hh,the,0.568356990814209,0.2514954460784793,0.6655655279755592,/content/outputs/inference/answersheet/model_finetune_1000_results/res_1875ebe9f91197f50834868a3bdb0558_jpg_11.pkl
126,11,150,21,126,11,149,11,149,20,126,20,thtoeaaa,and,0.6133193969726562,0.20183027535676956,0.6095523554831743,/content/outputs/inference/answersheet/model_finetune_1000_results/res_1875ebe9f91197f50834868a3bdb0558_jpg_12.pkl
304,217,323,229,304,217,322,217,322,228,304,228,44l9010,40,0.6536691784858704,0.21379247094903672,0.4094024995962779,/content/outputs/inference/answersheet/model_finetune_1000_results/res_1875ebe9f91197f50834868a3bdb0558_jpg_13.pkl
131,72,328,92,145,74,327,74,327,91,145,91,oooteeaeedteoeeaeaae,repersity,0.5236505270004272,0.14294603280723095,0.4467460051178932,/content/outputs/inference/answersheet/model_finetune_1000_results/res_1875ebe9f91197f50834868a3bdb0558_jpg_14.pkl
225,112,249,124,225,112,248,112,248,123,225,123,44444444444444444444444444444oepp,40,0.6211148500442505,0.6248171444643628,0.4418205718199412,/content/outputs/inference/answersheet/model_finetune_1000_results/res_1875ebe9f91197f50834868a3bdb0558_jpg_15.pkl
96,45,117,56,96,45,116,45,116,53,96,53,taaaaaaaaaaaaaaaaaaaaaaaaaaaaaaaaaaaaanannn,from,0.6434249877929688,0.18889775906884393,0.6326335519552231,/content/outputs/inference/answersheet/model_finetune_1000_results/res_1875ebe9f91197f50834868a3bdb0558_jpg_16.pkl
142,47,163,56,142,47,162,47,162,55,142,55,aaaaaatttlltttllllnnnnnnpree,all,0.6198312044143677,0.27819243871739935,0.5100762359797955,/content/outputs/inference/answersheet/model_finetune_1000_results/res_1875ebe9f91197f50834868a3bdb0558_jpg_17.pkl
165,12,187,21,165,12,186,12,186,20,165,20,beaayyyyyy,from,0.6073504686355591,0.18420232757925986,0.6455916613340378,/content/outputs/inference/answersheet/model_finetune_1000_results/res_1875ebe9f91197f50834868a3bdb0558_jpg_18.pkl
74,317,103,334,74,317,102,317,102,333,74,333,gfggggdiikgggggy,get,0.5329828262329102,0.14350290084257722,0.41983405128121376,/content/outputs/inference/answersheet/model_finetune_1000_results/res_1875ebe9f91197f50834868a3bdb0558_jpg_19.pkl
163,15,185,25,163,15,184,15,184,24,163,24,hhhhaaaaarnanyye,from,0.7543933391571045,0.19277891563251615,0.6548446387052536,/content/outputs/inference/answersheet/model_finetune_1000_results/res_1875ebe9f91197f50834868a3bdb0558_jpg_20.pkl
142,43,171,54,142,43,170,43,170,53,142,53,aaaatllnnnppteteeeeeeeeeeeeeeeeeeeeee,and,0.7971726059913635,0.304470806911185,0.48803896084427834,/content/outputs/inference/answersheet/model_finetune_1000_results/res_1875ebe9f91197f50834868a3bdb0558_jpg_21.pkl
268,285,287,297,268,285,286,285,286,296,268,296,goo9ooooooe,go,0.5374230146408081,0.09549560736526143,0.5000355541706085,/content/outputs/inference/answersheet/model_finetune_1000_results/res_1875ebe9f91197f50834868a3bdb0558_jpg_22.pkl
125,171,149,185,127,171,148,171,148,184,127,184,gghoooyyyyyy,from,0.5059825778007507,0.33463284994165104,0.628927780687809,/content/outputs/inference/answersheet/model_finetune_1000_results/res_1875ebe9f91197f50834868a3bdb0558_jpg_23.pkl
92,31,121,42,92,31,120,31,120,41,92,41,tdooooooanxnyypttttttss,on,0.6906665563583374,0.20582908489134,0.3793471207221349,/content/outputs/inference/answersheet/model_finetune_1000_results/res_1875ebe9f91197f50834868a3bdb0558_jpg_24.pkl
141,50,162,61,141,50,159,50,159,60,141,60,aaaaaaaaaaaaaaaaaaal,and,0.5558319687843323,0.2575136788189411,0.46853554621338844,/content/outputs/inference/answersheet/model_finetune_1000_results/res_1875ebe9f91197f50834868a3bdb0558_jpg_25.pkl
189,53,211,63,189,53,210,53,210,62,189,62,atttttttttttttthhhthpeee,the,0.523284912109375,0.32285166438668966,0.7229825854301453,/content/outputs/inference/answersheet/model_finetune_1000_results/res_1875ebe9f91197f50834868a3bdb0558_jpg_26.pkl
127,283,147,295,127,283,146,283,146,294,127,294,ffffffffffffffffgogoon,for,0.5321828722953796,0.390510504218665,0.7658186107873917,/content/outputs/inference/answersheet/model_finetune_1000_results/res_1875ebe9f91197f50834868a3bdb0558_jpg_27.pkl
207,360,224,371,207,360,223,360,223,370,207,370,f6e6dededdeeeeeooooooeoooadii,for,0.5123329758644104,0.1114461650622302,0.659091766923666,/content/outputs/inference/answersheet/model_finetune_1000_results/res_1875ebe9f91197f50834868a3bdb0558_jpg_28.pkl
166,379,184,389,166,379,183,379,183,388,166,388,44eeeeeeeeeeeeegegeeddddddeeeey,and,0.5164310932159424,0.2110361334296965,0.5952878650277853,/content/outputs/inference/answersheet/model_finetune_1000_results/res_1875ebe9f91197f50834868a3bdb0558_jpg_29.pkl
167,35,193,43,167,35,192,35,192,42,167,42,adhttttfsesssseaaaeee,the,0.5806103944778442,0.18429983052469434,0.45932698622345924,/content/outputs/inference/answersheet/model_finetune_1000_results/res_1875ebe9f91197f50834868a3bdb0558_jpg_30.pkl
41,0,67,12,41,0,66,0,66,11,41,11,9ttttooao,93,0.5725727081298828,0.1732069800297419,0.6184553901354471,/content/outputs/inference/answersheet/model_finetune_1000_results/res_1875ebe9f91197f50834868a3bdb0558_jpg_31.pkl
