178,40,239,57,178,40,238,40,238,56,178,56,ttieaiit,tister,0.8100045323371887,0.35381705313920975,0.5977131809507098,/content/outputs/inference/answersheet/model_finetune_1000_results/res_c6b94141fdb5918c338d9b023964aa48_jpg_0.pkl
202,131,253,144,202,131,252,131,252,143,202,143,eiiti,tate,0.7305919528007507,0.14295706897974014,0.49852617681026457,/content/outputs/inference/answersheet/model_finetune_1000_results/res_c6b94141fdb5918c338d9b023964aa48_jpg_1.pkl
212,353,259,370,212,353,258,353,258,369,212,369,ftggahaanl,from,0.6294715404510498,0.2572184897959232,0.5158942252397537,/content/outputs/inference/answersheet/model_finetune_1000_results/res_c6b94141fdb5918c338d9b023964aa48_jpg_2.pkl
97,41,156,57,97,41,154,41,154,55,97,55,t11psbottttetl,tate,0.8755541443824768,0.3612358367868832,0.5478939831256866,/content/outputs/inference/answersheet/model_finetune_1000_results/res_c6b94141fdb5918c338d9b023964aa48_jpg_3.pkl
261,274,295,287,261,274,294,274,294,286,261,286,tttttttts,that,0.5994703769683838,0.5332269155316882,0.42478741705417633,/content/outputs/inference/answersheet/model_finetune_1000_results/res_c6b94141fdb5918c338d9b023964aa48_jpg_4.pkl
66,290,139,303,71,290,138,290,138,302,71,302,sssteaaaaaaae,aster,0.627167284488678,0.15729864915976158,0.4913816675543785,/content/outputs/inference/answersheet/model_finetune_1000_results/res_c6b94141fdb5918c338d9b023964aa48_jpg_5.pkl
153,278,172,287,153,278,171,278,171,286,153,286,tooootaaddddddddddddedddddttlt,the,0.6711603999137878,0.16697508643070857,0.48463859036564827,/content/outputs/inference/answersheet/model_finetune_1000_results/res_c6b94141fdb5918c338d9b023964aa48_jpg_6.pkl
236,152,274,165,236,152,273,152,273,164,236,164,leet,team,0.7898035645484924,0.33100733533501625,0.5473217844963074,/content/outputs/inference/answersheet/model_finetune_1000_results/res_c6b94141fdb5918c338d9b023964aa48_jpg_7.pkl
186,63,248,78,186,63,246,63,246,76,186,76,sssstmetee,from,0.6293556094169617,0.24097780287265777,0.452843576669693,/content/outputs/inference/answersheet/model_finetune_1000_results/res_c6b94141fdb5918c338d9b023964aa48_jpg_8.pkl
181,43,202,54,181,43,201,43,201,53,181,53,tpssgssssii,tim,0.6713662147521973,0.2713571001182903,0.41232381016016006,/content/outputs/inference/answersheet/model_finetune_1000_results/res_c6b94141fdb5918c338d9b023964aa48_jpg_9.pkl
198,252,247,269,198,252,246,252,246,268,198,268,tttttttsal,the,0.5722523331642151,0.346759133040905,0.4856017455458641,/content/outputs/inference/answersheet/model_finetune_1000_results/res_c6b94141fdb5918c338d9b023964aa48_jpg_10.pkl
259,63,286,74,259,63,285,63,285,73,259,73,ttaaaall,that,0.7056545615196228,0.35591704957187176,0.5079080030322075,/content/outputs/inference/answersheet/model_finetune_1000_results/res_c6b94141fdb5918c338d9b023964aa48_jpg_11.pkl
101,156,150,168,101,156,149,156,149,167,101,167,ttbbbsdtetddlle,the,0.583662211894989,0.17899317691723507,0.5054940395057201,/content/outputs/inference/answersheet/model_finetune_1000_results/res_c6b94141fdb5918c338d9b023964aa48_jpg_12.pkl
135,21,170,34,135,21,169,21,169,33,135,33,mmmmmtaalll,mail,0.7732177376747131,0.33462121134454553,0.6258068203926086,/content/outputs/inference/answersheet/model_finetune_1000_results/res_c6b94141fdb5918c338d9b023964aa48_jpg_13.pkl
201,155,237,166,201,155,236,155,236,165,201,165,fcccccotttheaaaaii,fortha,0.6267434358596802,0.35032276933391887,0.5228654508079801,/content/outputs/inference/answersheet/model_finetune_1000_results/res_c6b94141fdb5918c338d9b023964aa48_jpg_14.pkl
149,155,170,165,149,155,169,155,169,164,149,164,fffffffttssssseeeettt,the,0.5683324337005615,0.2955047576909974,0.6372025683522224,/content/outputs/inference/answersheet/model_finetune_1000_results/res_c6b94141fdb5918c338d9b023964aa48_jpg_15.pkl
171,154,202,165,171,154,201,154,201,164,171,164,tttbbdbddeaaay,day,0.6860902905464172,0.2508119334067617,0.5415454730391502,/content/outputs/inference/answersheet/model_finetune_1000_results/res_c6b94141fdb5918c338d9b023964aa48_jpg_16.pkl
61,61,266,80,90,63,265,63,265,79,90,79,etetteteneai,restationation,0.5118252635002136,0.2551021526257197,0.5490140564739704,/content/outputs/inference/answersheet/model_finetune_1000_results/res_c6b94141fdb5918c338d9b023964aa48_jpg_17.pkl
287,375,309,386,287,375,308,375,308,385,287,385,ttgggeeesddlddllllltlll,the,0.5904800891876221,0.2791944661218187,0.6181261017918587,/content/outputs/inference/answersheet/model_finetune_1000_results/res_c6b94141fdb5918c338d9b023964aa48_jpg_18.pkl
275,153,302,162,275,153,301,153,301,161,275,161,rayyy,they,0.8232729434967041,0.18498504012823105,0.6400746941566468,/content/outputs/inference/answersheet/model_finetune_1000_results/res_c6b94141fdb5918c338d9b023964aa48_jpg_19.pkl
312,386,371,398,312,386,370,386,370,397,312,397,stbeddif,from,0.5706616640090942,0.15139510668814182,0.5863124996423721,/content/outputs/inference/answersheet/model_finetune_1000_results/res_c6b94141fdb5918c338d9b023964aa48_jpg_20.pkl
151,111,182,123,151,111,181,111,181,122,151,122,ttaeeaaaaa,from,0.6361794471740723,0.2793340489268303,0.5639113619923591,/content/outputs/inference/answersheet/model_finetune_1000_results/res_c6b94141fdb5918c338d9b023964aa48_jpg_21.pkl
101,279,132,289,101,279,131,279,131,288,101,288,tttttiiiiiiityetaamdlitl,im,0.6462231874465942,0.21994037181138992,0.3916421979665756,/content/outputs/inference/answersheet/model_finetune_1000_results/res_c6b94141fdb5918c338d9b023964aa48_jpg_22.pkl
83,65,169,80,83,65,168,65,168,79,83,79,theelntattetlle,thate,0.6405544877052307,0.29295422534147897,0.406422421336174,/content/outputs/inference/answersheet/model_finetune_1000_results/res_c6b94141fdb5918c338d9b023964aa48_jpg_23.pkl
200,255,220,267,200,255,219,255,219,266,200,266,tttaaantttttn,the,0.574548602104187,0.25321567631684816,0.6978147625923157,/content/outputs/inference/answersheet/model_finetune_1000_results/res_c6b94141fdb5918c338d9b023964aa48_jpg_24.pkl
84,66,110,79,84,66,109,66,109,78,84,78,tthhhhhhhhhhhhhhhee,the,0.6109079718589783,0.3827112634715281,0.5273863449692726,/content/outputs/inference/answersheet/model_finetune_1000_results/res_c6b94141fdb5918c338d9b023964aa48_jpg_25.pkl
65,171,90,180,65,171,89,171,89,179,65,179,a,the,0.5629751086235046,0.1247372105717659,0.6325731920078397,/content/outputs/inference/answersheet/model_finetune_1000_results/res_c6b94141fdb5918c338d9b023964aa48_jpg_26.pkl
125,256,151,267,125,256,150,256,150,266,125,266,ttliiioddall,1991,0.6976488828659058,0.22241210813323656,0.5941336989402771,/content/outputs/inference/answersheet/model_finetune_1000_results/res_c6b94141fdb5918c338d9b023964aa48_jpg_27.pkl
265,162,374,178,265,165,370,162,371,175,265,177,eeade,compersity,0.613749086856842,0.14319580644369126,0.4546422565525228,/content/outputs/inference/answersheet/model_finetune_1000_results/res_c6b94141fdb5918c338d9b023964aa48_jpg_28.pkl
