216,68,287,79,216,68,286,68,286,78,216,78,aeeessssseeeeed,schood,0.5348573327064514,0.2686188588539759,0.3952790605170386,/content/outputs/inference/answersheet/model_finetune_1000_results/res_4888a3da0488c526fef97625cec6a441_jpg_0.pkl
158,35,241,46,158,35,240,35,240,45,158,45,aaeeis,parkers,0.5934648513793945,0.1921156719326973,0.4501931183040142,/content/outputs/inference/answersheet/model_finetune_1000_results/res_4888a3da0488c526fef97625cec6a441_jpg_1.pkl
89,35,138,47,89,35,137,35,137,46,89,46,ee,date,0.6071248054504395,0.15106897801160812,0.5341816768050194,/content/outputs/inference/answersheet/model_finetune_1000_results/res_4888a3da0488c526fef97625cec6a441_jpg_2.pkl
204,90,297,102,210,90,295,90,295,100,210,100,eeeata,from,0.5083360075950623,0.10445536673069,0.5904235184192658,/content/outputs/inference/answersheet/model_finetune_1000_results/res_4888a3da0488c526fef97625cec6a441_jpg_3.pkl
145,65,294,83,145,65,291,68,290,82,145,80,eeededd,ressageid,0.5110298991203308,0.2014597122158323,0.5986526370048523,/content/outputs/inference/answersheet/model_finetune_1000_results/res_4888a3da0488c526fef97625cec6a441_jpg_4.pkl
266,306,290,314,266,306,289,306,289,313,266,313,aaee,and,0.5342788696289062,0.1580469999462366,0.538213275372982,/content/outputs/inference/answersheet/model_finetune_1000_results/res_4888a3da0488c526fef97625cec6a441_jpg_5.pkl
98,379,121,388,98,379,120,379,120,387,98,387,oeoo,for,0.658176600933075,0.09220819175243378,0.5669080913066864,/content/outputs/inference/answersheet/model_finetune_1000_results/res_4888a3da0488c526fef97625cec6a441_jpg_6.pkl
183,68,215,79,183,68,214,68,214,78,183,78,eeee,from,0.5110411047935486,0.22272051498293877,0.6309373110532761,/content/outputs/inference/answersheet/model_finetune_1000_results/res_4888a3da0488c526fef97625cec6a441_jpg_7.pkl
308,375,327,383,308,375,326,375,326,382,308,382,tttttaaaaaaaaeeeee,the,0.6892315745353699,0.16109309014346865,0.48020054399967194,/content/outputs/inference/answersheet/model_finetune_1000_results/res_4888a3da0488c526fef97625cec6a441_jpg_8.pkl
64,59,88,69,64,59,87,59,87,68,64,68,teee,the,0.6133415699005127,0.21874095872044563,0.8577769547700882,/content/outputs/inference/answersheet/model_finetune_1000_results/res_4888a3da0488c526fef97625cec6a441_jpg_9.pkl
135,311,156,321,135,311,155,311,155,320,135,320,a,the,0.5746078491210938,0.12321842461824417,0.6301690600812435,/content/outputs/inference/answersheet/model_finetune_1000_results/res_4888a3da0488c526fef97625cec6a441_jpg_10.pkl
283,358,308,367,283,358,307,358,307,366,283,366,ggeeeeeeassssoyoyyyyyyyyyyyyyyyyyyyy,for,0.7311030030250549,0.21236317811740768,0.6003355532884598,/content/outputs/inference/answersheet/model_finetune_1000_results/res_4888a3da0488c526fef97625cec6a441_jpg_11.pkl
129,68,149,78,129,68,148,68,148,77,129,77,ddddddeeeeeeeeee,come,0.5226714015007019,0.19046352757140994,0.35797007083892823,/content/outputs/inference/answersheet/model_finetune_1000_results/res_4888a3da0488c526fef97625cec6a441_jpg_12.pkl
307,373,326,379,307,373,325,373,325,378,307,378,tttaaaaae,the,0.6119542717933655,0.2249742340710428,0.5079396069049835,/content/outputs/inference/answersheet/model_finetune_1000_results/res_4888a3da0488c526fef97625cec6a441_jpg_13.pkl
