284,19,357,32,284,19,356,19,356,31,284,31,detlsoaaiiie,reshards,0.8102685809135437,0.18859170315166315,0.5220355830258794,/content/outputs/inference/answersheet/model_finetune_1000_results/res_bd9cddff89c909926f380c6bd40fb85b_jpg_0.pkl
202,208,244,221,202,208,243,208,243,220,202,220,afihhhiiesd,lines,0.8089625835418701,0.2196545573798093,0.6380035777886709,/content/outputs/inference/answersheet/model_finetune_1000_results/res_bd9cddff89c909926f380c6bd40fb85b_jpg_1.pkl
202,173,245,188,202,173,244,173,244,187,202,187,444tatadwu,the,0.6665619611740112,0.1760798640549183,0.3842055909335613,/content/outputs/inference/answersheet/model_finetune_1000_results/res_bd9cddff89c909926f380c6bd40fb85b_jpg_2.pkl
239,20,283,31,239,20,282,20,282,30,239,30,dee,subject,0.5420457720756531,0.09359815716743469,0.508448988199234,/content/outputs/inference/answersheet/model_finetune_1000_results/res_bd9cddff89c909926f380c6bd40fb85b_jpg_3.pkl
363,185,407,199,363,185,406,185,406,198,363,198,ddddddsdmfaaiiiaaas,from,0.6260973811149597,0.1687734317230551,0.572397518157959,/content/outputs/inference/answersheet/model_finetune_1000_results/res_bd9cddff89c909926f380c6bd40fb85b_jpg_4.pkl
216,60,244,68,216,60,243,60,243,67,216,67,rmmmmmmmmmeaatteeeeeeeee,from,0.7584131956100464,0.30454939138144255,0.6744962811470032,/content/outputs/inference/answersheet/model_finetune_1000_results/res_bd9cddff89c909926f380c6bd40fb85b_jpg_5.pkl
33,265,70,280,33,267,69,267,69,279,33,279,aae,sale,0.678788423538208,0.19269953668117523,0.5964814066886902,/content/outputs/inference/answersheet/model_finetune_1000_results/res_bd9cddff89c909926f380c6bd40fb85b_jpg_6.pkl
193,234,235,247,193,234,234,234,234,246,193,246,eseseaaee,coffee,0.5695738196372986,0.17595923278066847,0.42054947146347593,/content/outputs/inference/answersheet/model_finetune_1000_results/res_bd9cddff89c909926f380c6bd40fb85b_jpg_7.pkl
80,53,109,64,80,53,108,53,108,63,80,63,staasssas,the,0.7165011167526245,0.18834207455317178,0.5023374557495117,/content/outputs/inference/answersheet/model_finetune_1000_results/res_bd9cddff89c909926f380c6bd40fb85b_jpg_8.pkl
80,19,110,30,80,19,109,19,109,29,80,29,fee,the,0.7724647521972656,0.23937936623891196,0.6772946789860725,/content/outputs/inference/answersheet/model_finetune_1000_results/res_bd9cddff89c909926f380c6bd40fb85b_jpg_9.pkl
110,22,135,29,110,22,134,22,134,28,110,28,tttteeedeeee,from,0.7935009598731995,0.2148192754636208,0.6387069314718247,/content/outputs/inference/answersheet/model_finetune_1000_results/res_bd9cddff89c909926f380c6bd40fb85b_jpg_10.pkl
106,20,156,30,106,20,155,20,155,29,106,29,baaeee,from,0.5297759771347046,0.1208091601729393,0.6376100450754165,/content/outputs/inference/answersheet/model_finetune_1000_results/res_bd9cddff89c909926f380c6bd40fb85b_jpg_11.pkl
142,22,173,31,142,22,172,22,172,30,142,30,elggggggeyype,from,0.6882292032241821,0.1672749175475194,0.6104036927223205,/content/outputs/inference/answersheet/model_finetune_1000_results/res_bd9cddff89c909926f380c6bd40fb85b_jpg_12.pkl
136,122,159,130,136,122,158,122,158,129,136,129,he,the,0.63285231590271,0.25434982031583786,0.6149594038724899,/content/outputs/inference/answersheet/model_finetune_1000_results/res_bd9cddff89c909926f380c6bd40fb85b_jpg_13.pkl
126,52,170,65,128,52,169,52,169,64,128,64,dsdde,date,0.5858370661735535,0.24561990052461624,0.513682770729065,/content/outputs/inference/answersheet/model_finetune_1000_results/res_bd9cddff89c909926f380c6bd40fb85b_jpg_14.pkl
84,266,108,275,84,266,107,266,107,274,84,274,aaaa,and,0.6298944354057312,0.23785361647605896,0.5434267222881317,/content/outputs/inference/answersheet/model_finetune_1000_results/res_bd9cddff89c909926f380c6bd40fb85b_jpg_15.pkl
354,208,411,221,354,208,409,208,409,219,354,219,ateaed,restard,0.5209489464759827,0.18324990818897882,0.43900574184954166,/content/outputs/inference/answersheet/model_finetune_1000_results/res_bd9cddff89c909926f380c6bd40fb85b_jpg_16.pkl
30,354,60,364,30,354,59,354,59,363,30,363,atttaaitttee,sale,0.6218152642250061,0.33048713331421214,0.5993921339511872,/content/outputs/inference/answersheet/model_finetune_1000_results/res_bd9cddff89c909926f380c6bd40fb85b_jpg_17.pkl
172,19,205,31,172,19,204,19,204,30,172,30,ttttttssee,from,0.6223336458206177,0.25740914046764374,0.5691996783018112,/content/outputs/inference/answersheet/model_finetune_1000_results/res_bd9cddff89c909926f380c6bd40fb85b_jpg_18.pkl
243,89,265,101,243,89,264,89,264,100,243,100,tttteee,the,0.5520077347755432,0.12430776762110847,0.6010209545493126,/content/outputs/inference/answersheet/model_finetune_1000_results/res_bd9cddff89c909926f380c6bd40fb85b_jpg_19.pkl
80,98,113,108,80,98,109,98,109,107,80,107,faarfee,from,0.5447529554367065,0.2466776626450675,0.6382172703742981,/content/outputs/inference/answersheet/model_finetune_1000_results/res_bd9cddff89c909926f380c6bd40fb85b_jpg_20.pkl
309,57,370,71,309,57,369,57,369,70,309,70,ese,recoffee,0.7797785401344299,0.18514282008012137,0.5243473748366038,/content/outputs/inference/answersheet/model_finetune_1000_results/res_bd9cddff89c909926f380c6bd40fb85b_jpg_21.pkl
346,59,371,68,346,59,370,59,370,67,346,67,dereeeeee,the,0.6704291105270386,0.18895183586412007,0.5792369060218334,/content/outputs/inference/answersheet/model_finetune_1000_results/res_bd9cddff89c909926f380c6bd40fb85b_jpg_22.pkl
