340,25,386,37,340,25,383,25,383,36,340,36,epeeeauuaes,from,0.708143949508667,0.1666214330629869,0.5581370338797569,/content/outputs/inference/answersheet/model_finetune_1000_results/res_771421c583f646c470783176b4d87820_jpg_0.pkl
228,160,299,172,231,160,298,160,298,171,231,171,wdoadd,winders,0.6283974647521973,0.25301553060611087,0.4543888922780752,/content/outputs/inference/answersheet/model_finetune_1000_results/res_771421c583f646c470783176b4d87820_jpg_1.pkl
279,182,331,194,279,182,330,182,330,193,279,193,tggeyeeee,sender,0.5187537670135498,0.18042538894547355,0.50522281229496,/content/outputs/inference/answersheet/model_finetune_1000_results/res_771421c583f646c470783176b4d87820_jpg_2.pkl
160,162,184,171,160,162,183,162,183,170,160,170,h444ddad,apr,0.6709746718406677,0.16875887662172318,0.5079120080918074,/content/outputs/inference/answersheet/model_finetune_1000_results/res_771421c583f646c470783176b4d87820_jpg_3.pkl
259,91,381,104,263,91,380,91,380,103,263,103,adasagteeeeaee,subject,0.723429262638092,0.23870480060577393,0.5266271475702524,/content/outputs/inference/answersheet/model_finetune_1000_results/res_771421c583f646c470783176b4d87820_jpg_4.pkl
259,181,278,193,259,181,277,181,277,192,259,192,tt,the,0.6127374768257141,0.13749301806092262,0.6913056969642639,/content/outputs/inference/answersheet/model_finetune_1000_results/res_771421c583f646c470783176b4d87820_jpg_5.pkl
316,216,381,229,316,216,380,216,380,228,316,228,ssmmmmhene,messageid,0.8051642179489136,0.16966333761811256,0.5980964563786983,/content/outputs/inference/answersheet/model_finetune_1000_results/res_771421c583f646c470783176b4d87820_jpg_6.pkl
176,183,196,193,176,183,195,183,195,192,176,192,aahhht,the,0.6850311160087585,0.12193928907314937,0.5934711620211601,/content/outputs/inference/answersheet/model_finetune_1000_results/res_771421c583f646c470783176b4d87820_jpg_7.pkl
58,195,82,204,58,195,81,195,81,203,58,203,aaaaaaaaaanadeeaaa,and,0.5721663236618042,0.1700473436050945,0.5122262239456177,/content/outputs/inference/answersheet/model_finetune_1000_results/res_771421c583f646c470783176b4d87820_jpg_8.pkl
196,164,208,171,196,164,207,164,207,170,196,170,aaaaattttthhhhhheheseeeseeeseeeeeeeeeeeeeeeeeeeeee,the,0.5744526982307434,0.18640729248523713,0.8041314631700516,/content/outputs/inference/answersheet/model_finetune_1000_results/res_771421c583f646c470783176b4d87820_jpg_9.pkl
193,83,220,93,193,83,219,83,219,92,193,92,eeeeeeeeoo,get,0.6287873387336731,0.19687504470348358,0.440521065145731,/content/outputs/inference/answersheet/model_finetune_1000_results/res_771421c583f646c470783176b4d87820_jpg_10.pkl
317,163,351,172,317,163,350,163,350,171,317,171,hhdkkkakaa4aa,sale,0.7760249972343445,0.15894924448086664,0.3544327229261398,/content/outputs/inference/answersheet/model_finetune_1000_results/res_771421c583f646c470783176b4d87820_jpg_11.pkl
56,150,84,160,56,150,83,150,83,159,56,159,eaa,are,0.6309826970100403,0.1977486958106359,0.42771727591753006,/content/outputs/inference/answersheet/model_finetune_1000_results/res_771421c583f646c470783176b4d87820_jpg_12.pkl
343,184,365,192,343,184,362,184,362,191,343,191,ffffhhhh,the,0.6546297073364258,0.2759753614664078,0.7084040381014347,/content/outputs/inference/answersheet/model_finetune_1000_results/res_771421c583f646c470783176b4d87820_jpg_13.pkl
260,193,282,203,260,193,281,193,281,202,260,202,aoaatttttttttttt,off,0.5381250381469727,0.20939400978386402,0.6022951155900955,/content/outputs/inference/answersheet/model_finetune_1000_results/res_771421c583f646c470783176b4d87820_jpg_14.pkl
140,182,163,191,140,182,162,182,162,190,140,190,ttdue,the,0.5034336447715759,0.1618039131164551,0.5481968373060226,/content/outputs/inference/answersheet/model_finetune_1000_results/res_771421c583f646c470783176b4d87820_jpg_15.pkl
41,97,90,114,41,99,89,99,89,113,41,113,kggeeeeeeee,from,0.5140506625175476,0.2162195247682658,0.5899255827069283,/content/outputs/inference/answersheet/model_finetune_1000_results/res_771421c583f646c470783176b4d87820_jpg_16.pkl
286,183,315,194,286,183,314,183,314,193,286,193,fe,sender,0.6779947280883789,0.11259634420275688,0.4764121025800705,/content/outputs/inference/answersheet/model_finetune_1000_results/res_771421c583f646c470783176b4d87820_jpg_17.pkl
