137,229,199,243,137,229,197,229,197,241,137,241,fffeeeeaaadddffreer,coffee,0.6454943418502808,0.25428007699941335,0.5675073074443,/content/outputs/inference/answersheet/model_finetune_1000_results/res_1857f69000a75288f2710977b296bf58_jpg_0.pkl
115,178,160,189,115,178,157,178,157,188,115,188,ccecccccoooooweeeeeee,come,0.6053720712661743,0.19468820272457033,0.31714976727962496,/content/outputs/inference/answersheet/model_finetune_1000_results/res_1857f69000a75288f2710977b296bf58_jpg_1.pkl
170,45,195,55,170,45,194,45,194,54,170,54,ttttsr,the,0.8077165484428406,0.13497691601514816,0.38615623861551285,/content/outputs/inference/answersheet/model_finetune_1000_results/res_1857f69000a75288f2710977b296bf58_jpg_2.pkl
232,0,371,10,232,0,370,0,370,9,232,9,eeeeeeeeeeeeefee,from,0.5781609416007996,0.16732946829870343,0.4044622465968132,/content/outputs/inference/answersheet/model_finetune_1000_results/res_1857f69000a75288f2710977b296bf58_jpg_3.pkl
179,130,231,143,179,130,230,130,230,142,179,142,eggertggo,coffee,0.5149701833724976,0.2161925882101059,0.42383659950324465,/content/outputs/inference/answersheet/model_finetune_1000_results/res_1857f69000a75288f2710977b296bf58_jpg_4.pkl
155,177,172,186,155,177,171,177,171,185,155,185,fffffffffeeefsssssshahoooyyy,for,0.540017306804657,0.15045939811638423,0.5808412581682205,/content/outputs/inference/answersheet/model_finetune_1000_results/res_1857f69000a75288f2710977b296bf58_jpg_5.pkl
164,176,223,187,164,176,219,176,219,186,164,186,ffesasss,from,0.5699971318244934,0.20072174165397882,0.5520833611488343,/content/outputs/inference/answersheet/model_finetune_1000_results/res_1857f69000a75288f2710977b296bf58_jpg_6.pkl
200,65,223,74,200,65,222,65,222,73,200,73,tte,the,0.5901194214820862,0.12161975850661595,0.6450556553900242,/content/outputs/inference/answersheet/model_finetune_1000_results/res_1857f69000a75288f2710977b296bf58_jpg_7.pkl
47,287,122,301,47,287,120,287,120,299,47,299,lfafffafee,from,0.5492163896560669,0.2271530494093895,0.5439510405063629,/content/outputs/inference/answersheet/model_finetune_1000_results/res_1857f69000a75288f2710977b296bf58_jpg_8.pkl
47,288,84,301,47,288,80,288,80,300,47,300,ffffffffflffff,from,0.6266047358512878,0.3394906685820648,0.5998898148536682,/content/outputs/inference/answersheet/model_finetune_1000_results/res_1857f69000a75288f2710977b296bf58_jpg_9.pkl
273,255,366,265,273,255,365,255,365,264,273,264,saaaeggeetfeutiitee,bread,0.5695935487747192,0.11375629254861881,0.3771173233787219,/content/outputs/inference/answersheet/model_finetune_1000_results/res_1857f69000a75288f2710977b296bf58_jpg_10.pkl
79,256,159,265,82,256,158,256,158,264,82,264,tftsssstte,from,0.5375729203224182,0.17777111977338791,0.5833323895931244,/content/outputs/inference/answersheet/model_finetune_1000_results/res_1857f69000a75288f2710977b296bf58_jpg_11.pkl
191,256,272,265,195,256,269,256,269,264,195,264,teeeeeccceeeeaaeeeee,come,0.5519490838050842,0.167020083963871,0.3528011471033096,/content/outputs/inference/answersheet/model_finetune_1000_results/res_1857f69000a75288f2710977b296bf58_jpg_12.pkl
234,262,371,278,234,262,369,262,369,276,234,276,enrfiaaae,from,0.6341425776481628,0.15372131516536078,0.442536461353302,/content/outputs/inference/answersheet/model_finetune_1000_results/res_1857f69000a75288f2710977b296bf58_jpg_13.pkl
