345,29,412,42,345,29,411,29,411,41,345,41,esedaaaaeeeae,from,0.7341090440750122,0.13007888771020448,0.5419078588485717,/content/outputs/inference/answersheet/model_finetune_1000_results/res_836c882c8ca2dd0e1f820d3a97f4758f_jpg_0.pkl
347,21,409,32,347,21,408,21,408,31,347,31,falnllaaeee,sale,0.6743829846382141,0.17222048003565182,0.48152014911174773,/content/outputs/inference/answersheet/model_finetune_1000_results/res_836c882c8ca2dd0e1f820d3a97f4758f_jpg_1.pkl
330,87,408,98,332,87,407,87,407,97,332,97,steeeeeaeeee,from,0.5887864828109741,0.15035106179614863,0.5659084185957909,/content/outputs/inference/answersheet/model_finetune_1000_results/res_836c882c8ca2dd0e1f820d3a97f4758f_jpg_2.pkl
312,8,355,21,312,8,354,8,354,20,312,20,ehthhe,the,0.6262731552124023,0.18342501670122147,0.5341938808560371,/content/outputs/inference/answersheet/model_finetune_1000_results/res_836c882c8ca2dd0e1f820d3a97f4758f_jpg_3.pkl
318,64,367,76,320,64,366,64,366,75,320,75,aahneeeeeaeaee,from,0.6295685768127441,0.21889711597136088,0.6078751973807812,/content/outputs/inference/answersheet/model_finetune_1000_results/res_836c882c8ca2dd0e1f820d3a97f4758f_jpg_4.pkl
309,9,393,19,313,9,392,9,392,18,313,18,tthhheeetttlttee,the,0.6613698601722717,0.16041845921427011,0.4852032847702503,/content/outputs/inference/answersheet/model_finetune_1000_results/res_836c882c8ca2dd0e1f820d3a97f4758f_jpg_5.pkl
128,21,156,32,128,21,155,21,155,31,128,31,ttttttttttte,teat,0.5736024379730225,0.5001241266727448,0.5567210882902145,/content/outputs/inference/answersheet/model_finetune_1000_results/res_836c882c8ca2dd0e1f820d3a97f4758f_jpg_6.pkl
374,63,412,74,374,63,411,63,411,73,374,73,ttttt,for,0.6068553924560547,0.2231702148914337,0.6074598729610443,/content/outputs/inference/answersheet/model_finetune_1000_results/res_836c882c8ca2dd0e1f820d3a97f4758f_jpg_7.pkl
317,98,380,110,319,98,376,98,376,108,319,108,aaaeeeaaoy,grepers,0.5528920888900757,0.24134915918111802,0.4405681686475873,/content/outputs/inference/answersheet/model_finetune_1000_results/res_836c882c8ca2dd0e1f820d3a97f4758f_jpg_8.pkl
315,41,344,53,315,41,343,41,343,52,315,52,aalaee,are,0.7422212958335876,0.22257486482461294,0.567274883389473,/content/outputs/inference/answersheet/model_finetune_1000_results/res_836c882c8ca2dd0e1f820d3a97f4758f_jpg_9.pkl
