193,355,254,367,193,355,252,355,252,365,193,365,gateeddaalayy,coffee,0.8829192519187927,0.1909715304007897,0.5025819625173297,/content/outputs/inference/answersheet/model_finetune_1000_results/res_DM21379_pdf_4_jpg_0.pkl
208,258,264,272,208,258,263,258,263,271,208,271,aaasess,from,0.7922201752662659,0.21718786018235342,0.5755674853920937,/content/outputs/inference/answersheet/model_finetune_1000_results/res_DM21379_pdf_4_jpg_1.pkl
37,379,113,390,37,379,112,379,112,389,37,389,aneeeehhhne,offee,0.6809753775596619,0.21124246987429532,0.5376421151061853,/content/outputs/inference/answersheet/model_finetune_1000_results/res_DM21379_pdf_4_jpg_2.pkl
99,355,151,365,99,355,150,355,150,364,99,364,ooaaanfttttttkkeeeeedeeyy,from,0.9183830618858337,0.24744030117988586,0.5377463132143021,/content/outputs/inference/answersheet/model_finetune_1000_results/res_DM21379_pdf_4_jpg_3.pkl
44,312,81,327,44,312,80,312,80,326,44,326,ttoaa,you,0.5645741820335388,0.1313126116991043,0.699128445237875,/content/outputs/inference/answersheet/model_finetune_1000_results/res_DM21379_pdf_4_jpg_4.pkl
220,377,248,389,220,377,247,377,247,388,220,388,addbipipeae,apr,0.6096915602684021,0.1933756789023226,0.6329995170235634,/content/outputs/inference/answersheet/model_finetune_1000_results/res_DM21379_pdf_4_jpg_5.pkl
131,379,153,388,131,379,152,379,152,387,131,387,ttetaeee,the,0.6016032099723816,0.1854269839823246,0.5560268834233284,/content/outputs/inference/answersheet/model_finetune_1000_results/res_DM21379_pdf_4_jpg_6.pkl
102,261,152,271,102,261,151,261,151,270,102,270,gggad,gread,0.8205170035362244,0.19650629311800002,0.4711286276578903,/content/outputs/inference/answersheet/model_finetune_1000_results/res_DM21379_pdf_4_jpg_7.pkl
150,318,181,331,150,318,180,318,180,330,150,330,aaakkkkkkoiyiiyi,kind,0.6691627502441406,0.31472828052937984,0.4437222361564636,/content/outputs/inference/answersheet/model_finetune_1000_results/res_DM21379_pdf_4_jpg_8.pkl
126,379,196,389,129,379,195,379,195,388,129,388,ueeteeeg,from,0.5845087766647339,0.17185599263757467,0.5828799128532409,/content/outputs/inference/answersheet/model_finetune_1000_results/res_DM21379_pdf_4_jpg_9.pkl
260,303,299,317,262,303,298,303,298,316,262,316,1iaaaaeeeeede,the,0.687971293926239,0.1760637267277791,0.6410025618970394,/content/outputs/inference/answersheet/model_finetune_1000_results/res_DM21379_pdf_4_jpg_10.pkl
