47,269,68,278,47,269,67,269,67,277,47,277,ssss3s3fsaa30nnn,for,0.5856820344924927,0.16398780839517713,0.6502581685781479,/content/outputs/inference/answersheet/model_finetune_1000_results/res_a604517ac50208e5775e2391c4a0708b_jpg_0.pkl
88,122,163,135,91,122,162,122,162,134,91,134,saaeaeeey,coffeen,0.5083128213882446,0.1604735031723976,0.528157445602119,/content/outputs/inference/answersheet/model_finetune_1000_results/res_a604517ac50208e5775e2391c4a0708b_jpg_1.pkl
277,194,336,210,277,194,335,194,335,209,277,209,ssffffffff4ayae,for,0.5761666297912598,0.29339869966109594,0.5397552642971277,/content/outputs/inference/answersheet/model_finetune_1000_results/res_a604517ac50208e5775e2391c4a0708b_jpg_2.pkl
251,170,271,179,251,170,270,170,270,178,251,178,cdh0000000oooooon,do,0.6604527235031128,0.13449432525564642,0.4735574821631114,/content/outputs/inference/answersheet/model_finetune_1000_results/res_a604517ac50208e5775e2391c4a0708b_jpg_3.pkl
185,20,338,39,194,20,337,20,337,38,194,38,eahaaaane,changers,0.6587033271789551,0.18180425299538505,0.40407271020942265,/content/outputs/inference/answersheet/model_finetune_1000_results/res_a604517ac50208e5775e2391c4a0708b_jpg_4.pkl
2,3,38,17,2,3,37,3,37,16,2,16,oeee,get,0.5989211201667786,0.32900821045041084,0.6046919077634811,/content/outputs/inference/answersheet/model_finetune_1000_results/res_a604517ac50208e5775e2391c4a0708b_jpg_5.pkl
190,66,241,80,190,66,240,66,240,79,190,79,stre,sale,0.647803544998169,0.16190637275576591,0.4082303673028946,/content/outputs/inference/answersheet/model_finetune_1000_results/res_a604517ac50208e5775e2391c4a0708b_jpg_6.pkl
200,23,262,38,200,23,261,23,261,37,200,37,aahhheae,chave,0.704999566078186,0.1486133635044098,0.49698926508426666,/content/outputs/inference/answersheet/model_finetune_1000_results/res_a604517ac50208e5775e2391c4a0708b_jpg_7.pkl
77,68,103,81,77,68,102,68,102,80,77,80,td,from,0.6571661829948425,0.09725769609212875,0.663775560259819,/content/outputs/inference/answersheet/model_finetune_1000_results/res_a604517ac50208e5775e2391c4a0708b_jpg_8.pkl
54,14,132,24,56,14,131,14,131,23,56,23,eetheeeaalbeaaaad,from,0.5686372518539429,0.19421677729662726,0.5382194980978966,/content/outputs/inference/answersheet/model_finetune_1000_results/res_a604517ac50208e5775e2391c4a0708b_jpg_9.pkl
149,172,167,180,149,172,166,172,166,179,149,179,444444gggaaaaaaaaao09d093d00doo0o0000oooeoeeenneeeeeyeeyynyyyynyyyn,40,0.5464539527893066,0.14309191375748434,0.3724553684393565,/content/outputs/inference/answersheet/model_finetune_1000_results/res_a604517ac50208e5775e2391c4a0708b_jpg_10.pkl
259,305,320,319,259,305,319,305,319,318,259,318,uuutkkkkkkkkdfet,date,0.5655242800712585,0.21490544313564897,0.4789174452424049,/content/outputs/inference/answersheet/model_finetune_1000_results/res_a604517ac50208e5775e2391c4a0708b_jpg_11.pkl
121,99,166,113,123,99,165,99,165,112,123,112,haaeees,the,0.5288612246513367,0.1909814796277455,0.5233467556536198,/content/outputs/inference/answersheet/model_finetune_1000_results/res_a604517ac50208e5775e2391c4a0708b_jpg_12.pkl
208,187,223,195,208,187,222,187,222,194,208,194,tttttttdgdgddgdgdgdh,the,0.7004777193069458,0.2763437829911709,0.7411537766456604,/content/outputs/inference/answersheet/model_finetune_1000_results/res_a604517ac50208e5775e2391c4a0708b_jpg_13.pkl
100,47,119,58,100,47,118,47,118,57,100,57,taaaaaeeeeeee,the,0.6629377603530884,0.1745095058129384,0.6443770006299019,/content/outputs/inference/answersheet/model_finetune_1000_results/res_a604517ac50208e5775e2391c4a0708b_jpg_14.pkl
275,240,347,254,275,240,346,240,346,253,275,253,ttfffffotaadddee,for,0.5792427062988281,0.1858353358693421,0.4868052266538143,/content/outputs/inference/answersheet/model_finetune_1000_results/res_a604517ac50208e5775e2391c4a0708b_jpg_15.pkl
268,330,312,342,268,330,311,330,311,341,268,341,teteeeeee,you,0.5116428136825562,0.1685072663757536,0.526317685842514,/content/outputs/inference/answersheet/model_finetune_1000_results/res_a604517ac50208e5775e2391c4a0708b_jpg_16.pkl
65,46,93,58,65,46,92,46,92,57,65,57,othtttt,from,0.7682490944862366,0.16868420477424348,0.6761062055826187,/content/outputs/inference/answersheet/model_finetune_1000_results/res_a604517ac50208e5775e2391c4a0708b_jpg_17.pkl
