60,354,120,367,60,354,119,354,119,366,60,366,sepatee,shople,0.6187876462936401,0.34384029997246607,0.5702584790331977,/content/outputs/inference/answersheet/model_finetune_1000_results/res_1706f268a753acc7c8d6b2498f72af78_jpg_0.pkl
195,130,246,143,195,130,244,130,244,141,195,141,fteeayyy,from,0.6937407851219177,0.27200443018227816,0.4814970910549164,/content/outputs/inference/answersheet/model_finetune_1000_results/res_1706f268a753acc7c8d6b2498f72af78_jpg_1.pkl
57,275,114,290,57,275,113,275,113,289,57,289,saaan,ske,0.5832558870315552,0.3171427011489868,0.5422665476799011,/content/outputs/inference/answersheet/model_finetune_1000_results/res_1706f268a753acc7c8d6b2498f72af78_jpg_2.pkl
92,42,198,57,94,42,197,42,197,56,94,56,nteeteeed,nationaged,0.8121501803398132,0.27882284422715503,0.5873324586586519,/content/outputs/inference/answersheet/model_finetune_1000_results/res_1706f268a753acc7c8d6b2498f72af78_jpg_3.pkl
65,0,107,11,65,0,105,0,105,9,65,9,franlyeeeeeee,the,0.7050325274467468,0.0952074476159536,0.4548957273364067,/content/outputs/inference/answersheet/model_finetune_1000_results/res_1706f268a753acc7c8d6b2498f72af78_jpg_4.pkl
94,131,178,143,94,131,177,131,177,142,94,142,ttcnnsaeaaaeees,from,0.6647060513496399,0.14865115135908127,0.5044982761144639,/content/outputs/inference/answersheet/model_finetune_1000_results/res_1706f268a753acc7c8d6b2498f72af78_jpg_5.pkl
196,175,230,188,196,175,229,175,229,187,196,187,geddeeddd,ded,0.6380142569541931,0.32963827252388,0.615839995443821,/content/outputs/inference/answersheet/model_finetune_1000_results/res_1706f268a753acc7c8d6b2498f72af78_jpg_6.pkl
50,120,88,132,50,120,85,120,85,131,50,131,aaaaaaaeet,the,0.6686171889305115,0.16222811490297318,0.43040972761809826,/content/outputs/inference/answersheet/model_finetune_1000_results/res_1706f268a753acc7c8d6b2498f72af78_jpg_7.pkl
175,127,290,144,183,130,284,130,284,143,183,143,fffaaaooyyaaette,coffeen,0.5756304860115051,0.17202229658141732,0.4869636297225952,/content/outputs/inference/answersheet/model_finetune_1000_results/res_1706f268a753acc7c8d6b2498f72af78_jpg_8.pkl
72,11,106,22,72,11,103,11,103,21,72,21,aeaaaae,from,0.5090691447257996,0.1335026259933199,0.5303754329681396,/content/outputs/inference/answersheet/model_finetune_1000_results/res_1706f268a753acc7c8d6b2498f72af78_jpg_9.pkl
197,308,225,318,197,308,224,308,224,317,197,317,ttttttttttdd0,the,0.8425773978233337,0.31416834661593807,0.613834872841835,/content/outputs/inference/answersheet/model_finetune_1000_results/res_1706f268a753acc7c8d6b2498f72af78_jpg_10.pkl
171,331,196,342,171,331,195,331,195,341,171,341,fgggggaaa,from,0.739475667476654,0.18593254188696542,0.6246916592121124,/content/outputs/inference/answersheet/model_finetune_1000_results/res_1706f268a753acc7c8d6b2498f72af78_jpg_11.pkl
254,133,275,142,254,133,274,133,274,141,254,141,aaaaaaaaaaaaaaaaaaaaaaaaaaaaaaaaett,and,0.791098415851593,0.4181140286581857,0.6084815487265587,/content/outputs/inference/answersheet/model_finetune_1000_results/res_1706f268a753acc7c8d6b2498f72af78_jpg_12.pkl
83,155,112,165,83,155,111,155,111,164,83,164,4111t1t1aaeeee,the,0.5600171089172363,0.16313111941729272,0.5305255707353354,/content/outputs/inference/answersheet/model_finetune_1000_results/res_1706f268a753acc7c8d6b2498f72af78_jpg_13.pkl
204,372,230,380,204,372,229,372,229,379,204,379,tdd,from,0.7577431201934814,0.24683442215124765,0.6162911385297776,/content/outputs/inference/answersheet/model_finetune_1000_results/res_1706f268a753acc7c8d6b2498f72af78_jpg_14.pkl
190,232,220,246,190,232,219,232,219,245,190,245,111111eeccccoooo,100,0.6547544598579407,0.31414554081857204,0.7040798962116241,/content/outputs/inference/answersheet/model_finetune_1000_results/res_1706f268a753acc7c8d6b2498f72af78_jpg_15.pkl
288,123,316,131,288,123,313,123,313,130,288,130,yyyeatd4,you,0.6505240797996521,0.18280048482120037,0.5529575943946838,/content/outputs/inference/answersheet/model_finetune_1000_results/res_1706f268a753acc7c8d6b2498f72af78_jpg_16.pkl
245,122,275,131,245,122,274,122,274,130,245,130,ttyyyyyyyyhe,the,0.5533170700073242,0.24997566640377045,0.644451916217804,/content/outputs/inference/answersheet/model_finetune_1000_results/res_1706f268a753acc7c8d6b2498f72af78_jpg_17.pkl
331,121,351,129,331,121,350,121,350,128,331,128,aaaaaaaaaaaaoaaoaoooooddddddeereen,of,0.5599669814109802,0.21857992121401956,0.31163962185382843,/content/outputs/inference/answersheet/model_finetune_1000_results/res_1706f268a753acc7c8d6b2498f72af78_jpg_18.pkl
350,120,384,131,350,120,383,120,383,130,350,130,aaeeee,mark,0.7405644655227661,0.20799863090117773,0.39190996438264847,/content/outputs/inference/answersheet/model_finetune_1000_results/res_1706f268a753acc7c8d6b2498f72af78_jpg_19.pkl
181,119,205,128,181,119,204,119,204,127,181,127,ppppppetttddeeede,the,0.6549835801124573,0.14632154431413202,0.4762384910136461,/content/outputs/inference/answersheet/model_finetune_1000_results/res_1706f268a753acc7c8d6b2498f72af78_jpg_20.pkl
