293,140,372,152,293,140,371,140,371,151,293,151,eeeeseiesaee,resters,0.5450665354728699,0.22647288193305334,0.471693049184978,/content/outputs/inference/answersheet/model_finetune_1000_results/res_b4b886ad3e30e7ed9d7b48657f8af150_jpg_0.pkl
59,350,105,368,59,352,103,349,104,365,59,368,tgtggfyyyfffff,ske,0.6979743242263794,0.21411615290812083,0.30253206565976143,/content/outputs/inference/answersheet/model_finetune_1000_results/res_b4b886ad3e30e7ed9d7b48657f8af150_jpg_1.pkl
299,162,373,175,299,162,372,162,372,174,299,174,aaaaaieeeeae,beaders,0.54265296459198,0.1488970834761858,0.3633890952914953,/content/outputs/inference/answersheet/model_finetune_1000_results/res_b4b886ad3e30e7ed9d7b48657f8af150_jpg_2.pkl
120,31,191,43,124,31,190,31,190,42,124,42,aaaaeaaaaatttee,from,0.654075026512146,0.22104666978120804,0.4017328083515167,/content/outputs/inference/answersheet/model_finetune_1000_results/res_b4b886ad3e30e7ed9d7b48657f8af150_jpg_3.pkl
31,122,72,137,35,124,71,124,71,136,35,136,ssenneeee,re,0.6588512063026428,0.22122391230530208,0.38368742043773335,/content/outputs/inference/answersheet/model_finetune_1000_results/res_b4b886ad3e30e7ed9d7b48657f8af150_jpg_4.pkl
77,21,109,34,77,21,108,21,108,33,77,33,battaaaaaaaopppd,from,0.5876851081848145,0.2372834957204759,0.6514042347669602,/content/outputs/inference/answersheet/model_finetune_1000_results/res_b4b886ad3e30e7ed9d7b48657f8af150_jpg_5.pkl
91,144,115,154,91,144,114,144,114,153,91,153,thht,from,0.5493970513343811,0.12747300788760185,0.620278513431549,/content/outputs/inference/answersheet/model_finetune_1000_results/res_b4b886ad3e30e7ed9d7b48657f8af150_jpg_6.pkl
62,371,83,382,62,371,82,371,82,381,62,381,tteeeeaaa,can,0.6378189921379089,0.3007839106851154,0.5608898475766182,/content/outputs/inference/answersheet/model_finetune_1000_results/res_b4b886ad3e30e7ed9d7b48657f8af150_jpg_7.pkl
77,123,117,133,77,123,116,123,116,132,77,132,aaaaaaaafaehbahbe,from,0.712268590927124,0.1754434297189993,0.5340819373726845,/content/outputs/inference/answersheet/model_finetune_1000_results/res_b4b886ad3e30e7ed9d7b48657f8af150_jpg_8.pkl
118,235,143,248,118,235,142,235,142,247,118,247,daaaaadnndddddddd,and,0.6241045594215393,0.17691805038382025,0.6495493799448013,/content/outputs/inference/answersheet/model_finetune_1000_results/res_b4b886ad3e30e7ed9d7b48657f8af150_jpg_9.pkl
208,96,264,106,208,96,263,96,263,105,208,105,aetsteee,stare,0.5223348140716553,0.2307929527014494,0.36750009407599765,/content/outputs/inference/answersheet/model_finetune_1000_results/res_b4b886ad3e30e7ed9d7b48657f8af150_jpg_10.pkl
268,230,296,246,268,230,295,230,295,245,268,245,tadddd,and,0.5646847486495972,0.2331473963956038,0.7046047747135162,/content/outputs/inference/answersheet/model_finetune_1000_results/res_b4b886ad3e30e7ed9d7b48657f8af150_jpg_11.pkl
270,336,298,349,270,336,297,336,297,348,270,348,fftffteaaeee,from,0.7749139070510864,0.24136031543215117,0.6698276966810226,/content/outputs/inference/answersheet/model_finetune_1000_results/res_b4b886ad3e30e7ed9d7b48657f8af150_jpg_12.pkl
272,164,297,174,272,164,296,164,296,173,272,173,eeeeee,the,0.6291301846504211,0.15574204673369726,0.5169798471033573,/content/outputs/inference/answersheet/model_finetune_1000_results/res_b4b886ad3e30e7ed9d7b48657f8af150_jpg_13.pkl
77,164,109,177,77,164,108,164,108,176,77,176,attannnes,the,0.7732453346252441,0.2317107261882888,0.49701640382409096,/content/outputs/inference/answersheet/model_finetune_1000_results/res_b4b886ad3e30e7ed9d7b48657f8af150_jpg_14.pkl
149,98,180,108,149,98,179,98,179,107,149,107,ttotttttteeeeeeesse,the,0.7222740054130554,0.2579900265524262,0.5463459566235542,/content/outputs/inference/answersheet/model_finetune_1000_results/res_b4b886ad3e30e7ed9d7b48657f8af150_jpg_15.pkl
223,138,375,153,232,140,374,140,374,152,232,152,ekoeise,coffeen,0.5890426635742188,0.15988348850182124,0.5233500264585018,/content/outputs/inference/answersheet/model_finetune_1000_results/res_b4b886ad3e30e7ed9d7b48657f8af150_jpg_16.pkl
